 # iter=         10  time[s]=   7.232547E-07  x[nm]  flux[1/s]
    0.0000000000E+00    3.9304042152E+07
    5.0000000000E+00    3.9139099561E+07
    1.0000000000E+01    3.8852529271E+07
    1.5000000000E+01    3.8489506165E+07
    2.0000000000E+01    3.8036724945E+07
    2.5000000000E+01    3.7455869393E+07
    3.0000000000E+01    3.6746091196E+07
    3.5000000000E+01    3.5833237726E+07
    4.0000000000E+01    3.4622650917E+07
    4.5000000000E+01    3.3081517298E+07
    5.0000000000E+01    3.1088974047E+07
    5.5000000000E+01    2.8251234301E+07
    6.0000000000E+01    2.4783255119E+07
    6.5000000000E+01    2.0912576173E+07
    7.0000000000E+01    1.7631931972E+07
    7.5000000000E+01    1.5056321829E+07
    8.0000000000E+01    1.3038503167E+07
    8.5000000000E+01    1.1695411984E+07
    9.0000000000E+01    1.0963284758E+07
