 # iter=         22  time[s]=   5.084304E-06  x[nm]  flux[1/s]
    0.0000000000E+00    2.8862411851E+07
    5.0000000000E+00    2.8860588413E+07
    1.0000000000E+01    2.8857347795E+07
    1.5000000000E+01    2.8853023542E+07
    2.0000000000E+01    2.8847987033E+07
    2.5000000000E+01    2.8842177736E+07
    3.0000000000E+01    2.8835237382E+07
    3.5000000000E+01    2.8827145284E+07
    4.0000000000E+01    2.8817926847E+07
    4.5000000000E+01    2.8807069606E+07
    5.0000000000E+01    2.8793799660E+07
    5.5000000000E+01    2.8777844674E+07
    6.0000000000E+01    2.8759236849E+07
    6.5000000000E+01    2.8736151065E+07
    7.0000000000E+01    2.8705663718E+07
    7.5000000000E+01    2.8669648541E+07
    8.0000000000E+01    2.8631770490E+07
    8.5000000000E+01    2.8604080788E+07
    9.0000000000E+01    2.8589768195E+07
