 # iter=          4  time[s]=   1.950916E-07  x[nm]  flux[1/s]
    0.0000000000E+00    4.8628996326E+07
    5.0000000000E+00    4.8071518672E+07
    1.0000000000E+01    4.7169243035E+07
    1.5000000000E+01    4.6035056828E+07
    2.0000000000E+01    4.4554620905E+07
    2.5000000000E+01    4.2756388668E+07
    3.0000000000E+01    4.0455407519E+07
    3.5000000000E+01    3.7579698823E+07
    4.0000000000E+01    3.4325750071E+07
    4.5000000000E+01    3.0036097258E+07
    5.0000000000E+01    2.5595569052E+07
    5.5000000000E+01    2.1230188196E+07
    6.0000000000E+01    1.7716226112E+07
    6.5000000000E+01    1.5008594879E+07
    7.0000000000E+01    1.2688378856E+07
    7.5000000000E+01    1.0524956252E+07
    8.0000000000E+01    8.6838121113E+06
    8.5000000000E+01    7.1957983849E+06
    9.0000000000E+01    6.3282655347E+06
