 # iter=         16  time[s]=   1.447368E-06  x[nm]  flux[1/s]
    0.0000000000E+00    3.4111544175E+07
    5.0000000000E+00    3.4026814220E+07
    1.0000000000E+01    3.3876914656E+07
    1.5000000000E+01    3.3682892915E+07
    2.0000000000E+01    3.3450673123E+07
    2.5000000000E+01    3.3161939169E+07
    3.0000000000E+01    3.2808581191E+07
    3.5000000000E+01    3.2387048302E+07
    4.0000000000E+01    3.1859527048E+07
    4.5000000000E+01    3.1180641201E+07
    5.0000000000E+01    3.0332227003E+07
    5.5000000000E+01    2.9310473454E+07
    6.0000000000E+01    2.7806703349E+07
    6.5000000000E+01    2.5965355178E+07
    7.0000000000E+01    2.3697136322E+07
    7.5000000000E+01    2.1531740948E+07
    8.0000000000E+01    1.9842196883E+07
    8.5000000000E+01    1.8614730010E+07
    9.0000000000E+01    1.7963278530E+07
