 # iter=         21  time[s]=   2.992380E-06  x[nm]  flux[1/s]
    0.0000000000E+00    2.9826239568E+07
    5.0000000000E+00    2.9806088408E+07
    1.0000000000E+01    2.9770284899E+07
    1.5000000000E+01    2.9722767146E+07
    2.0000000000E+01    2.9667176281E+07
    2.5000000000E+01    2.9602220424E+07
    3.0000000000E+01    2.9523696141E+07
    3.5000000000E+01    2.9431941799E+07
    4.0000000000E+01    2.9325915874E+07
    4.5000000000E+01    2.9198217371E+07
    5.0000000000E+01    2.9040313771E+07
    5.5000000000E+01    2.8849527107E+07
    6.0000000000E+01    2.8626985125E+07
    6.5000000000E+01    2.8324506682E+07
    7.0000000000E+01    2.7947660743E+07
    7.5000000000E+01    2.7489347309E+07
    8.0000000000E+01    2.7043678432E+07
    8.5000000000E+01    2.6720439922E+07
    9.0000000000E+01    2.6554860673E+07
