 # iter=         15  time[s]=   1.297258E-06  x[nm]  flux[1/s]
    0.0000000000E+00    3.4926983452E+07
    5.0000000000E+00    3.4831482119E+07
    1.0000000000E+01    3.4662816583E+07
    1.5000000000E+01    3.4445358979E+07
    2.0000000000E+01    3.4183597390E+07
    2.5000000000E+01    3.3854899144E+07
    3.0000000000E+01    3.3452939869E+07
    3.5000000000E+01    3.2968496609E+07
    4.0000000000E+01    3.2351232083E+07
    4.5000000000E+01    3.1554259224E+07
    5.0000000000E+01    3.0558204987E+07
    5.5000000000E+01    2.9320626113E+07
    6.0000000000E+01    2.7519168420E+07
    6.5000000000E+01    2.5337840117E+07
    7.0000000000E+01    2.2723601352E+07
    7.5000000000E+01    2.0380223636E+07
    8.0000000000E+01    1.8565729401E+07
    8.5000000000E+01    1.7253996297E+07
    9.0000000000E+01    1.6554616594E+07
