 # iter=         20  time[s]=   2.428623E-06  x[nm]  flux[1/s]
    0.0000000000E+00    3.0740143008E+07
    5.0000000000E+00    3.0704313939E+07
    1.0000000000E+01    3.0640673006E+07
    1.5000000000E+01    3.0556689296E+07
    2.0000000000E+01    3.0458027380E+07
    2.5000000000E+01    3.0341288326E+07
    3.0000000000E+01    3.0199085555E+07
    3.5000000000E+01    3.0032761031E+07
    4.0000000000E+01    2.9837572231E+07
    4.5000000000E+01    2.9597514177E+07
    5.0000000000E+01    2.9299184517E+07
    5.5000000000E+01    2.8938155522E+07
    6.0000000000E+01    2.8515024770E+07
    6.5000000000E+01    2.7909412471E+07
    7.0000000000E+01    2.7181430603E+07
    7.5000000000E+01    2.6296889864E+07
    8.0000000000E+01    2.5496204045E+07
    8.5000000000E+01    2.4917622240E+07
    9.0000000000E+01    2.4621891489E+07
