 # iter=         11  time[s]=   8.226999E-07  x[nm]  flux[1/s]
    0.0000000000E+00    3.8351719293E+07
    5.0000000000E+00    3.8204143781E+07
    1.0000000000E+01    3.7946539325E+07
    1.5000000000E+01    3.7619132102E+07
    2.0000000000E+01    3.7214226707E+07
    2.5000000000E+01    3.6694860122E+07
    3.0000000000E+01    3.6061655843E+07
    3.5000000000E+01    3.5259359453E+07
    4.0000000000E+01    3.4196659802E+07
    4.5000000000E+01    3.2836408230E+07
    5.0000000000E+01    3.1152545029E+07
    5.5000000000E+01    2.8642644714E+07
    6.0000000000E+01    2.5583645571E+07
    6.5000000000E+01    2.1935692925E+07
    7.0000000000E+01    1.8659832257E+07
    7.5000000000E+01    1.6061356055E+07
    8.0000000000E+01    1.4020021397E+07
    8.5000000000E+01    1.2644638061E+07
    9.0000000000E+01    1.1897156613E+07
