 # iter=          6  time[s]=   3.635263E-07  x[nm]  flux[1/s]
    0.0000000000E+00    4.4254198186E+07
    5.0000000000E+00    4.3943934257E+07
    1.0000000000E+01    4.3422620476E+07
    1.5000000000E+01    4.2767888884E+07
    2.0000000000E+01    4.1917740083E+07
    2.5000000000E+01    4.0858175264E+07
    3.0000000000E+01    3.9525835172E+07
    3.5000000000E+01    3.7756291249E+07
    4.0000000000E+01    3.5520151948E+07
    4.5000000000E+01    3.2745228187E+07
    5.0000000000E+01    2.8941881319E+07
    5.5000000000E+01    2.4593680520E+07
    6.0000000000E+01    2.0157039768E+07
    6.5000000000E+01    1.6611896352E+07
    7.0000000000E+01    1.3861015757E+07
    7.5000000000E+01    1.1600599623E+07
    8.0000000000E+01    9.8471030954E+06
    8.5000000000E+01    8.5733544114E+06
    9.0000000000E+01    7.8592574086E+06
