 # iter=         19  time[s]=   2.082367E-06  x[nm]  flux[1/s]
    0.0000000000E+00    3.1612655845E+07
    5.0000000000E+00    3.1563268338E+07
    1.0000000000E+01    3.1475574173E+07
    1.5000000000E+01    3.1360434414E+07
    2.0000000000E+01    3.1224541085E+07
    2.5000000000E+01    3.1061618390E+07
    3.0000000000E+01    3.0862171970E+07
    3.5000000000E+01    3.0628190359E+07
    4.0000000000E+01    3.0349032023E+07
    4.5000000000E+01    2.9999314187E+07
    5.0000000000E+01    2.9562889044E+07
    5.5000000000E+01    2.9034033556E+07
    6.0000000000E+01    2.8389945375E+07
    6.5000000000E+01    2.7477095079E+07
    7.0000000000E+01    2.6391701150E+07
    7.5000000000E+01    2.5108871331E+07
    8.0000000000E+01    2.4012533210E+07
    8.5000000000E+01    2.3220018168E+07
    9.0000000000E+01    2.2812953716E+07
