 # iter=         12  time[s]=   9.270985E-07  x[nm]  flux[1/s]
    0.0000000000E+00    3.7457099748E+07
    5.0000000000E+00    3.7324226279E+07
    1.0000000000E+01    3.7091489603E+07
    1.5000000000E+01    3.6794865878E+07
    2.0000000000E+01    3.6431089451E+07
    2.5000000000E+01    3.5966066252E+07
    3.0000000000E+01    3.5400208380E+07
    3.5000000000E+01    3.4693917292E+07
    4.0000000000E+01    3.3764235121E+07
    4.5000000000E+01    3.2571214488E+07
    5.0000000000E+01    3.1112111287E+07
    5.5000000000E+01    2.8939718212E+07
    6.0000000000E+01    2.6234848119E+07
    6.5000000000E+01    2.2893487256E+07
    7.0000000000E+01    1.9677891682E+07
    7.5000000000E+01    1.7088417020E+07
    8.0000000000E+01    1.5059447193E+07
    8.5000000000E+01    1.3664045403E+07
    9.0000000000E+01    1.2909436144E+07
