 # iter=         14  time[s]=   1.163638E-06  x[nm]  flux[1/s]
    0.0000000000E+00    3.5743383305E+07
    5.0000000000E+00    3.5636733585E+07
    1.0000000000E+01    3.5448851767E+07
    1.5000000000E+01    3.5207667892E+07
    2.0000000000E+01    3.4915817976E+07
    2.5000000000E+01    3.4546676759E+07
    3.0000000000E+01    3.4096385983E+07
    3.5000000000E+01    3.3547860931E+07
    4.0000000000E+01    3.2838862309E+07
    4.5000000000E+01    3.1923181628E+07
    5.0000000000E+01    3.0781932840E+07
    5.5000000000E+01    2.9276748990E+07
    6.0000000000E+01    2.7191779886E+07
    6.5000000000E+01    2.4631767431E+07
    7.0000000000E+01    2.1731041183E+07
    7.5000000000E+01    1.9258762214E+07
    8.0000000000E+01    1.7349470898E+07
    8.5000000000E+01    1.5982949868E+07
    9.0000000000E+01    1.5251307813E+07
