 # iter=          5  time[s]=   2.775902E-07  x[nm]  flux[1/s]
    0.0000000000E+00    4.6158639808E+07
    5.0000000000E+00    4.5756979541E+07
    1.0000000000E+01    4.5093102424E+07
    1.5000000000E+01    4.4260165896E+07
    2.0000000000E+01    4.3173147375E+07
    2.5000000000E+01    4.1836837675E+07
    3.0000000000E+01    4.0141134295E+07
    3.5000000000E+01    3.7931694704E+07
    4.0000000000E+01    3.5251776516E+07
    4.5000000000E+01    3.1734530495E+07
    5.0000000000E+01    2.7529194554E+07
    5.5000000000E+01    2.2954541878E+07
    6.0000000000E+01    1.8840717172E+07
    6.5000000000E+01    1.5680800511E+07
    7.0000000000E+01    1.3160647020E+07
    7.5000000000E+01    1.0981767841E+07
    8.0000000000E+01    9.2288071562E+06
    8.5000000000E+01    7.8820869500E+06
    9.0000000000E+01    7.1100955759E+06
