 # iter=         18  time[s]=   1.827262E-06  x[nm]  mu[J/mol]
    2.5000000000E+00   -3.9748000000E+04
    7.5000000000E+00   -4.0123799142E+04
    1.2500000000E+01   -4.0513415470E+04
    1.7500000000E+01   -4.0917333573E+04
    2.2500000000E+01   -4.1336973183E+04
    2.7500000000E+01   -4.1773758800E+04
    3.2500000000E+01   -4.2228931944E+04
    3.7500000000E+01   -4.2704354205E+04
    4.2500000000E+01   -4.3204168117E+04
    4.7500000000E+01   -4.3736427496E+04
    5.2500000000E+01   -4.4314024518E+04
    5.7500000000E+01   -4.4953211926E+04
    6.2500000000E+01   -4.5668601206E+04
    6.7500000000E+01   -4.6459741250E+04
    7.2500000000E+01   -4.7315988392E+04
    7.7500000000E+01   -4.8264622389E+04
    8.2500000000E+01   -4.9298893608E+04
    8.7500000000E+01   -5.0402574983E+04
    9.2500000000E+01   -5.1800776058E+04
    9.7500000000E+01   -5.4392000000E+04
