 # iter=          8  time[s]=   5.353984E-07  x[nm]  mu[J/mol]
    2.5000000000E+00   -3.9748000000E+04
    7.5000000000E+00   -4.0230894339E+04
    1.2500000000E+01   -4.0735485122E+04
    1.7500000000E+01   -4.1262384592E+04
    2.2500000000E+01   -4.1813698139E+04
    2.7500000000E+01   -4.2390789219E+04
    3.2500000000E+01   -4.2996504710E+04
    3.7500000000E+01   -4.3639689623E+04
    4.2500000000E+01   -4.4336496723E+04
    4.7500000000E+01   -4.5106372589E+04
    5.2500000000E+01   -4.5959414916E+04
    5.7500000000E+01   -4.6857828202E+04
    6.2500000000E+01   -4.7773305106E+04
    6.7500000000E+01   -4.8683428240E+04
    7.2500000000E+01   -4.9528169894E+04
    7.7500000000E+01   -5.0294051000E+04
    8.2500000000E+01   -5.1050704720E+04
    8.7500000000E+01   -5.1878537193E+04
    9.2500000000E+01   -5.2887078714E+04
    9.7500000000E+01   -5.4392000000E+04
