 # iter=          9  time[s]=   6.287250E-07  x[nm]  mu[J/mol]
    2.5000000000E+00   -3.9748000000E+04
    7.5000000000E+00   -4.0217045086E+04
    1.2500000000E+01   -4.0706735085E+04
    1.7500000000E+01   -4.1217707459E+04
    2.2500000000E+01   -4.1752041206E+04
    2.7500000000E+01   -4.2311187551E+04
    3.2500000000E+01   -4.2897539682E+04
    3.7500000000E+01   -4.3518525705E+04
    4.2500000000E+01   -4.4188671694E+04
    4.7500000000E+01   -4.4927143340E+04
    5.2500000000E+01   -4.5747333053E+04
    5.7500000000E+01   -4.6627352974E+04
    6.2500000000E+01   -4.7532354733E+04
    6.7500000000E+01   -4.8449532758E+04
    7.2500000000E+01   -4.9324426202E+04
    7.7500000000E+01   -5.0120479026E+04
    8.2500000000E+01   -5.0897521307E+04
    8.7500000000E+01   -5.1746728480E+04
    9.2500000000E+01   -5.2794551435E+04
    9.7500000000E+01   -5.4392000000E+04
