 # iter=         20  time[s]=   2.428623E-06  x[nm]  mu[J/mol]
    2.5000000000E+00   -3.9748000000E+04
    7.5000000000E+00   -4.0103594516E+04
    1.2500000000E+01   -4.0471779169E+04
    1.7500000000E+01   -4.0853087388E+04
    2.2500000000E+01   -4.1248864757E+04
    2.7500000000E+01   -4.1660539320E+04
    3.2500000000E+01   -4.2089419700E+04
    3.7500000000E+01   -4.2537142831E+04
    4.2500000000E+01   -4.3006912610E+04
    4.7500000000E+01   -4.3504908661E+04
    5.2500000000E+01   -4.4041889757E+04
    5.7500000000E+01   -4.4633240731E+04
    6.2500000000E+01   -4.5296379971E+04
    6.7500000000E+01   -4.6045617261E+04
    7.2500000000E+01   -4.6875926921E+04
    7.7500000000E+01   -4.7805031557E+04
    8.2500000000E+01   -4.8873482522E+04
    8.7500000000E+01   -5.0057617859E+04
    9.2500000000E+01   -5.1550220028E+04
    9.7500000000E+01   -5.4392000000E+04
