 # iter=          1  time[s]=   1.154208E-08  x[nm]  mu[J/mol]
    2.5000000000E+00   -3.9748000000E+04
    7.5000000000E+00   -4.0482553143E+04
    1.2500000000E+01   -4.1235538040E+04
    1.7500000000E+01   -4.1998465645E+04
    2.2500000000E+01   -4.2763859446E+04
    2.7500000000E+01   -4.3531127133E+04
    3.2500000000E+01   -4.4303954700E+04
    3.7500000000E+01   -4.5084721902E+04
    4.2500000000E+01   -4.5875785164E+04
    4.7500000000E+01   -4.6658525021E+04
    5.2500000000E+01   -4.7432070131E+04
    5.7500000000E+01   -4.8207905366E+04
    6.2500000000E+01   -4.8985605117E+04
    6.7500000000E+01   -4.9754436507E+04
    7.2500000000E+01   -5.0515330604E+04
    7.7500000000E+01   -5.1279534804E+04
    8.2500000000E+01   -5.2049051641E+04
    8.7500000000E+01   -5.2819390504E+04
    9.2500000000E+01   -5.3591333037E+04
    9.7500000000E+01   -5.4392000000E+04
