 # iter=          5  time[s]=   2.775902E-07  x[nm]  mu[J/mol]
    2.5000000000E+00   -3.9748000000E+04
    7.5000000000E+00   -4.0286640646E+04
    1.2500000000E+01   -4.0850859843E+04
    1.7500000000E+01   -4.1440746320E+04
    2.2500000000E+01   -4.2057956093E+04
    2.7500000000E+01   -4.2703096087E+04
    3.2500000000E+01   -4.3381451858E+04
    3.7500000000E+01   -4.4106913693E+04
    4.2500000000E+01   -4.4898145422E+04
    4.7500000000E+01   -4.5765798205E+04
    5.2500000000E+01   -4.6674653193E+04
    5.7500000000E+01   -4.7581375907E+04
    6.2500000000E+01   -4.8471970657E+04
    6.7500000000E+01   -4.9304116094E+04
    7.2500000000E+01   -5.0051189976E+04
    7.7500000000E+01   -5.0757794803E+04
    8.2500000000E+01   -5.1479407615E+04
    8.7500000000E+01   -5.2258967828E+04
    9.2500000000E+01   -5.3159112308E+04
    9.7500000000E+01   -5.4392000000E+04
