 # iter=         13  time[s]=   1.041479E-06  x[nm]  mu[J/mol]
    2.5000000000E+00   -3.9748000000E+04
    7.5000000000E+00   -4.0172559540E+04
    1.2500000000E+01   -4.0614348521E+04
    1.7500000000E+01   -4.1073918399E+04
    2.2500000000E+01   -4.1553043715E+04
    2.7500000000E+01   -4.2053204400E+04
    3.2500000000E+01   -4.2575851984E+04
    3.7500000000E+01   -4.3124768273E+04
    4.2500000000E+01   -4.3708533707E+04
    4.7500000000E+01   -4.4341430438E+04
    5.2500000000E+01   -4.5040747144E+04
    5.7500000000E+01   -4.5818518306E+04
    6.2500000000E+01   -4.6656583460E+04
    6.7500000000E+01   -4.7533221547E+04
    7.2500000000E+01   -4.8450777243E+04
    7.7500000000E+01   -4.9364592780E+04
    8.2500000000E+01   -5.0243912460E+04
    8.7500000000E+01   -5.1187369551E+04
    9.2500000000E+01   -5.2391328160E+04
    9.7500000000E+01   -5.4392000000E+04
