 # iter=         22  time[s]=   5.084304E-06  x[nm]  mu[J/mol]
    2.5000000000E+00   -3.9748000000E+04
    7.5000000000E+00   -4.0081511191E+04
    1.2500000000E+01   -4.0426449538E+04
    1.7500000000E+01   -4.0783496096E+04
    2.2500000000E+01   -4.1154013700E+04
    2.7500000000E+01   -4.1539488725E+04
    3.2500000000E+01   -4.1941362460E+04
    3.7500000000E+01   -4.2361296355E+04
    4.2500000000E+01   -4.2801967426E+04
    4.7500000000E+01   -4.3268234493E+04
    5.2500000000E+01   -4.3768818355E+04
    5.7500000000E+01   -4.4317616945E+04
    6.2500000000E+01   -4.4933164147E+04
    6.7500000000E+01   -4.5635492412E+04
    7.2500000000E+01   -4.6436816839E+04
    7.7500000000E+01   -4.7347218868E+04
    8.2500000000E+01   -4.8428503692E+04
    8.7500000000E+01   -4.9693939374E+04
    9.2500000000E+01   -5.1296697331E+04
    9.7500000000E+01   -5.4392000000E+04
