 # iter=         19  time[s]=   2.082367E-06  x[nm]  mu[J/mol]
    2.5000000000E+00   -3.9748000000E+04
    7.5000000000E+00   -4.0113871214E+04
    1.2500000000E+01   -4.0492939188E+04
    1.7500000000E+01   -4.0885703605E+04
    2.2500000000E+01   -4.1293538484E+04
    2.7500000000E+01   -4.1717864692E+04
    3.2500000000E+01   -4.2159948187E+04
    3.7500000000E+01   -4.2621501899E+04
    4.2500000000E+01   -4.3106145166E+04
    4.7500000000E+01   -4.3620925039E+04
    5.2500000000E+01   -4.4177646790E+04
    5.7500000000E+01   -4.4792215719E+04
    6.2500000000E+01   -4.5480818780E+04
    6.7500000000E+01   -4.6252020610E+04
    7.2500000000E+01   -4.7095600858E+04
    7.7500000000E+01   -4.8035281780E+04
    8.2500000000E+01   -4.9089607223E+04
    8.7500000000E+01   -5.0232649138E+04
    9.2500000000E+01   -5.1675961224E+04
    9.7500000000E+01   -5.4392000000E+04
