 # iter=         17  time[s]=   1.621866E-06  x[nm]  mu[J/mol]
    2.5000000000E+00   -3.9748000000E+04
    7.5000000000E+00   -4.0133573681E+04
    1.2500000000E+01   -4.0533600527E+04
    1.7500000000E+01   -4.0948559812E+04
    2.2500000000E+01   -4.1379925957E+04
    2.7500000000E+01   -4.1829129007E+04
    3.2500000000E+01   -4.2297398187E+04
    3.7500000000E+01   -4.2786810800E+04
    4.2500000000E+01   -4.3302133343E+04
    4.7500000000E+01   -4.3852528141E+04
    5.2500000000E+01   -4.4451968494E+04
    5.7500000000E+01   -4.5116760917E+04
    6.2500000000E+01   -4.5859584082E+04
    6.7500000000E+01   -4.6669716015E+04
    7.2500000000E+01   -4.7539769169E+04
    7.7500000000E+01   -4.8493403400E+04
    8.2500000000E+01   -4.9501587609E+04
    8.7500000000E+01   -5.0568125910E+04
    9.2500000000E+01   -5.1924586808E+04
    9.7500000000E+01   -5.4392000000E+04
