 # iter=         21  time[s]=   2.992380E-06  x[nm]  mu[J/mol]
    2.5000000000E+00   -3.9748000000E+04
    7.5000000000E+00   -4.0092840766E+04
    1.2500000000E+01   -4.0449680952E+04
    1.7500000000E+01   -4.0819112663E+04
    2.2500000000E+01   -4.1202475667E+04
    2.7500000000E+01   -4.1601218659E+04
    3.2500000000E+01   -4.2016708856E+04
    3.7500000000E+01   -4.2450568506E+04
    4.2500000000E+01   -4.2905685907E+04
    4.7500000000E+01   -4.3387512336E+04
    5.2500000000E+01   -4.3905770409E+04
    5.7500000000E+01   -4.4475153711E+04
    6.2500000000E+01   -4.5113851343E+04
    6.7500000000E+01   -4.5839483732E+04
    7.2500000000E+01   -4.6655331793E+04
    7.7500000000E+01   -4.7573928338E+04
    8.2500000000E+01   -4.8651043503E+04
    8.7500000000E+01   -4.9876785787E+04
    9.2500000000E+01   -5.1423010417E+04
    9.7500000000E+01   -5.4392000000E+04
