 # iter=         16  time[s]=   1.447368E-06  x[nm]  mu[J/mol]
    2.5000000000E+00   -3.9748000000E+04
    7.5000000000E+00   -4.0143357719E+04
    1.2500000000E+01   -4.0553832641E+04
    1.7500000000E+01   -4.0979910261E+04
    2.2500000000E+01   -4.1423129602E+04
    2.7500000000E+01   -4.1884928223E+04
    3.2500000000E+01   -4.2366542807E+04
    3.7500000000E+01   -4.2870338535E+04
    4.2500000000E+01   -4.3401820339E+04
    4.7500000000E+01   -4.3971335058E+04
    5.2500000000E+01   -4.4593873032E+04
    5.7500000000E+01   -4.5285301750E+04
    6.2500000000E+01   -4.6055138966E+04
    6.7500000000E+01   -4.6883469465E+04
    7.2500000000E+01   -4.7768198554E+04
    7.7500000000E+01   -4.8721272903E+04
    8.2500000000E+01   -4.9698498594E+04
    8.7500000000E+01   -5.0730257000E+04
    9.2500000000E+01   -5.2047108740E+04
    9.7500000000E+01   -5.4392000000E+04
