 # iter=          9  time[s]=   6.287250E-07  x[nm]  M[s/kg/m]
    2.5000000000E+00    1.5728603363E+19
    7.5000000000E+00    1.5651255723E+19
    1.2500000000E+01    1.5500508311E+19
    1.7500000000E+01    1.5205096436E+19
    2.2500000000E+01    1.4821042958E+19
    2.7500000000E+01    1.4416558399E+19
    3.2500000000E+01    1.3929012385E+19
    3.7500000000E+01    1.3250656658E+19
    4.2500000000E+01    1.2304163067E+19
    4.7500000000E+01    1.1207740778E+19
    5.2500000000E+01    1.0256659433E+19
    5.7500000000E+01    1.0014227876E+19
    6.2500000000E+01    9.9780609065E+18
    6.7500000000E+01    9.9812492068E+18
    7.2500000000E+01    1.1274023695E+19
    7.7500000000E+01    1.2924582933E+19
    8.2500000000E+01    1.3490619394E+19
    8.7500000000E+01    1.3505153177E+19
    9.2500000000E+01    1.3487693847E+19
    9.7500000000E+01    1.3280478980E+19
