 # iter=         21  time[s]=   2.992380E-06  x[nm]  M[s/kg/m]
    2.5000000000E+00    1.5728603363E+19
    7.5000000000E+00    1.5674424052E+19
    1.2500000000E+01    1.5596387783E+19
    1.7500000000E+01    1.5446213684E+19
    2.2500000000E+01    1.5215382416E+19
    2.7500000000E+01    1.4931436848E+19
    3.2500000000E+01    1.4630781673E+19
    3.7500000000E+01    1.4310269770E+19
    4.2500000000E+01    1.3921358955E+19
    4.7500000000E+01    1.3411496925E+19
    5.2500000000E+01    1.2722449030E+19
    5.7500000000E+01    1.1870968476E+19
    6.2500000000E+01    1.0953918275E+19
    6.7500000000E+01    1.0183571512E+19
    7.2500000000E+01    1.0016303198E+19
    7.7500000000E+01    9.9681080098E+18
    8.2500000000E+01    1.0148193476E+19
    8.7500000000E+01    1.2475397853E+19
    9.2500000000E+01    1.3476803614E+19
    9.7500000000E+01    1.3280478980E+19
