 # iter=         14  time[s]=   1.163638E-06  x[nm]  M[s/kg/m]
    2.5000000000E+00    1.5728603363E+19
    7.5000000000E+00    1.5661608110E+19
    1.2500000000E+01    1.5547650849E+19
    1.7500000000E+01    1.5319280104E+19
    2.2500000000E+01    1.4998963754E+19
    2.7500000000E+01    1.4645589712E+19
    3.2500000000E+01    1.4267696320E+19
    3.7500000000E+01    1.3792844436E+19
    4.2500000000E+01    1.3140719263E+19
    4.7500000000E+01    1.2265582817E+19
    5.2500000000E+01    1.1264657629E+19
    5.7500000000E+01    1.0357496944E+19
    6.2500000000E+01    1.0001590686E+19
    6.7500000000E+01    1.0018739787E+19
    7.2500000000E+01    9.8931494780E+18
    7.7500000000E+01    1.0926696649E+19
    8.2500000000E+01    1.2835586833E+19
    8.7500000000E+01    1.3489606310E+19
    9.2500000000E+01    1.3520139085E+19
    9.7500000000E+01    1.3280478980E+19
