 # iter=         19  time[s]=   2.082367E-06  x[nm]  M[s/kg/m]
    2.5000000000E+00    1.5728603363E+19
    7.5000000000E+00    1.5670588598E+19
    1.2500000000E+01    1.5583149520E+19
    1.7500000000E+01    1.5410774904E+19
    2.2500000000E+01    1.5152987252E+19
    2.7500000000E+01    1.4845972083E+19
    3.2500000000E+01    1.4527741835E+19
    3.7500000000E+01    1.4172690664E+19
    4.2500000000E+01    1.3723551713E+19
    4.7500000000E+01    1.3117906383E+19
    5.2500000000E+01    1.2320745085E+19
    5.7500000000E+01    1.1400111241E+19
    6.2500000000E+01    1.0513083820E+19
    6.7500000000E+01    9.9986709078E+18
    7.2500000000E+01    1.0033661585E+19
    7.7500000000E+01    9.8804821284E+18
    8.2500000000E+01    1.0798383233E+19
    8.7500000000E+01    1.3093372757E+19
    9.2500000000E+01    1.3497818023E+19
    9.7500000000E+01    1.3280478980E+19
