 # iter=         13  time[s]=   1.041479E-06  x[nm]  M[s/kg/m]
    2.5000000000E+00    1.5728603363E+19
    7.5000000000E+00    1.5659757386E+19
    1.2500000000E+01    1.5539648685E+19
    1.7500000000E+01    1.5299330886E+19
    2.2500000000E+01    1.4966728640E+19
    2.7500000000E+01    1.4604643036E+19
    3.2500000000E+01    1.4210326734E+19
    3.7500000000E+01    1.3704199037E+19
    4.2500000000E+01    1.2999994858E+19
    4.7500000000E+01    1.2073336147E+19
    5.2500000000E+01    1.1051348019E+19
    5.7500000000E+01    1.0199377698E+19
    6.2500000000E+01    1.0016395446E+19
    6.7500000000E+01    9.9778575810E+18
    7.2500000000E+01    9.9820036614E+18
    7.7500000000E+01    1.1360808917E+19
    8.2500000000E+01    1.3108698757E+19
    8.7500000000E+01    1.3480528149E+19
    9.2500000000E+01    1.3515702799E+19
    9.7500000000E+01    1.3280478980E+19
