 # iter=          4  time[s]=   1.950916E-07  x[nm]  M[s/kg/m]
    2.5000000000E+00    1.5728603363E+19
    7.5000000000E+00    1.5630547950E+19
    1.2500000000E+01    1.5396319273E+19
    1.7500000000E+01    1.4980820126E+19
    2.2500000000E+01    1.4510796129E+19
    2.7500000000E+01    1.3963884660E+19
    3.2500000000E+01    1.3184007583E+19
    3.7500000000E+01    1.2092177030E+19
    4.2500000000E+01    1.0905229816E+19
    4.7500000000E+01    1.0061207713E+19
    5.2500000000E+01    1.0032518461E+19
    5.7500000000E+01    9.9104336582E+18
    6.2500000000E+01    1.0171331030E+19
    6.7500000000E+01    1.1593477413E+19
    7.2500000000E+01    1.3045109483E+19
    7.7500000000E+01    1.3490899829E+19
    8.2500000000E+01    1.3493100283E+19
    8.7500000000E+01    1.3515193674E+19
    9.2500000000E+01    1.3436601785E+19
    9.7500000000E+01    1.3280478980E+19
