 # iter=          2  time[s]=   6.441653E-08  x[nm]  M[s/kg/m]
    2.5000000000E+00    1.5728603363E+19
    7.5000000000E+00    1.5609823512E+19
    1.2500000000E+01    1.5293207194E+19
    1.7500000000E+01    1.4793366892E+19
    2.2500000000E+01    1.4258032245E+19
    2.7500000000E+01    1.3557539866E+19
    3.2500000000E+01    1.2542953399E+19
    3.7500000000E+01    1.1346903255E+19
    4.2500000000E+01    1.0329971592E+19
    4.7500000000E+01    1.0005175434E+19
    5.2500000000E+01    1.0018265666E+19
    5.7500000000E+01    9.8806251027E+18
    6.2500000000E+01    1.0501411641E+19
    6.7500000000E+01    1.2069525350E+19
    7.2500000000E+01    1.3304446590E+19
    7.7500000000E+01    1.3482438928E+19
    8.2500000000E+01    1.3519514949E+19
    8.7500000000E+01    1.3497188301E+19
    9.2500000000E+01    1.3409166625E+19
    9.7500000000E+01    1.3280478980E+19
