 # iter=          1  time[s]=   1.154208E-08  x[nm]  M[s/kg/m]
    2.5000000000E+00    1.5728603363E+19
    7.5000000000E+00    1.5586438032E+19
    1.2500000000E+01    1.5192974552E+19
    1.7500000000E+01    1.4643833258E+19
    2.2500000000E+01    1.4050670266E+19
    2.7500000000E+01    1.3234637996E+19
    3.2500000000E+01    1.2130084500E+19
    3.7500000000E+01    1.0992415570E+19
    4.2500000000E+01    1.0157430325E+19
    4.7500000000E+01    1.0016538404E+19
    5.2500000000E+01    9.9997605017E+18
    5.7500000000E+01    9.8904101781E+18
    6.2500000000E+01    1.0612509671E+19
    6.7500000000E+01    1.2219883268E+19
    7.2500000000E+01    1.3376372927E+19
    7.7500000000E+01    1.3475863613E+19
    8.2500000000E+01    1.3523986250E+19
    8.7500000000E+01    1.3485430118E+19
    9.2500000000E+01    1.3393565416E+19
    9.7500000000E+01    1.3280478980E+19
