 # iter=         22  time[s]=   5.084304E-06  x[nm]  M[s/kg/m]
    2.5000000000E+00    1.5728603363E+19
    7.5000000000E+00    1.5676488934E+19
    1.2500000000E+01    1.5603012558E+19
    1.7500000000E+01    1.5464193906E+19
    2.2500000000E+01    1.5247657791E+19
    2.7500000000E+01    1.4976641409E+19
    3.2500000000E+01    1.4684671061E+19
    3.7500000000E+01    1.4378853376E+19
    4.2500000000E+01    1.4016724644E+19
    4.7500000000E+01    1.3549080857E+19
    5.2500000000E+01    1.2916797351E+19
    5.7500000000E+01    1.2109400705E+19
    6.2500000000E+01    1.1199313730E+19
    6.7500000000E+01    1.0356727960E+19
    7.2500000000E+01    1.0000630691E+19
    7.7500000000E+01    1.0014098021E+19
    8.2500000000E+01    9.9689890540E+18
    8.7500000000E+01    1.2088909052E+19
    9.2500000000E+01    1.3475363627E+19
    9.7500000000E+01    1.3280478980E+19
