 # iter=         12  time[s]=   9.270985E-07  x[nm]  M[s/kg/m]
    2.5000000000E+00    1.5728603363E+19
    7.5000000000E+00    1.5657799418E+19
    1.2500000000E+01    1.5530961897E+19
    1.7500000000E+01    1.5277942327E+19
    2.2500000000E+01    1.4932704976E+19
    2.7500000000E+01    1.4561376281E+19
    3.2500000000E+01    1.4148133892E+19
    3.7500000000E+01    1.3606570792E+19
    4.2500000000E+01    1.2845726051E+19
    4.7500000000E+01    1.1869410331E+19
    5.2500000000E+01    1.0838125883E+19
    5.7500000000E+01    1.0075011282E+19
    6.2500000000E+01    1.0029879321E+19
    6.7500000000E+01    9.9223191417E+18
    7.2500000000E+01    1.0179400417E+19
    7.7500000000E+01    1.1810477400E+19
    8.2500000000E+01    1.3302415717E+19
    8.7500000000E+01    1.3474847807E+19
    9.2500000000E+01    1.3509885252E+19
    9.7500000000E+01    1.3280478980E+19
