 # iter=         17  time[s]=   1.621866E-06  x[nm]  M[s/kg/m]
    2.5000000000E+00    1.5728603363E+19
    7.5000000000E+00    1.5666982527E+19
    1.2500000000E+01    1.5569610781E+19
    1.7500000000E+01    1.5375295898E+19
    2.2500000000E+01    1.5092074651E+19
    2.7500000000E+01    1.4765198804E+19
    3.2500000000E+01    1.4426847259E+19
    3.7500000000E+01    1.4030293968E+19
    4.2500000000E+01    1.3510803882E+19
    4.7500000000E+01    1.2798811594E+19
    5.2500000000E+01    1.1905996805E+19
    5.7500000000E+01    1.0950097491E+19
    6.2500000000E+01    1.0168900663E+19
    6.7500000000E+01    1.0017359226E+19
    7.2500000000E+01    9.9763151856E+18
    7.7500000000E+01    1.0009849774E+19
    8.2500000000E+01    1.1662842611E+19
    8.7500000000E+01    1.3407206597E+19
    9.2500000000E+01    1.3520207152E+19
    9.7500000000E+01    1.3280478980E+19
