 # iter=          7  time[s]=   4.494624E-07  x[nm]  rho[1/m3]
    2.5000000000E+00    3.3698422874E+27
    7.5000000000E+00    3.2221516735E+27
    1.2500000000E+01    3.0949887409E+27
    1.7500000000E+01    2.9877784658E+27
    2.2500000000E+01    2.8907063244E+27
    2.7500000000E+01    2.7917086597E+27
    3.2500000000E+01    2.6896028285E+27
    3.7500000000E+01    2.5754239771E+27
    4.2500000000E+01    2.4410956757E+27
    4.7500000000E+01    2.2872843520E+27
    5.2500000000E+01    2.0917353920E+27
    5.7500000000E+01    1.8468427127E+27
    6.2500000000E+01    1.5625418819E+27
    6.7500000000E+01    1.2786315622E+27
    7.2500000000E+01    1.0402165597E+27
    7.7500000000E+01    8.3906909887E+26
    8.2500000000E+01    6.5936131660E+26
    8.7500000000E+01    5.0150775667E+26
    9.2500000000E+01    3.4943375158E+26
    9.7500000000E+01    1.9502545555E+26
