 # iter=          5  time[s]=   2.775902E-07  x[nm]  rho[1/m3]
    2.5000000000E+00    3.3698422874E+27
    7.5000000000E+00    3.2112842536E+27
    1.2500000000E+01    3.0767613281E+27
    1.7500000000E+01    2.9648878523E+27
    2.2500000000E+01    2.8609883494E+27
    2.7500000000E+01    2.7547211876E+27
    3.2500000000E+01    2.6430783739E+27
    3.7500000000E+01    2.5138648948E+27
    4.2500000000E+01    2.3637178303E+27
    4.7500000000E+01    2.1903879623E+27
    5.2500000000E+01    1.9612563345E+27
    5.7500000000E+01    1.6983738770E+27
    6.2500000000E+01    1.4118593480E+27
    6.7500000000E+01    1.1575420740E+27
    7.2500000000E+01    9.4581654007E+26
    7.7500000000E+01    7.6125876755E+26
    8.2500000000E+01    5.9874687389E+26
    8.7500000000E+01    4.5739178521E+26
    9.2500000000E+01    3.2467744150E+26
    9.7500000000E+01    1.9502545555E+26
