 # iter=          6  time[s]=   3.635263E-07  x[nm]  rho[1/m3]
    2.5000000000E+00    3.3698422874E+27
    7.5000000000E+00    3.2173318372E+27
    1.2500000000E+01    3.0868393417E+27
    1.7500000000E+01    2.9775363961E+27
    2.2500000000E+01    2.8774597746E+27
    2.7500000000E+01    2.7751054290E+27
    3.2500000000E+01    2.6688344556E+27
    3.7500000000E+01    2.5478029812E+27
    4.2500000000E+01    2.4058164031E+27
    4.7500000000E+01    2.2441212744E+27
    5.2500000000E+01    2.0301900689E+27
    5.7500000000E+01    1.7755303905E+27
    6.2500000000E+01    1.4858121616E+27
    6.7500000000E+01    1.2153304096E+27
    7.2500000000E+01    9.9112338010E+26
    7.7500000000E+01    7.9934964182E+26
    8.2500000000E+01    6.2876811017E+26
    8.7500000000E+01    4.7981281870E+26
    9.2500000000E+01    3.3739019899E+26
    9.7500000000E+01    1.9502545555E+26
