 # iter=         12  time[s]=   9.270985E-07  x[nm]  rho[1/m3]
    2.5000000000E+00    3.3698422874E+27
    7.5000000000E+00    3.2392838454E+27
    1.2500000000E+01    3.1246045063E+27
    1.7500000000E+01    3.0252276097E+27
    2.2500000000E+01    2.9377537993E+27
    2.7500000000E+01    2.8517432032E+27
    3.2500000000E+01    2.7632157617E+27
    3.7500000000E+01    2.6708065395E+27
    4.2500000000E+01    2.5664200333E+27
    4.7500000000E+01    2.4444953067E+27
    5.2500000000E+01    2.3049270067E+27
    5.7500000000E+01    2.1327362978E+27
    6.2500000000E+01    1.9081119866E+27
    6.7500000000E+01    1.6412711511E+27
    7.2500000000E+01    1.3463077208E+27
    7.7500000000E+01    1.0809863537E+27
    8.2500000000E+01    8.4791254513E+26
    8.7500000000E+01    6.2833645701E+26
    9.2500000000E+01    4.1859023529E+26
    9.7500000000E+01    1.9502545555E+26
