 # iter=         19  time[s]=   2.082367E-06  x[nm]  rho[1/m3]
    2.5000000000E+00    3.3698422874E+27
    7.5000000000E+00    3.2586537066E+27
    1.2500000000E+01    3.1588131270E+27
    1.7500000000E+01    3.0694318133E+27
    2.2500000000E+01    2.9908332878E+27
    2.7500000000E+01    2.9178504762E+27
    3.2500000000E+01    2.8439955275E+27
    3.7500000000E+01    2.7679897937E+27
    4.2500000000E+01    2.6890129961E+27
    4.7500000000E+01    2.6017451589E+27
    5.2500000000E+01    2.5007168412E+27
    5.7500000000E+01    2.3840814857E+27
    6.2500000000E+01    2.2507447016E+27
    6.7500000000E+01    2.0723468943E+27
    7.2500000000E+01    1.8442931482E+27
    7.7500000000E+01    1.5529459712E+27
    8.2500000000E+01    1.2211827512E+27
    8.7500000000E+01    8.9683005271E+26
    9.2500000000E+01    5.6052490997E+26
    9.7500000000E+01    1.9502545555E+26
