 # iter=         21  time[s]=   2.992380E-06  x[nm]  rho[1/m3]
    2.5000000000E+00    3.3698422874E+27
    7.5000000000E+00    3.2646715984E+27
    1.2500000000E+01    3.1695023497E+27
    1.7500000000E+01    3.0835409379E+27
    2.2500000000E+01    3.0074086965E+27
    2.7500000000E+01    2.9374615282E+27
    3.2500000000E+01    2.8678724647E+27
    3.7500000000E+01    2.7959272694E+27
    4.2500000000E+01    2.7218005128E+27
    4.7500000000E+01    2.6420502350E+27
    5.2500000000E+01    2.5508024470E+27
    5.7500000000E+01    2.4446913564E+27
    6.2500000000E+01    2.3222026312E+27
    6.7500000000E+01    2.1735901045E+27
    7.2500000000E+01    1.9664557536E+27
    7.7500000000E+01    1.7007060386E+27
    8.2500000000E+01    1.3553052122E+27
    8.7500000000E+01    9.9381841131E+26
    9.2500000000E+01    6.1015674136E+26
    9.7500000000E+01    1.9502545555E+26
