 # iter=         20  time[s]=   2.428623E-06  x[nm]  rho[1/m3]
    2.5000000000E+00    3.3698422874E+27
    7.5000000000E+00    3.2615870906E+27
    1.2500000000E+01    3.1640228194E+27
    1.7500000000E+01    3.0762893109E+27
    2.2500000000E+01    2.9989078330E+27
    2.7500000000E+01    2.9274669598E+27
    3.2500000000E+01    2.8557413415E+27
    3.7500000000E+01    2.7817463139E+27
    4.2500000000E+01    2.7052893775E+27
    4.7500000000E+01    2.6219541511E+27
    5.2500000000E+01    2.5258823093E+27
    5.7500000000E+01    2.4145545033E+27
    6.2500000000E+01    2.2870459907E+27
    6.7500000000E+01    2.1242977335E+27
    7.2500000000E+01    1.9062655483E+27
    7.7500000000E+01    1.6273572309E+27
    8.2500000000E+01    1.2865567069E+27
    8.7500000000E+01    9.4406447975E+26
    9.2500000000E+01    5.8471310848E+26
    9.7500000000E+01    1.9502545555E+26
