 # iter=         15  time[s]=   1.297258E-06  x[nm]  rho[1/m3]
    2.5000000000E+00    3.3698422874E+27
    7.5000000000E+00    3.2476106608E+27
    1.2500000000E+01    3.1392512621E+27
    1.7500000000E+01    3.0439932657E+27
    2.2500000000E+01    2.9605380533E+27
    2.7500000000E+01    2.8806387664E+27
    3.2500000000E+01    2.7984308225E+27
    3.7500000000E+01    2.7139701967E+27
    4.2500000000E+01    2.6224688334E+27
    4.7500000000E+01    2.5167286133E+27
    5.2500000000E+01    2.3944433326E+27
    5.7500000000E+01    2.2554746245E+27
    6.2500000000E+01    2.0723959457E+27
    6.7500000000E+01    1.8439593113E+27
    7.2500000000E+01    1.5658594004E+27
    7.7500000000E+01    1.2656866263E+27
    8.2500000000E+01    9.9116726750E+26
    8.7500000000E+01    7.2992080323E+26
    9.2500000000E+01    4.7309585219E+26
    9.7500000000E+01    1.9502545555E+26
