 # iter=         18  time[s]=   1.827262E-06  x[nm]  rho[1/m3]
    2.5000000000E+00    3.3698422874E+27
    7.5000000000E+00    3.2558329917E+27
    1.2500000000E+01    3.1538068545E+27
    1.7500000000E+01    3.0628756968E+27
    2.2500000000E+01    2.9830791669E+27
    2.7500000000E+01    2.9084949569E+27
    3.2500000000E+01    2.8325321669E+27
    3.7500000000E+01    2.7545167716E+27
    4.2500000000E+01    2.6728106944E+27
    4.7500000000E+01    2.5813022287E+27
    5.2500000000E+01    2.4751667397E+27
    5.7500000000E+01    2.3531216782E+27
    6.2500000000E+01    2.2117645816E+27
    6.7500000000E+01    2.0184049337E+27
    7.2500000000E+01    1.7797173855E+27
    7.7500000000E+01    1.4785345415E+27
    8.2500000000E+01    1.1590768848E+27
    8.7500000000E+01    8.5186203006E+26
    9.2500000000E+01    5.3732636454E+26
    9.7500000000E+01    1.9502545555E+26
