 # iter=          8  time[s]=   5.353984E-07  x[nm]  rho[1/m3]
    2.5000000000E+00    3.3698422874E+27
    7.5000000000E+00    3.2261868892E+27
    1.2500000000E+01    3.1018815888E+27
    1.7500000000E+01    2.9964530335E+27
    2.2500000000E+01    2.9018129851E+27
    2.7500000000E+01    2.8057609182E+27
    3.2500000000E+01    2.7069906634E+27
    3.7500000000E+01    2.5984452405E+27
    4.2500000000E+01    2.4709337277E+27
    4.7500000000E+01    2.3236416802E+27
    5.2500000000E+01    2.1452847377E+27
    5.7500000000E+01    1.9112759752E+27
    6.2500000000E+01    1.6375295495E+27
    6.7500000000E+01    1.3451963240E+27
    7.2500000000E+01    1.0923955993E+27
    7.7500000000E+01    8.8047880640E+26
    8.2500000000E+01    6.9119674093E+26
    8.7500000000E+01    5.2322339944E+26
    9.2500000000E+01    3.6135070220E+26
    9.7500000000E+01    1.9502545555E+26
