-11.7707889627 -11.8301883570 -11.9196641942 -11.9900683155 -12.0820870309 -12.1886840182 -12.3176011702 -12.4759628049 -12.6773665433 -12.9436468951 -13.3095213813 -13.8280590326 -14.5745131692 -15.6399230538 -17.1224919873 -19.1075841107 -21.6215213991 -24.5872238724 -27.8546489816 -31.2560187637 -34.6167249665 -37.7691139877 -40.5789592401 -42.9569841608 -44.8633298237 -46.3066858135 -47.3385594496 -48.0449950235 -48.5253880729 -48.8521636886 -49.0635840380 -49.1906596783 -49.2657011864 -49.3196775935 -49.3746515740 -49.4363186729 -49.5022146195 -49.5695998613 -49.6354641302 -49.6971545108 -49.7512530201 -49.7985175663 -49.8239029601 -49.8545986378 -49.8342262765
-11.9669753799 -12.0313243892 -12.1280755737 -12.2061052755 -12.3012342102 -12.4079451614 -12.5345500560 -12.6889709474 -12.8854660344 -13.1463633141 -13.5065075427 -14.0181639275 -14.7541165758 -15.8045432282 -17.2685565843 -19.2324091813 -21.7230809154 -24.6648177849 -27.9090455506 -31.2885043736 -34.6289993297 -37.7639588423 -40.5611145687 -42.9338041433 -44.8424109247 -46.2938090631 -47.3374386979 -48.0573819048 -48.5512460415 -48.8902410340 -49.1120171135 -49.2473235335 -49.3283861939 -49.3861858737 -49.4428084474 -49.5038365590 -49.5668338894 -49.6293028133 -49.6885958419 -49.7423754922 -49.7875889470 -49.8241810873 -49.8413157265 -49.8593338009 -49.8371505936
-12.4417677274 -12.5096900163 -12.6104383887 -12.6914907220 -12.7872752440 -12.8931397328 -13.0178650432 -13.1701086970 -13.3647129558 -13.6243559460 -13.9837820396 -14.4945539678 -15.2285071163 -16.2759437116 -17.7357700000 -19.6933185415 -22.1745340193 -25.1034424866 -28.3315329886 -31.6915321568 -35.0100129718 -38.1221244601 -40.8979336442 -43.2527144959 -45.1467209456 -46.5858164279 -47.6182843618 -48.3269888685 -48.8085474573 -49.1339657536 -49.3412598772 -49.4615875480 -49.5273943081 -49.5696475875 -49.6102235042 -49.6545732723 -49.7004711019 -49.7457190000 -49.7879789774 -49.8250954160 -49.8543313661 -49.8752452239 -49.8807243160 -49.8863918278 -49.8602314113
-13.0698477845 -13.1360037249 -13.2365394827 -13.3177359240 -13.4129854546 -13.5176719052 -13.6406536460 -13.7908230884 -13.9831989982 -14.2405006566 -14.5972679885 -15.1045033753 -15.8330236355 -16.8718316720 -18.3183779904 -20.2564866248 -22.7112062406 -25.6070027312 -28.7967446079 -32.1149079600 -35.3902969227 -38.4606023118 -41.1982718054 -43.5202478296 -45.3871887531 -46.8042432466 -47.8184521132 -48.5113162976 -48.9784832455 -49.2907102970 -49.4860181513 -49.5953928953 -49.6509624734 -49.6832416790 -49.7137264883 -49.7478717284 -49.7836913758 -49.8192114979 -49.8523044970 -49.8809359515 -49.9025657971 -49.9163981856 -49.9162612244 -49.9137371641 -49.8774869756
-13.8942051858 -13.9596751929 -14.0593552046 -14.1391349931 -14.2324339894 -14.3347739185 -14.4551820950 -14.6027417236 -14.7925800431 -15.0473767717 -15.4013816013 -15.9049420495 -16.6278030422 -17.6575480496 -19.0897457124 -21.0061272057 -23.4302832116 -26.2867528181 -29.4296930360 -32.6955586278 -35.9158604356 -38.9314074556 -41.6175621301 -43.8933821036 -45.7203860672 -47.1035014717 -48.0888973867 -48.7569426732 -49.2023498834 -49.4953930689 -49.6737475155 -49.7679436276 -49.8095703005 -49.8285052680 -49.8457612323 -49.8667944919 -49.8898978446 -49.9133444132 -49.9352092998 -49.9535734630 -49.9659851630 -49.9715191796 -49.9641716557 -49.9549191259 -49.9124101457
-14.9154992432 -14.9800213415 -15.0776182383 -15.1546609452 -15.2447545113 -15.3436294555 -15.4604554080 -15.6044226393 -15.7906686971 -16.0417174456 -16.3914216731 -16.8893483553 -17.6039933350 -18.6211590424 -20.0340821259 -21.9219674179 -24.3066535710 -27.1127153431 -30.1958647664 -33.3950394924 -36.5450850293 -39.4905773076 -42.1103088685 -44.3259306850 -46.1003816184 -47.4388390359 -48.3868530495 -49.0237208364 -49.4430660023 -49.7142922045 -49.8742390971 -49.9525532116 -49.9799405195 -49.9853909770 -49.9893143813 -49.9971561566 -50.0074900298 -50.0188265945 -50.0294156261 -50.0374247979 -50.0403900091 -50.0372557668 -50.0216159527 -50.0045052852 -49.9525780376
-16.1526196786 -16.2159721645 -16.3105001127 -16.3836397595 -16.4692328668 -16.5633252727 -16.6752307844 -16.8142148024 -16.9953422656 -17.2408858584 -17.5841771395 -18.0738450089 -18.7769485849 -19.7772327380 -21.1652347166 -23.0172393396 -25.3530519241 -28.0972419696 -31.1073096243 -34.2251368704 -37.2895444401 -40.1495453357 -42.6879622134 -44.8295819510 -46.5392778453 -47.8228775291 -48.7255021423 -49.3253435445 -49.7146739595 -49.9615772571 -50.1015834437 -50.1630560029 -50.1755049859 -50.1668092996 -50.1566648780 -50.1504715272 -50.1470641041 -50.1451771580 -50.1432187299 -50.1394340207 -50.1313083108 -50.1176770596 -50.0915715405 -50.0644883594 -50.0005640060
-17.6237755949 -17.6854470331 -17.7756847784 -17.8437014010 -17.9233931477 -18.0112210475 -18.1166025401 -18.2488187302 -18.4227695977 -18.6603586907 -18.9942334041 -19.4719034839 -20.1587691879 -21.1362224883 -22.4917430204 -24.2983502384 -26.5736196955 -29.2421895186 -32.1637180256 -35.1836509485 -38.1455298338 -40.9035611061 -43.3452545261 -45.3990588119 -47.0322108401 -48.2514715221 -49.1015923274 -49.6594894543 -50.0157027560 -50.2365018152 -50.3556584874 -50.3998752126 -50.3971565255 -50.3740631321 -50.3494663290 -50.3286644304 -50.3107060630 -50.2945216001 -50.2786632544 -50.2614438489 -50.2402744260 -50.2138585854 -50.1745896866 -50.1342291485 -50.0551580188
-19.3507345184 -19.4100071823 -19.4945434624 -19.5561421896 -19.6284255350 -19.7083567227 -19.8053744932 -19.9286987634 -20.0929458578 -20.3194929438 -20.6401188063 -21.1009940604 -21.7656064559 -22.7126908721 -24.0263090525 -25.7759048044 -27.9766985700 -30.5535784668 -33.3688860330 -36.2723945271 -39.1132391200 -41.7516777559 -44.0805996849 -46.0326186295 -47.5776586749 -48.7235671631 -49.5146585054 -50.0262821192 -50.3467583821 -50.5400280309 -50.6376940758 -50.6644524369 -50.6465139047 -50.6089318363 -50.5696455771 -50.5337694972 -50.5004952710 -50.4689133098 -50.4377036407 -50.4052615127 -50.3689588883 -50.3273845948 -50.2725604600 -50.2160199485 -50.1212200167
-21.3565046540 -21.4124496990 -21.4896673162 -21.5435056944 -21.6068199210 -21.6771435636 -21.7638061405 -21.8758507261 -22.0274517081 -22.2392716366 -22.5419950665 -22.9801837647 -23.6151246852 -24.5225536158 -25.7827399223 -27.4612701135 -29.5709575034 -32.0372581416 -34.7259072750 -37.4919574691 -40.1911648077 -42.6907752673 -44.8898030178 -46.7254987881 -48.1706990136 -49.2343762867 -49.9602389925 -50.4216658771 -50.7041730590 -50.8688357931 -50.9447013287 -50.9541338459 -50.9212789204 -50.8694962454 -50.8156858495 -50.7646736465 -50.7156928821 -50.6679359706 -50.6201828601 -50.5709519609 -50.5175289488 -50.4584596891 -50.3847463123 -50.3052733477 -50.1837086530
-23.6642628729 -23.7157726072 -23.7839384045 -23.8287293665 -23.8815742363 -23.9406245664 -24.0149109761 -24.1131464717 -24.2488678092 -24.4417974104 -24.7212479547 -25.1298589834 -25.7263762087 -26.5831334836 -27.7762031023 -29.3670382054 -31.3660626370 -33.6997660547 -36.2381956290 -38.8428346575 -41.3772220659 -43.7166389296 -45.7670169918 -47.4707016452 -48.8036117128 -49.7758235475 -50.4302014206 -50.8376627940 -51.0802441508 -51.2155726277 -51.2697425945 -51.2624658743 -51.2155425101 -51.1504568631 -51.0829496622 -51.0174277016 -50.9530273413 -50.8889604371 -50.8240789502 -50.7570951741 -50.6853813516 -50.6074715385 -50.5165288952 -50.4046801790 -50.2517115271
-26.2962302320 -26.3420838954 -26.3995046980 -26.4341794765 -26.4752967171 -26.5216343366 -26.5816790104 -26.6636215006 -26.7801265334 -26.9497139920 -27.2000070333 -27.5713585796 -28.1195547028 -28.9130379044 -30.0232080141 -31.5070841049 -33.3727596115 -35.5483645980 -37.9094030608 -40.3251488461 -42.6682436483 -44.8231496722 -46.7035763325 -48.2574708436 -49.4640430601 -50.3344809091 -50.9105598209 -51.2601799770 -51.4611270271 -51.5668793644 -51.6001171064 -51.5775434725 -51.5182995619 -51.4417991586 -51.3624902941 -51.2842043770 -51.2057955729 -51.1263916141 -51.0448432963 -50.9603633767 -50.8700760784 -50.7766984607 -50.6653247959 -50.5241364535 -50.3980186348
-29.2539808887 -29.2929110831 -29.3381091454 -29.3619625591 -29.3904892900 -29.4230538135 -29.4673099685 -29.5307105456 -29.6248004702 -29.7666185942 -29.9817614294 -30.3078949616 -30.7973552944 -31.5140929529 -32.5242736968 -33.8801310232 -35.5874996256 -37.5769003723 -39.7306891457 -41.9275080489 -44.0505374399 -45.9946433158 -47.6822476880 -49.0674767441 -50.1331238186 -50.8915015301 -51.3829968588 -51.6718273989 -51.8305661017 -51.9076602502 -51.9218422447 -51.8864432412 -51.8176596814 -51.7326746234 -51.6445495079 -51.5563714509 -51.4664890846 -51.3737638053 -51.2768534340 -51.1754009988 -51.0656018876 -50.9553850024 -50.8129896656 -50.6761487005 -50.5712256548
-32.4885306351 -32.5193284838 -32.5511556367 -32.5638909942 -32.5794007569 -32.5975546718 -32.6248834190 -32.6678980969 -32.7367936384 -32.8468753985 -33.0214044640 -33.2949606985 -33.7158794294 -34.3429465166 -35.2364999797 -36.4436375065 -37.9680912103 -39.7437487274 -41.6615060691 -43.6110826894 -45.4876096098 -47.1975033936 -48.6727276956 -49.8740772524 -50.7880802464 -51.4279843936 -51.8322837744 -52.0606307516 -52.1792057954 -52.2304450960 -52.2286780694 -52.1836761055 -52.1085780669 -52.0183435026 -51.9246736779 -51.8298159053 -51.7314158618 -51.6278616372 -51.5174417624 -51.4000197887 -51.2709145959 -51.1421336750 -50.9692010683 -50.8252092755 -50.6739865869
-35.8976666608 -35.9192901367 -35.9370205902 -35.9388017953 -35.9413413618 -35.9449266531 -35.9547124181 -35.9761105796 -36.0178005989 -36.0931742297 -36.2229150575 -36.4381614634 -36.7827006329 -37.3094988930 -38.0725503716 -39.1135913012 -40.4345834586 -41.9740107978 -43.6331629035 -45.3144366508 -46.9260387866 -48.3867194368 -49.6384565232 -50.6488789498 -51.4080773073 -51.9297601076 -52.2498041272 -52.4222668259 -52.5056913852 -52.5356062940 -52.5217448842 -52.4704342615 -52.3919182260 -52.2991720199 -52.2027369821 -52.1040313669 -51.9998343754 -51.8878537024 -51.7658507657 -51.6336661071 -51.4859291271 -51.3380041501 -51.1351614133 -50.9862196681 -50.7794823178
-39.3336951075 -39.3453970468 -39.3488827265 -39.3403912739 -39.3305332553 -39.3199522620 -39.3122598873 -39.3117075556 -39.3254071016 -39.3647767478 -39.4477959525 -39.6019158527 -39.8659124165 -40.2864063596 -40.9107202907 -41.7751921010 -42.8805163903 -44.1711221147 -45.5604176286 -46.9646434906 -48.3056133088 -49.5145915589 -50.5435128218 -51.3665728095 -51.9769362966 -52.3880892846 -52.6324872334 -52.7575986257 -52.8132059562 -52.8273097385 -52.8052248492 -52.7503174621 -52.6704107159 -52.5769689941 -52.4797383534 -52.3793882162 -52.2716883868 -52.1534581048 -52.0217465632 -51.8759987350 -51.7101745188 -51.5410809440 -51.3042702856 -51.1441248552 -50.8697183034
-42.5961314633 -42.5976525288 -42.5874757783 -42.5698664949 -42.5486634104 -42.5248732008 -42.5005561584 -42.4789023866 -42.4655718078 -42.4701148652 -42.5078675838 -42.6025430209 -42.7876545818 -43.1032463073 -43.5899636274 -44.2789795711 -45.1703409361 -46.2156396180 -47.3415626412 -48.4784726283 -49.5613772967 -50.5333761716 -51.3555939469 -52.0080171059 -52.4861073068 -52.8023512679 -52.9850688998 -53.0743885261 -53.1106008485 -53.1140679142 -53.0864164063 -53.0290155346 -52.9481021942 -52.8543466400 -52.7571738185 -52.6565885720 -52.5471952561 -52.4246951793 -52.2853292433 -52.1276071215 -51.9467099055 -51.7533179632 -51.5089425384 -51.3348593956 -51.0531580765
-45.4672029503 -45.4589203352 -45.4363349159 -45.4109805186 -45.3797736199 -45.3441920021 -45.3049555708 -45.2644590880 -45.2272034605 -45.2011636129 -45.1993041633 -45.2417888205 -45.3569452680 -45.5784471165 -45.9406560008 -46.4700624414 -47.1666795334 -47.9900155307 -48.8801805090 -49.7807525082 -50.6384895844 -51.4067739372 -52.0544646745 -52.5660602248 -52.9382925296 -53.1818581015 -53.3204219053 -53.3864346409 -53.4106080531 -53.4063884833 -53.3731810904 -53.3118229901 -53.2281473336 -53.1328991765 -53.0356084546 -52.9355558356 -52.8259498219 -52.7011480420 -52.5564042216 -52.3894962305 -52.1966614119 -51.9873147629 -51.7387141056 -51.5397573768 -51.2463952411
-47.8241851255 -47.8069380060 -47.7734066138 -47.7414760063 -47.7016367557 -47.6560180246 -47.6043372835 -47.5485366724 -47.4923237183 -47.4424667247 -47.4099345013 -47.4116960213 -47.4712689273 -47.6164991181 -47.8760821571 -48.2723823096 -48.8057959171 -49.4438155193 -50.1390984751 -50.8467210154 -51.5232641608 -52.1304952049 -52.6432612487 -53.0490768660 -53.3448924509 -53.5389628849 -53.6500401539 -53.7030146493 -53.7196869412 -53.7080917040 -53.6672521145 -53.5990609997 -53.5101463007 -53.4120285424 -53.3144559050 -53.2157084570 -53.1073235349 -52.9820558399 -52.8338656495 -52.6595388487 -52.4550999820 -52.2293033111 -51.9604900715 -51.7369356829 -51.4014486541
-49.6748799840 -49.6495935680 -49.6062801764 -49.5685168694 -49.5212796881 -49.4675348279 -49.4063386817 -49.3394702398 -49.2701411221 -49.2042300637 -49.1510519883 -49.1247773615 -49.1446199269 -49.2332504104 -49.4143312854 -49.7065720405 -50.1109057815 -50.6022936141 -51.1444446620 -51.7020394235 -52.2396933322 -52.7258625062 -53.1397905317 -53.4707192583 -53.7150983357 -53.8784251612 -53.9745656884 -54.0213593307 -54.0328962238 -54.0135113177 -53.9634067562 -53.8867095235 -53.7916462684 -53.6907857371 -53.5938288459 -53.4976920922 -53.3921171965 -53.2681927432 -53.1185206278 -52.9389613892 -52.7251352990 -52.4863148498 -52.2006815759 -51.9649834672 -51.6070938449
-51.0856066963 -51.0530432668 -51.0005551583 -50.9572439634 -50.9035800171 -50.8435569393 -50.7758371293 -50.7022175617 -50.6255983184 -50.5511727941 -50.4868707792 -50.4444333917 -50.4393140261 -50.4896801104 -50.6147597893 -50.8300050011 -51.1368520793 -51.5168075509 -51.9428188652 -52.3873477200 -52.8215487633 -53.2192311916 -53.5628077317 -53.8423971447 -54.0537107809 -54.1995267033 -54.2890968955 -54.3339872189 -54.3420134170 -54.3153475862 -54.2563357847 -54.1718926128 -54.0721405950 -53.9705104262 -53.8760978807 -53.7841453741 -53.6827029446 -53.5613311934 -53.4113766613 -53.2278501177 -53.0057216146 -52.7549137061 -52.4516016870 -52.2034372285 -51.8168145338
-52.1443434671 -52.1048323361 -52.0429238756 -51.9938472784 -51.9343375322 -51.8696283661 -51.7981225727 -51.7216812344 -51.6429493307 -51.5665216904 -51.4991203094 -51.4503698935 -51.4325031860 -51.4598349883 -51.5477352373 -51.7087593397 -51.9446960071 -52.2424246106 -52.5822087370 -52.9426662635 -53.3003678663 -53.6335797640 -53.9271114943 -54.1716046800 -54.3621851132 -54.4991662545 -54.5875783194 -54.6336044416 -54.6402578815 -54.6087381611 -54.5438100780 -54.4550755999 -54.3543428917 -54.2553180330 -54.1657830147 -54.0791713667 -53.9822460666 -53.8634769708 -53.7133265375 -53.5262283058 -53.2965718765 -53.0349847440 -52.7151867549 -52.4557192974 -52.0395071877
-52.9572365273 -52.9102543814 -52.8374479508 -52.7819506482 -52.7167453392 -52.6486045105 -52.5755898248 -52.4995271651 -52.4227165154 -52.3491088334 -52.2842893003 -52.2360010660 -52.2137219310 -52.2284802574 -52.2922927031 -52.4151247751 -52.5989040764 -52.8346654118 -53.1082744759 -53.4033631021 -53.7013485729 -53.9846284785 -54.2401925992 -54.4593347906 -54.6369058064 -54.7710147006 -54.8628003170 -54.9138622323 -54.9236511976 -54.8929853572 -54.8285398230 -54.7418214234 -54.6456204873 -54.5530636383 -54.4699643698 -54.3881923767 -54.2940635150 -54.1757616637 -54.0235307018 -53.8316976144 -53.5942860705 -53.3225120093 -52.9873549660 -52.7167314708 -52.2696757162
-53.6148491141 -53.5583353054 -53.4715781168 -53.4087708623 -53.3377216042 -53.2671655950 -53.1944925650 -53.1212203841 -53.0491101883 -52.9813306344 -52.9223405987 -52.8781682754 -52.8559192993 -52.8638094502 -52.9109598719 -53.0050599075 -53.1480133902 -53.3339881840 -53.5531939789 -53.7936243910 -54.0413201168 -54.2827700749 -54.5072043969 -54.7068574872 -54.8765531955 -55.0124434824 -55.1121578661 -55.1734919029 -55.1932541610 -55.1718131966 -55.1165717993 -55.0396375649 -54.9537276153 -54.8704703806 -54.7933906475 -54.7135710955 -54.6180979433 -54.4959644382 -54.3380974069 -54.1393456289 -53.8937236313 -53.6128570021 -53.2649187472 -52.9844343107 -52.5070760801
-54.1598051692 -54.0903875148 -53.9856433318 -53.9156427741 -53.8386553213 -53.7668217046 -53.6962801057 -53.6278017494 -53.5624262523 -53.5023837666 -53.4510498249 -53.4129160692 -53.3930848957 -53.3974332590 -53.4326919833 -53.5046651265 -53.6151705829 -53.7607115240 -53.9348751765 -54.1294247570 -54.3346334698 -54.5408354931 -54.7394870565 -54.9239598663 -55.0892263872 -55.2298696370 -55.3406645318 -55.4164752577 -55.4521557368 -55.4472866865 -55.4087617192 -55.3479682756 -55.2764787422 -55.2037004238 -55.1309420227 -55.0494566416 -54.9482460868 -54.8181563195 -54.6516619857 -54.4447397255 -54.1917614628 -53.9045023895 -53.5483416636 -53.2607040894 -52.7552892555
-54.6210532561 -54.5266344078 -54.3980355702 -54.3208888822 -54.2380954442 -54.1665350359 -54.1003609836 -54.0387418159 -53.9819591026 -53.9311560682 -53.8887626630 -53.8579652308 -53.8422615417 -53.8456905566 -53.8731173891 -53.9288791404 -54.0146928153 -54.1287470392 -54.2671680068 -54.4247967959 -54.5955001788 -54.7729571450 -54.9506963876 -55.1232750467 -55.2859003429 -55.4320683138 -55.5545319194 -55.6461540453 -55.7004750109 -55.7161476742 -55.6987464720 -55.6579204458 -55.6032208716 -55.5413540516 -55.4716330954 -55.3862039010 -55.2767454367 -55.1367034010 -54.9607635588 -54.7465178828 -54.4890517848 -54.2000591319 -53.8424158006 -53.5523182689 -53.0229303860
-54.9854517301 -54.8694979255 -54.7189975724 -54.6441345095 -54.5549068850 -54.4856470289 -54.4272011620 -54.3748548756 -54.3286277105 -54.2883328871 -54.2557715751 -54.2331077151 -54.2226557673 -54.2270910841 -54.2499035930 -54.2943477687 -54.3620473163 -54.4523731774 -54.5633114060 -54.6921065522 -54.8354990096 -54.9898934299 -55.1506513424 -55.3134207254 -55.4736153441 -55.6241271179 -55.7565669440 -55.8627010228 -55.9353769455 -55.9724584461 -55.9778526095 -55.9588024053 -55.9221914789 -55.8717627017 -55.8050823223 -55.7155684857 -55.5978658270 -55.4483871350 -55.2644176344 -55.0454917022 -54.7876937253 -54.5026214224 -54.1509680033 -53.8635817858 -53.3146651718
-55.3316626559 -55.1240228391 -54.9730103446 -54.8990109405 -54.8065539999 -54.7438716481 -54.6986965276 -54.6586028884 -54.6249990493 -54.5961763894 -54.5738867428 -54.5596040610 -54.5548812527 -54.5614576413 -54.5818633898 -54.6185881276 -54.6731854613 -54.7458338631 -54.8358435956 -54.9422324829 -55.0638650398 -55.1991866720 -55.3450730976 -55.4980580246 -55.6537590288 -55.8050440940 -55.9433559989 -56.0603064240 -56.1487338179 -56.2060796037 -56.2345275413 -56.2384772738 -56.2216458320 -56.1846660143 -56.1235088838 -56.0328094209 -55.9099424830 -55.7542160617 -55.5655932208 -55.3457047255 -55.0921450400 -54.8167864142 -54.4812403507 -54.2071026999 -53.6665105104
323.1018123714 -55.2554217602 -55.1658648631 -55.1489398657 -55.0165919909 -54.9547307424 -54.9351174482 -54.9106368438 -54.8922331644 -54.8754689253 -54.8633432224 -54.8570507168 -54.8578219992 -54.8668176856 -54.8859356254 -54.9171501350 -54.9619540277 -55.0210493268 -55.0946217345 -55.1828564866 -55.2860058952 -55.4038826201 -55.5345350091 -55.6752221320 -55.8219791803 -55.9683905456 -56.1067759783 -56.2295351994 -56.3301767801 -56.4061180195 -56.4578610258 -56.4866875428 -56.4928064939 -56.4736746999 -56.4236226667 -56.3379635315 -56.2160311339 -56.0594493073 -55.8704823719 -55.6527431389 -55.4049944650 -55.1418672965 -54.8208277270 -54.5724078069 -54.0419917634
-794.8323848922 -228.9283864376 -55.3821259627 -55.2708961843 -55.1606138397 -55.1352405575 -55.1538122887 -55.1469729369 -55.1441303839 -55.1384251656 -55.1352149658 -55.1357080616 -55.1410576022 -55.1520567984 -55.1701792074 -55.1970378872 -55.2340631633 -55.2822538729 -55.3422917169 -55.4150280707 -55.5015137147 -55.6023927148 -55.7166181937 -55.8421447588 -55.9757377058 -56.1123154380 -56.2458474717 -56.3701824099 -56.4799596301 -56.5728391003 -56.6477660862 -56.7029403096 -56.7350785787 -56.7385903543 -56.7060290741 -56.6325973226 -56.5185243140 -56.3667465543 -56.1811450767 -55.9664219694 -55.7234298036 -55.4668931878 -55.1724768819 -54.8918110247 -54.5476170865
-0.0000000000 -233.0699130035 -240.2914546709 -55.8313350934 -55.3192696488 -55.1608020485 -55.3521128610 -55.3672696429 -55.3832078642 -55.3872244206 -55.3909697714 -55.3965771129 -55.4052470102 -55.4175306401 -55.4345825214 -55.4577393731 -55.4883592376 -55.5275729495 -55.5763134828 -55.6357802040 -55.7074471690 -55.7924387511 -55.8904146868 -55.9999882513 -56.1188007886 -56.2433403860 -56.3694975100 -56.4928182744 -56.6092534734 -56.7168244793 -56.8131630411 -56.8938004036 -56.9524151639 -56.9807766868 -56.9696900297 -56.9136339222 -56.8127441424 -56.6700658260 -56.4900190088 -56.2772002805 -56.0293295097 -55.7827479081 -55.3673960672 -55.3164381709 -54.5077327362
-0.0000000000 -0.0000000000 -244.6828607613 -251.6451013309 -54.2650724191 -55.4801907748 -55.6188507966 -55.6054170439 -55.6198282671 -55.6247898164 -55.6310436727 -55.6393114825 -55.6498901250 -55.6627106700 -55.6785694536 -55.6985286047 -55.7238646665 -55.7557502117 -55.7952471514 -55.8437364406 -55.9028971514 -55.9741041080 -56.0575308182 -56.1523419242 -56.2570083658 -56.3695011263 -56.4875389030 -56.6083267781 -56.7290908353 -56.8481991196 -56.9622639060 -57.0648069794 -57.1472305633 -57.1993207733 -57.2104567920 -57.1741451328 -57.0896594600 -56.9587766770 -56.7855132347 -56.5703474261 -56.3118217298 -56.0426949080 -55.4945692554 -55.4664053445 487.5960236118
-0.0000000000 -0.0000000000 -0.0000000000 -254.0184937734 -263.0276247187 -56.3326548321 -55.8152996655 -55.9021536967 -55.8482943914 -55.8526979037 -55.8550877503 -55.8641622036 -55.8755810851 -55.8885089844 -55.9032699030 -55.9206309229 -55.9418028395 -55.9679653875 -56.0002625967 -56.0401683574 -56.0894237389 -56.1494851788 -56.2208493386 -56.3030730533 -56.3952900115 -56.4966959201 -56.6065326579 -56.7234342503 -56.8457223173 -56.9720058003 -57.0982134516 -57.2166921638 -57.3175641535 -57.3895203431 -57.4211746956 -57.4052222020 -57.3398498047 -57.2241707845 -57.0645095361 -56.8437294271 -56.6281082697 -56.1765972537 -55.9543856920 359.6741910270 1313.9215757856
-0.0000000000 -0.0000000000 -0.0000000000 -0.0000000000 -266.5903863089 -274.6645282371 -56.0603221023 -56.0454122604 -56.0405588594 -56.0497916573 -56.0577040530 -56.0693083486 -56.0829516065 -56.0966123908 -56.1110427228 -56.1268253411 -56.1452518252 -56.1675270958 -56.1948719712 -56.2287821986 -56.2709426705 -56.3227450076 -56.3848033733 -56.4568570444 -56.5384475237 -56.6296057210 -56.7306462591 -56.8412850275 -56.9606790815 -57.0876178657 -57.2178736173 -57.3436769928 -57.4551109613 -57.5408825464 -57.5897285767 -57.5938931873 -57.5498416730 -57.4533824349 -57.3077273061 -57.0866484860 -56.8536878433 -56.3325530442 -56.0116352905 365.2024803349 800.8247322344
-0.0000000000 -0.0000000000 -0.0000000000 -0.0000000000 -0.0000000000 -277.4212813655 -286.2629545563 -56.2327536584 -56.2239557957 -56.2333981703 -56.2445172053 -56.2577578157 -56.2749207037 -56.2899384930 -56.3050571032 -56.3204492948 -56.3376623754 -56.3579163792 -56.3824847904 -56.4128008932 -56.4503835761 -56.4964232583 -56.5514536879 -56.6151737477 -56.6872351876 -56.7680928834 -56.8586769147 -56.9594378399 -57.0701725928 -57.1899836084 -57.3151700700 -57.4389577382 -57.5526420478 -57.6460829567 -57.7091045050 -57.7340210093 -57.7156471056 -57.6465659548 -57.5273343404 -57.3261138679 -57.1125263911 -56.5983387255 -56.2835852922 370.5706765551 813.5007913172
-0.0000000000 -0.0000000000 -0.0000000000 -0.0000000000 -0.0000000000 -0.0000000000 -288.7030182423 -297.9015644034 -56.3807370804 -56.4045750813 -56.4126421637 -56.4301487834 -56.4532740825 -56.4706397644 -56.4872348667 -56.5030612379 -56.5200677772 -56.5395234676 -56.5627034331 -56.5909134793 -56.6254287838 -56.6671597046 -56.7164308076 -56.7727431079 -56.8356596810 -56.9057767480 -56.9843181669 -57.0722226259 -57.1698187813 -57.2766830364 -57.3901481617 -57.5051782764 -57.6151227118 -57.7118098812 -57.7868568521 -57.8330607375 -57.8436593031 -57.8079280179 -57.7226158250 -57.5502677395 -57.3599740049 -56.8472954507 -56.5529848483 376.8211673788 827.3186719478
-0.0000000000 -0.0000000000 -0.0000000000 -0.0000000000 -0.0000000000 -0.0000000000 -0.0000000000 -299.9684649526 -309.5856329079 -56.5485248478 -56.5730178392 -56.5832963541 -56.6218114254 -56.6400929686 -56.6586753619 -56.6748794700 -56.6919123172 -56.7109080320 -56.7331216628 -56.7596761296 -56.7915738595 -56.8294333278 -56.8733307943 -56.9225333846 -56.9764630118 -57.0357304344 -57.1016846959 -57.1755820542 -57.2581724055 -57.3495414442 -57.4482378038 -57.5512521776 -57.6543663206 -57.7518276201 -57.8374940875 -57.9050330726 -57.9464824843 -57.9481876605 -57.9027968920 -57.7682666657 -57.6081794274 -57.1136270631 -56.8232333427 383.6660497385 842.4108307491
-0.0000000000 -0.0000000000 -0.0000000000 -0.0000000000 -0.0000000000 -0.0000000000 -0.0000000000 -0.0000000000 -311.2740801531 -321.3228460070 -56.7086803521 -56.7245975948 -56.7819680122 -56.8029732986 -56.8208351286 -56.8367141270 -56.8530480326 -56.8712208943 -56.8921543657 -56.9167606325 -56.9457507021 -56.9794805801 -57.0178072020 -57.0598223933 -57.1048648251 -57.1535488314 -57.2072722362 -57.2674876715 -57.3352465820 -57.4110818351 -57.4947214045 -57.5851571479 -57.6806349796 -57.7779579742 -57.8734329713 -57.9618113602 -58.0344910148 -58.0754142945 -58.0730460584 -57.9818467693 -57.8555372772 -57.3913182588 -57.1045453377 391.1756752379 858.8845583431
-0.0000000000 -0.0000000000 -0.0000000000 -0.0000000000 -0.0000000000 -0.0000000000 -0.0000000000 -0.0000000000 -0.0000000000 -322.6629222684 -818.5402590260 -56.8634940285 -56.9603704575 -56.9561094774 -56.9745425972 -56.9880019854 -57.0030880476 -57.0197936151 -57.0387974950 -57.0607452570 -57.0861003916 -57.1150272243 -57.1472524403 -57.1818255203 -57.2181313257 -57.2568357939 -57.2993671943 -57.3472907080 -57.4018275496 -57.4638362920 -57.5340472512 -57.6132202341 -57.7018242417 -57.7991228017 -57.9037426813 -58.0118124684 -58.1147268535 -58.1946714759 -58.2358527244 -58.1915218838 -58.0987413452 -57.6814185681 -57.3867964178 399.4221445026 876.8394551220
-0.0000000000 -0.0000000000 -0.0000000000 -0.0000000000 -0.0000000000 -0.0000000000 -0.0000000000 -0.0000000000 -0.0000000000 -801.8606491211 -355.8572866214 -57.3480390053 -57.0866866525 -57.1391540825 -57.1203082606 -57.1318290574 -57.1428375155 -57.1571437720 -57.1731787143 -57.1914837840 -57.2122350739 -57.2354985729 -57.2609811414 -57.2878544581 -57.3157084013 -57.3453366949 -57.3782060053 -57.4159160408 -57.4597260801 -57.5106568788 -57.5701640401 -57.6403911209 -57.7236488979 -57.8212745195 -57.9343425580 -58.0596311365 -58.1904916836 -58.3078511973 -58.3924543660 -58.3977684813 -58.3435973407 -57.9833379077 -57.7233439151 408.4490252604 896.3400101774
-0.0000000000 -0.0000000000 -0.0000000000 -0.0000000000 -0.0000000000 -0.0000000000 -0.0000000000 -0.0000000000 -0.0000000000 -0.0000000000 -357.0817457345 -368.1762901955 -57.2349352888 -57.2398919768 -57.2440480881 -57.2581043592 -57.2698075842 -57.2822999756 -57.2949998567 -57.3088637009 -57.3241209809 -57.3409361941 -57.3591467316 -57.3782352820 -57.3981592102 -57.4199101451 -57.4449859303 -57.4749278420 -57.5108642009 -57.5537553119 -57.6054276633 -57.6689794664 -57.7478714547 -57.8454346913 -57.9630231522 -58.1013355007 -58.2558625453 -58.4062343027 -58.5280545321 -58.5835011682 -58.5442538688 -58.2996455975 -57.9356308636 418.4043955568 917.4396659905
-0.0000000000 -0.0000000000 -0.0000000000 -0.0000000000 -0.0000000000 -0.0000000000 -0.0000000000 -0.0000000000 -0.0000000000 -0.0000000000 -0.0000000000 -368.8014917173 -380.5146678077 -57.3580479950 -57.3663712154 -57.3765580879 -57.3909146436 -57.3999313701 -57.4082143037 -57.4165389732 -57.4254576139 -57.4352596883 -57.4459952223 -57.4575906415 -57.4704935071 -57.4859348579 -57.5054187601 -57.5303168437 -57.5614419767 -57.5993687393 -57.6457675056 -57.7039957376 -57.7784233684 -57.8724855279 -57.9947610209 -58.1340449204 -58.3057592133 -58.4855929810 -58.6500406716 -58.7606181079 -58.7886963332 -58.5715766512 -58.2635618714 948.7870770301 940.0509502025
-0.0000000000 -0.0000000000 -0.0000000000 -0.0000000000 -0.0000000000 -0.0000000000 -0.0000000000 -0.0000000000 -0.0000000000 -0.0000000000 -0.0000000000 -0.0000000000 -380.7685629230 -392.8645331089 -57.4669920232 -57.4949499550 -57.4991754008 -57.5060243198 -57.5079468035 -57.5101866740 -57.5123382781 -57.5150911479 -57.5186846386 -57.5236267597 -57.5309347782 -57.5420636444 -57.5584149031 -57.5809488117 -57.6096771252 -57.6442394765 -57.6856341935 -57.7375189662 -57.8030650384 -57.8918900514 -57.9817555669 -58.1175218495 -58.3015852376 -58.4979700481 -58.6703235209 -58.8293553722 -58.6925127307 -58.7153554486 449.5734309240 986.5122707267 -0.0000000000
-0.0000000000 -0.0000000000 -0.0000000000 -0.0000000000 -0.0000000000 -0.0000000000 -0.0000000000 -0.0000000000 -0.0000000000 -0.0000000000 -0.0000000000 -0.0000000000 -0.0000000000 -392.7290751299 -917.2429519673 -57.6074760004 -57.6363481723 -57.6267531787 -57.6204295232 -57.6148689889 -57.6102176620 -57.6067217179 -57.6046152390 -57.6048147027 -57.6088756236 -57.6184514606 -57.6348172316 -57.6585426707 -57.6890671231 -57.7243118789 -57.7626039131 -57.8052813847 -57.8553643481 -57.9037757039 -57.9816050110 -58.0413567571 -58.1916618962 -58.3785308947 -58.5849374927 -58.7659464347 -58.9074792433 -58.7154648501 982.3409238206 505.0478082910 -0.0000000000
-0.0000000000 -0.0000000000 -0.0000000000 -0.0000000000 -0.0000000000 -0.0000000000 -0.0000000000 -0.0000000000 -0.0000000000 -0.0000000000 -0.0000000000 -0.0000000000 -0.0000000000 -900.8578224985 -945.5955023714 -57.8132126854 -57.7153330094 -57.7134333569 -57.6937980230 -57.6828201107 -57.6727174557 -57.6643047150 -57.6576167460 -57.6542601601 -57.6565829313 -57.6665326033 -57.6854140066 -57.7135390699 -57.7479914200 -57.7815629143 -57.8086662067 -57.8318600697 -57.8526217971 -57.8747204148 -57.8443923565 -57.7701315445 -58.0000472614 -58.2587881721 -58.6184803124 -59.0965850723 -59.6000930693 486.8907178869 1515.9217568660 -0.0000000000 -0.0000000000
