0.0000000000 0.0013969256 0.0046557046 0.0087816843 0.0141800033 0.0209461042 0.0293635228 0.0397983375 0.0528000523 0.0691857070 0.0901967454 0.1177307687 0.1546775301 0.2053249386 0.2756477882 0.3734045021 0.5078074002 0.6882199575 0.9223243123 1.2155120359 1.5706192518 1.9875920109 2.4637213098 2.9940929425 3.5722086642 4.1907799878 4.8424687865 5.5206421004 6.2201191674 6.9370935889 7.6685130562 8.4116568279 9.1643500601 9.9250561385 10.6928029341 11.4669427377 12.2469114385 13.0321043799 13.8219363136 14.6159000686 15.4134280438 16.2140106580 17.0172627828 17.8222212633 18.6295425713
0.1412807310 0.1424779822 0.1454785771 0.1494218732 0.1546717335 0.1613035597 0.1695726469 0.1798170954 0.1925577879 0.2085825882 0.2291018836 0.2559765543 0.2920380553 0.3414580020 0.4100755195 0.5055120629 0.6368518430 0.8133548473 1.0426538559 1.3301476964 1.6787235923 2.0884236403 2.5566784722 3.0787637808 3.6484262668 4.2586145340 4.9021948796 5.5726960518 6.2650508245 6.9755228123 7.7010972751 8.4390639040 9.1872335334 9.9440356145 10.7084511645 11.4797811051 12.2574044023 13.0406566478 13.8288932030 14.6215508340 15.4180079394 16.2177108994 17.0201750462 17.8245209721 18.6310350003
0.2877761933 0.2889488533 0.2918474066 0.2956827076 0.3008097515 0.3073065134 0.3154197137 0.3254773352 0.3379868539 0.3537191610 0.3738611817 0.4002387436 0.4356298022 0.4841280383 0.5514673000 0.6451377230 0.7740743445 0.9473944331 1.1726241794 1.4551024233 1.7977120838 2.2005560732 2.6611916713 3.1750843629 3.7362133769 4.3377661769 4.9728317477 5.6351272840 6.3197268097 7.0229907654 7.7419691953 8.4739906643 9.2168766657 9.9690410191 10.7294260444 11.4972805981 12.2719282305 13.0526479054 13.8387379983 14.6295798595 15.4244965299 16.2228899673 17.0242105053 17.8276249584 18.6333618461
0.4408385376 0.4419759273 0.4447954965 0.4485401865 0.4535582736 0.4599283754 0.4678922168 0.4777716890 0.4900654290 0.5055317682 0.5253387435 0.5512824784 0.5860932980 0.6337909679 0.7000067367 0.7920989437 0.9188479175 1.0892169675 1.3106096349 1.5882854981 1.9251025154 2.3212045391 2.7742566670 3.2798964198 3.8323245070 4.4249649297 5.0511352267 5.7047546768 6.3810603768 7.0765370730 7.7883248257 8.5138112597 9.2508443981 9.9978337630 10.7536896574 11.5176125768 12.2888730152 13.0666944359 13.8503184494 14.6390698256 15.4322155400 16.2291051464 17.0291318913 17.8314253099 18.6361606848
0.6031296846 0.6042421076 0.6070085942 0.6106765301 0.6155912529 0.6218329669 0.6296430461 0.6393423544 0.6514259963 0.6666448121 0.6861526050 0.7117202905 0.7460353208 0.7930502174 0.8582974848 0.9490016894 1.0737791432 1.2414236061 1.4591958939 1.7322540798 2.0634101262 2.4528304390 2.8982726847 3.3955323710 3.9390199507 4.5223924832 5.1392014405 5.7835815274 6.4509536815 7.1379529061 7.8418348866 8.5600686826 9.2905478935 10.0316922061 10.7823893427 11.5417970677 12.3091368360 13.0835792845 13.8643105442 14.6505984184 15.4416530050 16.2367670401 17.0352805624 17.8362631866 18.6398857901
0.7771252670 0.7782133682 0.7809308528 0.7845211764 0.7893265206 0.7954286201 0.8030706950 0.8125753220 0.8244374165 0.8394038033 0.8586174588 0.8838274265 0.9176813419 0.9640667903 1.0284173770 1.1178199046 1.2407177973 1.4057224362 1.6199372359 1.8884040066 2.2138749141 2.5965271911 3.0342007315 3.5228384179 4.0570518531 4.6307282088 5.2376563332 5.8721960291 6.5299678961 7.2077778682 7.9030185545 8.6132600888 9.3364589120 10.0710591414 10.8159365477 11.5702137321 12.3330686491 13.1036227188 13.8810084885 14.6644366596 15.4530590992 16.2461065888 17.0428637824 17.8423189224 18.6446539922
0.9656729860 0.9667369774 0.9694019765 0.9729052212 0.9775849504 0.9835248013 0.9909712406 1.0002506661 1.0118602424 1.0265451813 1.0454400503 1.0702739737 1.1036562588 1.1494101532 1.2128683501 1.3009740962 1.4219878789 1.5843257992 1.7949206906 2.0586864356 2.3783064803 2.7539630331 3.1835741444 3.6632258634 4.1877268137 4.7511934922 5.3476550204 5.9717031640 6.6191687779 7.2870429931 7.9728712753 8.6743410435 9.3894871343 10.1167919207 10.8551310052 11.6036010696 12.3613436270 13.1274358951 13.9009597676 14.6810696071 15.4668583022 16.2574903132 17.0521924253 17.8498554722 18.6506814329
1.1718733101 1.1729119995 1.1755130687 1.1789109543 1.1834382161 1.1891808881 1.1963893206 1.2053948219 1.2166979605 1.2310436212 1.2495588210 1.2739531104 1.3067970829 1.3518480484 1.4143336915 1.5010460999 1.6200519258 1.7795595351 1.9863201494 2.2451121328 2.5585472497 2.9268136800 3.3479110135 3.8180715044 4.3323024591 4.8849516647 5.4702914819 6.0831494509 6.7195714777 7.3767405973 8.0523644297 8.7442589554 9.4505497180 10.1697697402 10.9008064112 11.6427410699 12.3946871665 13.1556840261 13.9247671600 14.7010364589 15.4835262949 16.2713308269 17.0636184692 17.8591645755 18.6582066586
1.3992133088 1.4002244014 1.4027436665 1.4060099888 1.4103477216 1.4158458357 1.4227583703 1.4314216864 1.4423397060 1.4562567184 1.4742913394 1.4981319797 1.5303079825 1.5745068430 1.6358449018 1.7209536167 1.8376938175 1.9940540385 2.1965950750 2.4499566743 2.7566820029 3.1169739751 3.5289254789 3.9889262279 4.4921903280 5.0333026934 5.6067823221 6.2076939484 6.8322975747 7.4779669535 8.1425737742 8.8240680152 9.5206738361 10.2309848291 10.9539115082 11.6885309826 12.4339380133 13.1891415277 13.9531362960 14.7249707058 15.5036226050 16.2881111478 17.0775492316 17.8705659013 18.6674797456
1.6515588132 1.6525387979 1.6549521827 1.6580532878 1.6621549184 1.6673493159 1.6738930765 1.6821265197 1.6925553320 1.7059210900 1.7233311492 1.7464487487 1.7777568056 1.8208664660 1.8807735749 1.9639373172 2.0779996038 2.2307174560 2.4284553738 2.6757165591 2.9749860524 3.3264988441 3.7284619827 4.1774431530 4.6688786527 5.1976008606 5.7583804244 6.3465187688 6.9584837860 7.5918308783 8.2445896769 8.9148426668 9.6009149821 10.3014668741 11.0154415023 11.7419225055 12.4799957442 13.2286482630 13.9868412322 14.7535763382 15.5277808986 16.3083948356 17.0944963135 17.8845124977 18.6789548943
1.9332004196 1.9341443745 1.9364221568 1.9393181531 1.9431293043 1.9479510751 1.9540403216 1.9617386988 1.9715502236 1.9842094901 2.0008072575 2.0229746163 2.0531396502 2.0948271383 2.1528998556 2.2336301299 2.3444262371 2.4928024791 2.6849245651 2.9251675857 3.2159771580 3.5576472224 3.9485302911 4.3854025907 4.8639465688 5.3792582771 5.9263679080 6.5008126326 7.0992574211 7.7194228150 8.3594817676 9.0176397903 9.6923185018 10.3822454498 11.0864027663 11.8038897989 12.5337926366 13.2750849889 14.0267023107 14.7876049276 15.5566760540 16.3327652196 17.1149301446 17.9012482004 18.6924872012
2.2488857862 2.2497872887 2.2518952648 2.2545421349 2.2580036784 2.2623778978 2.2679181354 2.2749630116 2.2840092795 2.2957777760 2.3113343640 2.3322677135 2.3609387043 2.4007711309 2.4564775021 2.5341246082 2.6408697693 2.7839733013 2.9694033777 3.2014225204 3.4824650315 3.8129216352 4.1913329334 4.6147260664 5.0790639152 5.5797306449 6.1120290126 6.6717324336 7.2556891898 7.8617612564 8.4882412643 9.1334392369 9.7958602951 10.4742929856 11.1677595103 11.8753811354 12.5962515799 13.3293392461 14.0735630473 14.8278502665 15.5910611024 16.3619464984 17.1397293835 17.9216587087 18.7092120848
2.6037797471 2.6046310767 2.6065330855 2.6088865365 2.6119398591 2.6157918727 2.6206869460 2.6269541739 2.6350750408 2.6457471738 2.6600000673 2.6793658916 2.7061213358 2.7435687514 2.7962467017 2.8699916905 2.9716881465 3.1083296439 3.2856916712 3.5079477092 3.7775593309 4.0950639186 4.4592459408 4.8674396759 5.3159367042 5.8004457611 6.3165640174 6.8603058989 7.4286882339 8.0196836853 8.6316708133 9.2630350506 9.9123416375 10.5784247581 11.2603408062 11.9572341017 12.6682095830 13.3922358019 14.1282216830 14.8750690312 15.6316233268 16.3965478026 17.1692330810 17.9461457209 18.7307618434
3.0029246869 3.0037159460 3.0053760396 3.0073949908 3.0099871782 3.0132492604 3.0174094291 3.0227788570 3.0298134866 3.0391757562 3.0518445461 3.0692781098 3.0936474077 3.1281062556 3.1769879460 3.2458658547 3.3413223970 3.4700677766 3.6376921449 3.8483114686 4.1044636372 4.4068949282 4.7547030632 5.1456006208 5.5762721435 6.0428015824 6.5411133734 7.0674744379 7.6190557543 8.1939037281 8.7904394056 9.4070840823 10.0424295274 10.6953306013 11.3648641502 12.0501925113 12.7504304676 13.4645483269 14.1914481529 14.9300123760 15.6790728108 16.4372299695 17.2039642404 17.9752666419 18.7555394402
3.4504046169 3.4511233377 3.4525067275 3.4541553642 3.4562425781 3.4588588962 3.4622078887 3.4665729271 3.4723725802 3.4802203646 3.4910283824 3.5061611258 3.5276586671 3.5584935321 3.6027554246 3.6657142079 3.7536139470 3.8728601058 4.0288659768 4.2257269244 4.4661134944 4.7510518305 5.0800320606 5.4512276092 5.8617929638 6.3082503069 6.7868948673 7.2942650989 7.8276748843 8.3852046887 8.9652687006 9.5662779148 10.1868095142 10.8257067764 11.4820461891 12.1549972167 12.8436777775 13.5470567021 14.2640281398 14.9934586029 15.7341650433 16.4847120969 17.2446251120 18.0096335268 18.7848118454
3.9485682849 3.9492000479 3.9502752844 3.9515255719 3.9530764825 3.9550079412 3.9574901564 3.9607683891 3.9652116641 3.9713705321 3.9800737286 3.9925714859 4.0107461883 4.0373528401 4.0761947418 4.1321925258 4.2112097278 4.3193204927 4.4617674857 4.6426621948 4.8648643312 5.1297517549 5.4372885697 5.7861962811 6.1741839317 6.5982844478 7.0552176016 7.5418221285 8.0555507607 8.5944813483 9.1569719179 9.7413755256 10.3462108071 10.9702728676 11.6126121369 12.2723891223 12.9487127191 13.6405417417 14.3467564572 15.0662068412 15.7976871161 16.5397582148 17.2918707362 18.0499469939 18.8183314178
4.4973047931 4.4978347625 4.4985772129 4.4994114660 4.5004099162 4.5016378101 4.5032243787 4.5053677754 4.5083768737 4.5127270054 4.5191487072 4.5287594033 4.5432585370 4.5651479440 4.5979014746 4.6460433815 4.7150113482 4.8105161679 4.9376283409 5.1005025890 5.3022333277 5.5446112416 5.8281471983 6.1521928432 6.5150967495 6.9144804783 7.3475517159 7.8114906547 8.3038979723 8.8228237231 9.3665289117 9.9332671298 10.5214577884 11.1298116670 11.7573250637 12.4031292583 13.0663065266 13.7457911281 14.4404369664 15.1490709474 15.8704429007 16.6031508090 17.3462830534 18.0969356960 18.8579636554
5.0930783319 5.0934954142 5.0938930454 5.0943063376 5.0947523913 5.0952795059 5.0959718190 5.0969753862 5.0985326326 5.1010360314 5.1051082881 5.1117210643 5.1223718717 5.1392809244 5.1655566266 5.2052850786 5.2634339290 5.3453132645 5.4558038437 5.5991059652 5.7785660450 5.9964206242 6.2537752838 6.5506746174 6.8861815317 7.2585836025 7.6656480571 8.1049534283 8.5742788799 9.0716450366 9.5951969534 10.1430648954 10.7135409978 11.3052227378 11.9170256413 12.5480280101 13.1972625684 13.8636184193 14.5459074459 15.2429217756 15.9533841140 16.6759017052 17.4095667579 18.1516642677 18.9054261517
5.7290473116 5.7293485659 5.7294063425 5.7294074214 5.7293160652 5.7291648881 5.7289944128 5.7288995434 5.7290567648 5.7297750950 5.7315675182 5.7352557592 5.7421269517 5.7541051080 5.7739118042 5.8051660433 5.8523290208 5.9202697830 6.0136405648 6.1366529421 6.2928799288 6.4849928876 6.7146988653 6.9827617719 7.2890081928 7.6324575953 8.0115108613 8.4242175350 8.8685947216 9.3426714680 9.8444964000 10.3720836905 10.9235938672 11.4974967093 12.0926046916 12.7079153748 13.3423823905 13.9948208096 14.6639744220 15.3485769516 16.0473073088 16.7587509559 17.4820031327 18.2143322667 18.9593808936
6.3975781356 6.3977680650 6.3975043794 6.3971122715 6.3965097429 6.3957183219 6.3947416532 6.3936302206 6.3925012653 6.3915866350 6.3912952197 6.3923034337 6.3956908820 6.4030857425 6.4168183856 6.4400282949 6.4766462888 6.5310627979 6.6076465417 6.7105529485 6.8435144472 7.0095800167 7.2110181507 7.4492928223 7.7250063699 8.0379529998 8.3872338025 8.7714509132 9.1889471841 9.6378426903 10.1161547068 10.6218263367 11.1529117151 11.7077576853 12.2850581295 12.8836997635 13.5025230884 14.1402347493 14.7954785772 15.4669011167 16.1531189509 16.8526734085 17.5646935979 18.2863699639 19.0219522803
7.0916319963 7.0917190201 7.0911575941 7.0903954974 7.0893133174 7.0879289809 7.0862194968 7.0842017041 7.0819446548 7.0796142335 7.0775265220 7.0762244096 7.0765922527 7.0799759864 7.0883262564 7.1043079539 7.1313134354 7.1732257836 7.2340690338 7.3178538434 7.4283730998 7.5689564212 7.7423498264 7.9506524249 8.1952129670 8.4766116631 8.7946979603 9.1487059055 9.5374104147 9.9591427608 10.4119961753 10.8939249197 11.4029328069 11.9372706802 12.4955086815 13.0763942123 13.6786203664 14.3007488458 14.9412874634 15.5987613272 16.2716949315 16.9585563682 17.6584940004 18.3685901594 19.0937288641
7.8051504761 7.8051439549 7.8043046986 7.8031922147 7.8016591323 7.7997296722 7.7973665295 7.7945656719 7.7913613151 7.7878671836 7.7843213903 7.7811498729 7.7790611632 7.7791430169 7.7829917306 7.7928193710 7.8114898287 7.8423643917 7.8890651383 7.9553612692 8.0449882178 8.1614303203 8.3077907855 8.4866976334 8.7001750039 8.9495623173 9.2354761502 9.5578458684 9.9159883179 10.3085904165 10.7339621329 11.1901845121 11.6752977653 12.1875081761 12.7252723924 13.2871779417 13.8717417014 14.4773473195 15.1023318613 15.7450639845 16.4039425270 17.0773305988 17.7643671651 18.4620123675 19.1757285130
8.5335688255 8.5334744827 8.5323609641 8.5309041789 8.5289364223 8.5265001877 8.5235563050 8.5200924533 8.5161212944 8.5117183112 8.5070592175 8.5024715531 8.4985113707 8.4960388760 8.4963315794 8.5011846261 8.5129609706 8.5345036930 8.5689899873 8.6198583924 8.6906672967 8.7849171553 8.9059252048 9.0567110156 9.2398646716 9.4574159735 9.7107279116 10.0004578055 10.3265587348 10.6882215676 11.0841312121 11.5126350578 11.9719232048 12.4602344130 12.9759433645 13.5174734923 14.0831503131 14.6711573548 15.2796337797 15.9067610793 16.5507783698 17.2099089942 17.8832382858 18.5675880385 19.2688820601
9.2739734585 9.2737867545 9.2723703580 9.2705513721 9.2681421008 9.2652182001 9.2617491159 9.2577243516 9.2531454834 9.2480610603 9.2425980016 9.2370028439 9.2317025736 9.2273621079 9.2249803967 9.2259806840 9.2322670079 9.2461868490 9.2704536488 9.3081116103 9.3624419283 9.4368316609 9.5346653793 9.6592015585 9.8134547535 10.0000328727 10.2209764685 10.4776578253 10.7707228613 11.0999907037 11.4646725761 11.8635287713 12.2950302138 12.7575495381 13.2494390381 13.7689827958 14.3143257328 14.8834509126 15.4742895599 16.0848175044 16.7130861976 17.3571461101 18.0159735828 18.6862317779 19.3741187223
10.0245308320 10.0242212481 10.0224205814 10.0201859377 10.0172977215 10.0138789443 10.0099168367 10.0054076180 10.0003485400 9.9947681568 9.9887549017 9.9824888765 9.9762894016 9.9706569181 9.9663529615 9.9644787198 9.9665318590 9.9744038884 9.9903515818 10.0169933544 10.0572628051 10.1143257236 10.1914976381 10.2921231396 10.4194820878 10.5766146192 10.7661267824 10.9900446170 11.2497116743 11.5456502165 11.8777157450 12.2452147045 12.6470328510 13.0817965111 13.5479281455 14.0436373376 14.5669351012 15.1156345778 15.6874742663 16.2802253991 16.8917366517 17.5198596946 18.1634007932 18.8188385217 19.4923963799
10.7837390478 10.7832564317 10.7809335542 10.7782066695 10.7747655905 10.7708175965 10.7663720907 10.7614312975 10.7559907214 10.7500615044 10.7437005754 10.7370334150 10.7302907287 10.7238372946 10.7182375181 10.7143218723 10.7132399175 10.7164788853 10.7258670779 10.7435939483 10.7722047715 10.8145621300 10.8737942497 10.9531888496 11.0561280965 11.1859195605 11.3455908796 11.5377186153 11.7642963102 12.0265669618 12.3251020912 12.6598595869 13.0302640078 13.4353236050 13.8736517002 14.3434868765 14.8427895202 15.3692667086 15.9205080640 16.4941052242 17.0877066080 17.6989524439 18.3264177071 18.9663707822 19.6247561999
11.5507071907 11.5497218650 11.5466221757 11.5432571062 11.5391687284 11.5346234976 11.5296891840 11.5243518731 11.5186068826 11.5124445847 11.5058947359 11.4990372918 11.4920310852 11.4851313962 11.4787431010 11.4734756800 11.4701898110 11.4700268097 11.4744303722 11.4851818645 11.5044262675 11.5346706439 11.5787632511 11.6398109297 11.7211429018 11.8261637714 11.9581590212 12.1201191011 12.3145923702 12.5435025447 12.8081556434 13.1092260276 13.4467769910 13.8203219734 14.2288026018 14.6706211600 15.1438040113 15.6460487610 16.1748705304 16.7277343126 17.3021142764 17.8954497925 18.5060367649 19.1299254584 19.7724196821
12.3241241641 12.3225869653 12.3183646932 12.3143835128 12.3094365824 12.3042053635 12.2987703315 12.2930670084 12.2870848903 12.2807839399 12.2741692666 12.2672825631 12.2602254811 12.2531670809 12.2463866306 12.2403181389 12.2355896917 12.2330564532 12.2338309103 12.2393254666 12.2512984113 12.2718791678 12.3035742043 12.3492122424 12.4119332479 12.4950766523 12.6020162001 12.7359982277 12.8999929585 13.0965131242 13.3275623885 13.5945471702 13.8982315987 14.2387367137 14.6154703701 15.0271509747 15.4720120111 15.9478662082 16.4522566522 16.9826032097 17.5362545880 18.1104918165 18.7032910636 19.3105286328 19.9364883824
13.1050924333 13.1005676272 13.0956193222 13.0906211199 13.0849866198 13.0788692824 13.0729614504 13.0669284004 13.0607794795 13.0544222075 13.0478399602 13.0410424278 13.0340874450 13.0270783567 13.0201983927 13.0137460887 13.0081676074 13.0040885841 13.0023465303 13.0040343881 13.0105559711 13.0236674695 13.0455034486 13.0785496458 13.1256519316 13.1899472713 13.2747406781 13.3833726787 13.5190805013 13.6848328885 13.8832398593 14.1163985555 14.3857847019 14.6921905974 15.0356076092 15.4152206420 15.8296217923 16.2768826185 16.7547007132 17.2605632829 17.7917758422 18.3455571966 18.9196249831 19.5097737122 20.1194746652
0.0000000000 13.8837146418 13.8769128998 13.8733122842 13.8651324197 13.8580286168 13.8517516747 13.8454862704 13.8392738808 13.8329461804 13.8264763277 13.8198514077 13.8130994272 13.8062764730 13.7994951813 13.7929526239 13.7869564816 13.7819536023 13.7785600494 13.7776014888 13.7801703927 13.7876745772 13.8018755975 13.8248856174 13.8591915889 13.9076287274 13.9733046976 14.0595055470 14.1695764062 14.3067833205 14.4742053553 14.6745326743 14.9099055247 15.1817985106 15.4908607214 15.8368666307 16.2189072531 16.6354581185 17.0845039664 17.5637281960 18.0704546417 18.6020009558 19.1556099322 19.7276099698 20.3199462508
0.0000000000 0.0000000000 14.6628620345 14.6556935128 14.6511623440 14.6413197978 14.6348919435 14.6285119078 14.6223422381 14.6161277909 14.6098309712 14.6034315707 14.5969401481 14.5903816504 14.5838191274 14.5773760424 14.5712576628 14.5657752389 14.5613716424 14.5586561834 14.5584585212 14.5618774345 14.5703242858 14.5855381206 14.6096198803 14.6450430741 14.6946231518 14.7614649846 14.8488710635 14.9602371134 15.0989447834 15.2681355687 15.4705153384 15.7081975597 15.9825088892 16.2938922068 16.6420503928 17.0259971958 17.4441391672 17.8945117345 18.3745619239 18.8819342660 19.4139483657 19.9646678517 20.5464992094
0.0000000000 0.0000000000 0.0000000000 15.4596404380 15.4359014865 15.4256618441 15.4215625174 15.4155023135 15.4096578671 15.4036622837 15.3975921001 15.3914475385 15.3852414817 15.3789818858 15.3726994477 15.3664659705 15.3604132751 15.3547527245 15.3497959643 15.3459833719 15.3439316390 15.3444781710 15.3487238228 15.3580590477 15.3742030197 15.3992427266 15.4356409191 15.4862228815 15.5541167411 15.6426857095 15.7554357920 15.8957901069 16.0668804939 16.2713661338 16.5112150901 16.7875644653 17.1007988445 17.4505704440 17.8358012233 18.2550082196 18.7055830173 19.1861499826 19.6900158005 20.2222359063 20.7603677868
0.0000000000 0.0000000000 0.0000000000 0.0000000000 16.2108784904 16.2184079425 16.2110373986 16.2067321237 16.2010242028 16.1953277723 16.1894849982 16.1835965212 16.1776748191 16.1717183253 16.1657371460 16.1597673268 16.1538895626 16.1482439309 16.1430460939 16.1386094611 16.1353850009 16.1339985916 16.1352891144 16.1403392758 16.1505144454 16.1675205587 16.1934410481 16.2307562794 16.2823162437 16.3513081128 16.4411886369 16.5554818759 16.6975795739 16.8705538888 17.0769277718 17.3185064469 17.5963819662 17.9109199870 18.2616469923 18.6478106278 19.0665748172 19.5199811977 19.9896254639 20.5124186186 0.0000000000
0.0000000000 0.0000000000 0.0000000000 0.0000000000 0.0000000000 17.0140947481 17.0077290861 17.0025622337 16.9966645935 16.9910396781 16.9853427526 16.9796699954 16.9740120085 16.9683469534 16.9626674417 16.9569832934 16.9513403666 16.9458294672 16.9405987680 16.9358700128 16.9319700796 16.9293604330 16.9286683355 16.9307173361 16.9365619983 16.9475553437 16.9654042338 16.9922122555 17.0304814706 17.0831094976 17.1533517333 17.2446608158 17.3605143904 17.5042401750 17.6787890505 17.8865553908 18.1293092990 18.4081278063 18.7232029657 19.0743584489 19.4591576219 19.8793553850 20.3184422626 20.8008504021 0.0000000000
0.0000000000 0.0000000000 0.0000000000 0.0000000000 0.0000000000 0.0000000000 17.8067589442 17.8011131687 17.7959130883 17.7902863944 17.7848348464 17.7793582728 17.7739767726 17.7686026033 17.7632309684 17.7578492547 17.7524824211 17.7471886585 17.7420708465 17.7372868745 17.7330736119 17.7297686342 17.7278338934 17.7278825206 17.7307068894 17.7373481532 17.7491608401 17.7678695299 17.7955935462 17.8348670188 17.8886310702 17.9601245497 18.0527523930 18.1699375211 18.3149103611 18.4905359481 18.6991847368 18.9426121930 19.2216903416 19.5369192391 19.8863113437 20.2724419987 20.6778284028 21.1301019825 0.0000000000
0.0000000000 0.0000000000 0.0000000000 0.0000000000 0.0000000000 0.0000000000 0.0000000000 18.6042502959 18.5979511263 18.5931056976 18.5876392726 18.5824095443 18.5773087040 18.5722486520 18.5672029772 18.5621472876 18.5570932795 18.5520797767 18.5471806100 18.5425106438 18.5382429781 18.5346238823 18.5319894230 18.5307866881 18.5315937673 18.5351867885 18.5426062379 18.5552193255 18.5747601544 18.6033660856 18.6435964125 18.6983749998 18.7709049061 18.8645570290 18.9826877179 19.1284863700 19.3048018486 19.5139758437 19.7575193477 20.0365668034 20.3497232576 20.7000568477 21.0705253831 21.4890115619 0.0000000000
0.0000000000 0.0000000000 0.0000000000 0.0000000000 0.0000000000 0.0000000000 0.0000000000 0.0000000000 19.4042401969 19.3982982742 19.3937860306 19.3884910738 19.3838289288 19.3791043717 19.3744246783 19.3697215857 19.3650117202 19.3603227675 19.3557120595 19.3512666651 19.3471156411 19.3434395236 19.3404808692 19.3385594776 19.3380842911 19.3396149279 19.3439247452 19.3520624418 19.3654002374 19.3856794725 19.4150500554 19.4560596616 19.5116142710 19.5849080200 19.6792780791 19.7980817380 19.9444984933 20.1213273036 20.3306292801 20.5741033574 20.8509825333 21.1646803292 21.4991333847 21.8810196067 0.0000000000
0.0000000000 0.0000000000 0.0000000000 0.0000000000 0.0000000000 0.0000000000 0.0000000000 0.0000000000 0.0000000000 20.2075055234 20.2020531036 20.1975125824 20.1931901083 20.1889439407 20.1846647387 20.1803504964 20.1760090178 20.1716724153 20.1673891597 20.1632298640 20.1592939972 20.1557160442 20.1526710864 20.1503845778 20.1491371985 20.1493193234 20.1514876364 20.1564213338 20.1651720462 20.1791119942 20.1999873791 20.2299454516 20.2715358276 20.3276806354 20.4015723066 20.4965836461 20.6160666509 20.7631219259 20.9402349589 21.1495431073 21.3909115959 21.6678063727 21.9659398854 22.3089129140 0.0000000000
0.0000000000 0.0000000000 0.0000000000 0.0000000000 0.0000000000 0.0000000000 0.0000000000 0.0000000000 0.0000000000 0.0000000000 21.0143901905 21.0079990248 21.0053979577 21.0015289352 20.9977374062 20.9938256229 20.9898670102 20.9858929366 20.9819498610 20.9780983572 20.9744183121 20.9710127614 20.9680097784 20.9655679488 20.9638758472 20.9631985206 20.9639258008 20.9666204574 20.9720650617 20.9813071570 20.9957201248 21.0170578634 21.0474891979 21.0896019849 21.1463476241 21.2209764471 21.3168661046 21.4372540592 21.5849065302 21.7622333460 21.9697253159 22.2104698147 22.4730267787 22.7752785329 0.0000000000
0.0000000000 0.0000000000 0.0000000000 0.0000000000 0.0000000000 0.0000000000 0.0000000000 0.0000000000 0.0000000000 0.0000000000 21.8192577950 21.8234372738 21.8193880512 21.8168381355 21.8134513011 21.8099982773 21.8064289616 21.8028206441 21.7992131407 21.7956627138 21.7922363532 21.7890165963 21.7861005796 21.7836026502 21.7816505121 21.7804231862 21.7801901698 21.7813501092 21.7844713407 21.7903306554 21.7999758251 21.8147979340 21.8365899511 21.8675757771 21.9104003243 21.9680838629 22.0439018920 22.1410706057 22.2624828468 22.4106370915 22.5865902384 22.7926356104 23.0210527685 23.2817915215 0.0000000000
0.0000000000 0.0000000000 0.0000000000 0.0000000000 0.0000000000 0.0000000000 0.0000000000 0.0000000000 0.0000000000 0.0000000000 0.0000000000 22.6410940134 22.6375722115 22.6350227126 22.6318059377 22.6287086723 22.6254962725 22.6222383509 22.6189466569 22.6156708811 22.6124671001 22.6094048633 22.6065624793 22.6040282821 22.6018955284 22.6002913249 22.5994063002 22.5995231647 22.6010492074 22.6045462960 22.6107914283 22.6208578286 22.6361920733 22.6586496271 22.6905540804 22.7345742852 22.7938579061 22.8714578844 22.9702851285 23.0927006934 23.2405025700 23.4139456424 23.6131076292 23.8298400101 0.0000000000
0.0000000000 0.0000000000 0.0000000000 0.0000000000 0.0000000000 0.0000000000 0.0000000000 0.0000000000 0.0000000000 0.0000000000 0.0000000000 0.0000000000 23.4575638829 23.4547255376 23.4524327133 23.4496315356 23.4468670485 23.4439698811 23.4409879097 23.4379580344 23.4349340698 23.4319793228 23.4291633094 23.4265630311 23.4242589328 23.4223545889 23.4209967215 23.4203935433 23.4208380954 23.4227289275 23.4266263180 23.4333350435 23.4439920482 23.4601029294 23.4836311190 23.5169381058 23.5629307115 23.6244078145 23.7041286820 23.8042102679 23.9266915730 24.0704761756 24.2399011225 24.4171519665 0.0000000000
0.0000000000 0.0000000000 0.0000000000 0.0000000000 0.0000000000 0.0000000000 0.0000000000 0.0000000000 0.0000000000 0.0000000000 0.0000000000 0.0000000000 0.0000000000 24.2775272933 24.2746370292 24.2728102385 24.2704426626 24.2679657446 24.2652815373 24.2624722350 24.2595851086 24.2566854267 24.2538402068 24.2511257782 24.2486266908 24.2464458992 24.2447152696 24.2436033710 24.2433288770 24.2441676169 24.2465056826 24.2509218155 24.2583064874 24.2698138540 24.2873348669 24.3121193214 24.3478098769 24.3967222100 24.4616393231 24.5440716190 24.6479301178 24.7634562572 24.9144916949 0.0000000000 0.0000000000
0.0000000000 0.0000000000 0.0000000000 0.0000000000 0.0000000000 0.0000000000 0.0000000000 0.0000000000 0.0000000000 0.0000000000 0.0000000000 0.0000000000 0.0000000000 0.0000000000 25.0995336318 25.0972157905 25.0957408139 25.0936966446 25.0913440833 25.0887459397 25.0859697438 25.0830876167 25.0801708618 25.0773030051 25.0745836709 25.0721299411 25.0700773287 25.0685762101 25.0677938288 25.0679127897 25.0691800954 25.0719823048 25.0769606811 25.0849678031 25.0968850954 25.1154072435 25.1425190546 25.1805315975 25.2315379128 25.2972145377 25.3776809782 25.4739675400 25.5719385571 0.0000000000 0.0000000000
0.0000000000 0.0000000000 0.0000000000 0.0000000000 0.0000000000 0.0000000000 0.0000000000 0.0000000000 0.0000000000 0.0000000000 0.0000000000 0.0000000000 0.0000000000 0.0000000000 25.9238661027 25.9253741683 25.9239863929 25.9224932980 25.9204013064 25.9179975889 25.9153289186 25.9124737564 25.9095007753 25.9064979475 25.9035873903 25.9009140890 25.8986394415 25.8969301108 25.8959476570 25.8957719576 25.8964535135 25.8981531087 25.9013641398 25.9065507741 25.9150023192 25.9243730570 25.9445131982 25.9750861819 26.0189593741 26.0777418678 26.1554573374 26.2424727472 0.0000000000 0.0000000000 0.0000000000
