3.8851812517 3.8796902608 3.8725902691 3.8675665182 3.8634839446 3.8597914293 3.8557123556 3.8504773385 3.8432992959 3.8333759009 3.8198531023 3.8017210878 3.7773766697 3.7436218090 3.6967256415 3.6329215911 3.5486866891 3.4411750569 3.3090293587 3.1524491407 2.9728396377 2.7728420806 2.5562964035 2.3284247670 2.0959631120 1.8654313646 1.6424511367 1.4314693483 1.2356082141 1.0567930769 0.8960570612 0.7536870551 0.6292892221 0.5219303712 0.4303220341 0.3530515710 0.2885536180 0.2351850159 0.1913125447 0.1553944944 0.1259458712 0.1017556201 0.0800864427 0.0632413600 0.0410413864
3.9569374964 3.9538538333 3.9489007120 3.9449038626 3.9411738170 3.9374703918 3.9332873738 3.9281009486 3.9213332267 3.9123496639 3.9004006257 3.8844992216 3.8631082278 3.8335569963 3.7925325090 3.7363457983 3.6611842134 3.5636624030 3.4416360778 3.2943801807 3.1225381507 2.9282668378 2.7152276534 2.4886413627 2.2550732572 2.0210676793 1.7924974391 1.5741771767 1.3696102180 1.1810906057 1.0100257012 0.8570934645 0.7222435353 0.6047943765 0.5035696552 0.4171471443 0.3439821792 0.2824745359 0.2310240316 0.1880978300 0.1521922557 0.1220909603 0.0955315418 0.0743010871 0.0525152247
4.1189352857 4.1181121875 4.1156230756 4.1128922315 4.1097053386 4.1061066137 4.1019094683 4.0968910255 4.0907454055 4.0830665358 4.0732720975 4.0604716830 4.0432747498 4.0195933533 3.9865691870 3.9405843887 3.8774605653 3.7931183769 3.6844057766 3.5494080833 3.3877228963 3.2007493612 2.9917113982 2.7655841573 2.5286102858 2.2873265191 2.0479374519 1.8158129030 1.5951373262 1.3889512920 1.1993833186 1.0277799955 0.8746526698 0.7397273158 0.6220316097 0.5201846874 0.4326950506 0.3580209291 0.2945982432 0.2408870370 0.1953552402 0.1566714845 0.1231570810 0.0949350006 0.0704784266
4.3360671447 4.3352388936 4.3334229948 4.3311217485 4.3282023619 4.3246954891 4.3205276156 4.3156008585 4.3097451103 4.3026846757 4.2939641307 4.2828284427 4.2680332002 4.2476374864 4.2188728522 4.1780877575 4.1208997736 4.0428607010 3.9403216718 3.8107971696 3.6533115488 3.4687378422 3.2598313363 3.0311298000 2.7885625028 2.5385863255 2.2875604009 2.0412254355 1.8043514424 1.5807136280 1.3731395237 1.1835609167 1.0129692522 0.8614452062 0.7282380696 0.6120953368 0.5116132093 0.4253022085 0.3516189895 0.2890022954 0.2358991737 0.1908078430 0.1522117631 0.1187744494 0.0897033333
4.6239598689 4.6232821502 4.6218784812 4.6197559345 4.6168307098 4.6131456632 4.6087213581 4.6035672166 4.5976320691 4.5907576977 4.5825995207 4.5725101826 4.5593527013 4.5413095891 4.5156632378 4.4786800068 4.4257274435 4.3519665151 4.2532704644 4.1266449661 3.9706353713 3.7857006620 3.5742442894 3.3404650010 3.0900125963 2.8292556967 2.5646748330 2.3023272279 2.0474860683 1.8045677011 1.5770446845 1.3674265280 1.1772039809 1.0068527283 0.8558979518 0.7232685972 0.6076922444 0.5077657944 0.4219896196 0.3487952763 0.2866000136 0.2337707086 0.1888142114 0.1497877339 0.1167834140
4.9849890882 4.9843231508 4.9829276929 4.9806631798 4.9774320071 4.9732813730 4.9682813060 4.9625078948 4.9559894690 4.9486486342 4.9402208985 4.9301316315 4.9173063382 4.8999674924 4.8753676799 4.8396387413 4.7878880707 4.7149228355 4.6162332650 4.4884617229 4.3298411067 4.1405886972 3.9229097812 3.6807993238 3.4197321912 3.1460256719 2.8662474715 2.5866822031 2.3129662496 2.0499963836 1.8017571004 1.5712508542 1.3604196625 1.1701254636 1.0002016104 0.8498082125 0.7178460687 0.6030306579 0.5039287108 0.4189804153 0.3465741355 0.2849460733 0.2325389870 0.1868946283 0.1484406448
5.4278059473 5.4271265311 5.4255258142 5.4228797818 5.4190561345 5.4141139887 5.4081513814 5.4012883779 5.3936027063 5.3850676909 5.3754638877 5.3642482697 5.3503615026 5.3320122928 5.3063692229 5.2693799467 5.2158638274 5.1402793858 5.0377839522 4.9047551292 4.7392623867 4.5414562522 4.3135325538 4.0594701629 3.7847100250 3.4955856280 3.1987452896 2.9006204268 2.6070590225 2.3232462386 2.0535134840 1.8012411699 1.5687544653 1.3572758235 1.1669649982 0.9972546351 0.8472577921 0.7158456587 0.6016839905 0.5032491273 0.4189255123 0.3468345753 0.2853780137 0.2316285990 0.1863498624
5.9612017929 5.9604744317 5.9584705816 5.9552128872 5.9505104182 5.9444365138 5.9370952972 5.9286237611 5.9191148219 5.9085557923 5.8967273380 5.8830696442 5.8664831999 5.8451014045 5.8159493958 5.7747400625 5.7159780901 5.6337844165 5.5230434978 5.3799859576 5.2026829452 4.9914191701 4.7485986568 4.4783968053 4.1863890204 3.8790160622 3.5630137592 3.2448854541 2.9305319455 2.6252142999 2.3334181110 2.0587535808 1.8038239144 1.5701583788 1.3582370091 1.1677906827 0.9981765550 0.8484556292 0.7174299558 0.6036423714 0.5055110585 0.4210380546 0.3486573942 0.2847694678 0.2309776656
6.5956097115 6.5948025306 6.5922218951 6.5881412041 6.5822888333 6.5747501343 6.5656109887 6.5549952952 6.5429734283 6.5294999004 6.5143043707 6.4967500599 6.4756314306 6.4489387530 6.4134842621 6.3646905908 6.2967176053 6.2033593789 6.0792985422 5.9207516540 5.7259762779 5.4956160507 5.2325235005 4.9413107542 4.6278763833 4.2988834541 3.9611833474 3.6212919081 3.2850113891 2.9574617882 2.6430707190 2.3455025771 2.0675017064 1.8108174832 1.5762167412 1.3637311011 1.1729812136 1.0032482260 0.8535099576 0.7224161168 0.6084947164 0.5096250231 0.4245661130 0.3485304449 0.2852853871
7.3423503073 7.3414271607 7.3381067589 7.3330147579 7.3257742329 7.3164744792 7.3051542249 7.2918862660 7.2766719036 7.2593778331 7.2396210221 7.2166133154 7.1889623897 7.1544308891 7.1095322763 7.0493284913 6.9675968979 6.8578167750 6.7145556679 6.5341745349 6.3153320659 6.0592798724 5.7695878031 5.4515704324 5.1116674801 4.7569071143 4.3943182853 4.0303970208 3.6707116540 3.3200305459 2.9824960933 2.6616218885 2.3601230033 2.0798413339 1.8217616306 1.5861896729 1.3730062191 1.1817270228 1.0115364964 0.8612237791 0.7294876595 0.6139957905 0.5139894814 0.4218831955 0.3438538045
8.2132766783 8.2121975444 8.2079981586 8.2017524043 8.1929511731 8.1816736823 8.1678751889 8.1515323326 8.1325222745 8.1105598472 8.0850745220 8.0550409716 8.0187811773 7.9737190436 7.9159586832 7.8401046511 7.7394937978 7.6072964003 7.4380629470 7.2284840748 6.9778621287 6.6883384584 6.3644994402 6.0126626070 5.6400685099 5.2543042387 4.8626863229 4.4717046605 4.0865896279 3.7115566182 3.3502218896 3.0057141101 2.6805081057 2.3763679443 2.0943804632 1.8350630438 1.5985237348 1.3845062094 1.1924294290 1.0212703432 0.8701060647 0.7363381251 0.6219570452 0.5107623167 0.4160379296
9.2203735497 9.2190999644 9.2139331307 9.2064732068 9.1960531691 9.1827191399 9.1662994216 9.1466213162 9.1233750039 9.0960521909 9.0638104971 9.0252897820 8.9784083932 8.9201079784 8.8459306744 8.7498839590 8.6247650071 8.4634138819 8.2604651043 8.0131465670 7.7216776594 7.3894056788 7.0222699608 6.6279436422 6.2148022132 5.7912699925 5.3651428532 4.9429829820 4.5296283785 4.1285456817 3.7425619530 3.3741510874 3.0252878635 2.6974385156 2.3916241323 2.1084630789 1.8482145304 1.6108075708 1.3958774104 1.2026193978 1.0305146964 0.8770017458 0.7466579084 0.6173347334 0.5262710677
10.3680737659 10.3665579125 10.3603995046 10.3517655887 10.3398118963 10.3245199529 10.3055439341 10.2825064335 10.2548463041 10.2217605602 10.1820531872 10.1339309517 10.0747824518 10.0008954681 9.9070557553 9.7864788382 9.6312597478 9.4338344119 9.1890050070 8.8947563918 8.5525129012 8.1671634065 7.7463683336 7.2995524968 6.8366387759 6.3672492667 5.8999320863 5.4414729640 4.9963089968 4.5669761117 4.1552400250 3.7626307341 3.3903396579 3.0392786134 2.7101989624 2.4036654315 2.1199676561 1.8591318324 1.6209262808 1.4047342729 1.2101655290 1.0351516088 0.8832325946 0.7371118451 0.6370035253
11.6411356139 11.6393122371 11.6321811985 11.6224899658 11.6092059201 11.5922150438 11.5709563532 11.5448011492 11.5128843397 11.4740494009 11.4266821823 11.3684771027 11.2961806660 11.2052577552 11.0895365260 10.9412256450 10.7515200746 10.5123332736 10.2186850214 9.8695012189 9.4676552525 9.0198676134 8.5358411567 8.0271141841 7.5055517158 6.9823386889 6.4670734365 5.9669613760 5.4860870158 5.0259326431 4.5869881517 4.1696050187 3.7739474571 3.4001405022 3.0484604463 2.7192530276 2.4126967223 2.1287953611 1.8673457830 1.6278627152 1.4099538894 1.2122635930 1.0366443136 0.8729606048 0.7431903138
13.0024694478 13.0002763976 12.9922346935 12.9816656735 12.9673482614 12.9490523704 12.9259807410 12.8972270941 12.8615963241 12.8175499923 12.7630236288 12.6951569703 12.6099821342 12.5020155170 12.3639698025 12.1868698591 11.9608311905 11.6771080761 11.3309226267 10.9222132640 10.4554049877 9.9391819751 9.3854568588 8.8081022478 8.2212048758 7.6378130222 7.0688624490 6.5222155233 6.0017463206 5.5078871979 5.0397716462 4.5964613808 4.1769508259 3.7804183571 3.4065007516 3.0551728498 2.7263536937 2.4198852551 2.1354678283 1.8726551711 1.6309303875 1.4097492755 1.2087022306 1.0268445715 0.8633810587
14.3949314035 14.3923360622 14.3835231126 14.3723252954 14.3573547393 14.3382638347 14.3140304152 14.2834827274 14.2451124543 14.1970195502 14.1367074789 14.0607790432 13.9645505778 13.8415500689 13.6833094994 13.4795766846 13.2192638393 12.8928192010 12.4955293652 12.0282104950 11.4966908205 10.9114828205 10.2866217191 9.6383081110 8.9829607387 8.3356961156 7.7090605775 7.1118780613 6.5480920165 6.0172842887 5.5173485918 5.0461206300 4.6014310259 4.1814579265 3.7850987205 3.4118283671 3.0611567799 2.7326086050 2.4256304625 2.1396777603 1.8738275652 1.6285383982 1.3978019371 1.2004093281 1.0058411595
15.7370721597 15.7341202895 15.7248031819 15.7132944521 15.6981026131 15.6787928101 15.6541815638 15.6229047949 15.5832217542 15.5329588646 15.4692832026 15.3883644085 15.2849104649 15.1515679778 14.9787820875 14.7550779326 14.4681370225 14.1074535153 13.6680511786 13.1511511595 12.5634456781 11.9167416407 11.2267344197 10.5116165422 9.7900037123 9.0791474232 8.3934502375 7.7430844095 7.1325383872 6.5610253188 6.0256168353 5.5232495466 5.0508090622 4.6055779856 4.1857013823 3.7900489207 3.4175732436 3.0673158193 2.7383363633 2.4298394599 2.1408417499 1.8719800134 1.6183263663 1.3986177606 1.1975570819
16.9365231413 16.9333782960 16.9239639966 16.9125078090 16.8975229149 16.8785606164 16.8544011730 16.8236248994 16.7844114451 16.7344739862 16.6708211663 16.5893871038 16.4845025188 16.3482223114 16.1702026700 15.9379963674 15.6381766411 15.2591694304 14.7952235603 14.2471207816 13.6214418459 12.9302961206 12.1901311343 11.4203655956 10.6413222502 9.8722223794 9.1294724853 8.4250261990 7.7646094199 7.1479332966 6.5720776106 6.0337503354 5.5293918187 5.0556882898 4.6101121722 4.1908248176 3.7960573631 3.4241709618 3.0736515399 2.7432178460 2.4318947321 2.1395100430 1.8661580879 1.6142089002 1.3944922542
17.9369395640 17.9338162007 17.9247230611 17.9136487679 17.8992307072 17.8811007748 17.8581521878 17.8290708323 17.7921354206 17.7451373435 17.6851366295 17.6080736101 17.5082020471 17.3773814140 17.2049137041 16.9777828911 16.6817325039 16.3041172241 15.8378964887 15.2824533290 14.6430954425 13.9309938880 13.1621387779 12.3560466533 11.5338847779 10.7163693992 9.9218412067 9.1643747833 8.4517208760 7.7852469323 7.1631959710 6.5829945040 6.0413700189 5.5348762847 5.0604656893 4.6155039171 4.1973478905 3.8034888004 3.4316159249 3.0797274891 2.7463643069 2.4306200345 2.1330020483 1.8522102678 1.6022402769
18.7353520616 18.7324064214 18.7238924696 18.7133989103 18.6997752196 18.6828194489 18.6616582891 18.6352183572 18.6020224671 18.5601025538 18.5067512344 18.4381345617 18.3487144023 18.2305422722 18.0730179883 17.8630226412 17.5858598424 17.2279727280 16.7807236423 16.2413499796 15.6128749715 14.9043495437 14.1300594142 13.3083633959 12.4601910444 11.6070023620 10.7687149236 9.9616154778 9.1961238190 8.4763955116 7.8030438793 7.1752451499 6.5908445124 6.0468316321 5.5398744622 5.0665333494 4.6232259365 4.2064684320 3.8130161889 3.4400007644 3.0852989589 2.7472969460 2.4267251639 2.1210248143 1.8472661224
19.3541922599 19.3514910547 19.3435769273 19.3336717199 19.3208765579 19.3052284608 19.2861643725 19.2629346923 19.2343978138 19.1989295397 19.1541816735 19.0967101516 19.0214126971 18.9208584762 18.7849539377 18.6009470493 18.3541675010 18.0304645287 17.6195717774 17.1161785956 16.5203262970 15.8380010667 15.0806802815 14.2643696441 13.4086189996 12.5346751211 11.6633760185 10.8129711825 9.9968530780 9.2228158209 8.4948839638 7.8149542186 7.1828351254 6.5965939858 6.0529688139 5.5478457549 5.0767749666 4.6353152230 4.2192484785 3.8247537749 3.4488371041 3.0890479511 2.7455218452 2.4150921064 2.1144311285
19.8267057505 19.8242119513 19.8166206503 19.8070686476 19.7948919225 19.7804282701 19.7634552254 19.7435718391 19.7200027446 19.6915049107 19.6561482747 19.6109717642 19.5514611894 19.4709377487 19.3601457912 19.2071262688 18.9977248506 18.7176414459 18.3552319423 17.9026296837 17.3566102947 16.7195227914 15.9992214500 15.2083626533 14.3640148023 13.4861098408 12.5954590636 11.7116325439 10.8508300919 10.0248711876 9.2418914132 8.5072963008 7.8236473086 7.1907782910 6.6060016628 6.0648628442 5.5623076256 5.0931360989 4.6522792960 4.2350124726 3.8374116663 3.4561115677 3.0902455130 2.7362310976 2.4083654766
20.1961140470 20.1936365583 20.1857009599 20.1759866551 20.1639391775 20.1502657556 20.1350592120 20.1182306633 20.0993313206 20.0774650290 20.0511028937 20.0177781740 19.9736196569 19.9128133726 19.8271458877 19.7057709973 19.5354908600 19.3023657646 18.9939020804 18.6001311895 18.1148073702 17.5365930680 16.8693569705 16.1217677516 15.3074434824 14.4438256983 13.5504938712 12.6472879352 11.7524824470 10.8816451334 10.0471681228 9.2583909801 8.5212359541 7.8379903477 7.2072193067 6.6247504964 6.0854695773 5.5838685658 5.1143672122 4.6715641824 4.2506829640 3.8474248063 3.4595536479 3.0829860625 2.7278380990
20.5008044678 20.4978448916 20.4883965700 20.4777009756 20.4650446089 20.4515345959 20.4375339519 20.4231601015 20.4082011579 20.3920118479 20.3733920574 20.3503145098 20.3195241241 20.2760741134 20.2128698020 20.1203692391 19.9866746657 19.7987019312 19.5437952138 19.2106777664 18.7907587067 18.2794363625 17.6766872448 16.9869804060 16.2198002980 15.3890390875 14.5117888927 13.6068696832 12.6934005183 11.7896881327 10.9118282471 10.0730079161 9.2827924461 8.5465108978 7.8648202328 7.2347800029 6.6520657821 6.1115847344 5.6078277200 5.1351536543 4.6881939571 4.2618381131 3.8522489221 3.4547070992 3.0733334219
20.7593547004 20.7552858936 20.7428217333 20.7303380782 20.7161506688 20.7020693340 20.6886434862 20.6760480412 20.6641995125 20.6525835536 20.6402377915 20.6254976975 20.6056644032 20.5766109794 20.5323624146 20.4647680821 20.3634538699 20.2165913117 20.0120096952 19.7379561639 19.3843117856 18.9438649890 18.4130910171 17.7923919739 17.0868225415 16.3060031042 15.4635061411 14.5758905217 13.6616861536 12.7404713250 11.8309501989 10.9495897753 10.1095025783 9.3194283676 8.5829562897 7.8994607322 7.2664043251 6.6799922446 6.1355274393 5.6277272509 5.1510499597 4.6998547138 4.2686227165 3.8519257549 3.4462782403
20.9847150846 20.9754237280 20.9575623449 20.9420191461 20.9255170885 20.9100285083 20.8966608083 20.8852746556 20.8758434513 20.8678422040 20.8604641158 20.8523321880 20.8412397362 20.8238158363 20.7951564662 20.7485007179 20.6750900884 20.5646095223 20.4058793093 20.1873901405 19.8982986240 19.5295473584 19.0747114320 18.5305218093 17.8976572160 17.1811290306 16.3902793812 15.5383687728 14.6419631492 13.7203323096 12.7934206689 11.8800368927 10.9963719619 10.1546235609 9.3619301537 8.6209413479 7.9318681948 7.2931220882 6.7016316141 6.1531860276 5.6426359136 5.1643122031 4.7111974982 4.2774026055 3.8502819030
21.1803747757 21.1658742087 21.1397574347 21.1225108049 21.1018052704 21.0841608613 21.0705548255 21.0600700002 21.0526237697 21.0475124162 21.0440234181 21.0410046901 21.0366817329 21.0283634189 21.0121290930 20.9825273498 20.9323878908 20.8530197575 20.7345804497 20.5663855014 20.3376138138 20.0381844135 19.6595480985 19.1953936339 18.6423907413 18.0009775164 17.2759129417 16.4764064571 15.6158874743 14.7118149022 13.7838807775 12.8520024651 11.9345991299 11.0469716712 10.2000449607 9.4004166012 8.6518416946 7.9557729549 7.3115705059 6.7168724899 6.1675578529 5.6586875933 5.1820280846 4.7321881912 4.2863335834
21.3728772340 21.3242091958 21.2987906351 21.2763349739 21.2550757134 21.2334591652 21.2200732384 21.2105067894 21.2049527261 21.2022718232 21.2018263405 21.2026501297 21.2033544606 21.2018502142 21.1950897425 21.1787975402 21.1472740031 21.0934284973 21.0089259573 20.8843005153 20.7093610847 20.4737831286 20.1677533452 19.7827315309 19.3120715792 18.7520934446 18.1030656684 17.3698018297 16.5617739090 15.6933510776 14.7824634028 13.8486741909 12.9114044426 11.9882385353 11.0936104532 10.2382812722 9.4300298518 8.6739980672 7.9726949119 7.3264258168 6.7328717777 6.1890000148 5.6868593260 5.2229330761 4.7720239117
-169.4573427209 21.4655860480 21.4301182046 21.4353509893 21.3908979781 21.3651498527 21.3535735450 21.3458448987 21.3426786546 21.3423108418 21.3443021322 21.3479016685 21.3520968299 21.3553342236 21.3553226540 21.3488042270 21.3313733536 21.2974156651 21.2401053131 21.1513746220 21.0220685773 20.8422650370 20.6017214134 20.2905849970 19.8998768129 19.4226638675 18.8552875482 18.1982938841 17.4568378685 16.6412776040 15.7663999179 14.8498563680 13.9105686474 12.9671483342 12.0366624678 11.1336320216 10.2698480895 9.4544242199 8.6934331705 7.9904985254 7.3452782826 6.7582760090 6.2194077665 5.7348898887 5.2725654631
-180.1956966913 -180.1334803744 21.5496681053 21.5198261020 21.5349969645 21.4837751512 21.4766248177 21.4718537468 21.4715684490 21.4735322976 21.4774569420 21.4829312754 21.4893052522 21.4955008961 21.4998657268 21.4999924889 21.4925688590 21.4732720284 21.4366756790 21.3761298462 21.2837398788 21.1504663333 20.9663651354 20.7211692326 20.4046358126 20.0076423173 19.5234572270 18.9488402632 18.2846887982 17.5368738563 16.7160053909 15.8364433181 14.9151021829 13.9701481204 13.0199414256 12.0817793224 11.1709351483 10.3003640649 9.4798142916 8.7168238966 8.0133386735 7.3752123609 6.7969719997 6.2548178742 5.8716095012
0.0000000000 -190.8991673331 -190.8056443165 21.8117939959 21.5978586899 21.5547413271 21.5846832408 21.5875047181 21.5925638866 21.5971304488 21.6026258435 21.6092307066 21.6167370812 21.6244831802 21.6313423496 21.6355921588 21.6348145626 21.6257716728 21.6042777870 21.5650352429 21.5015021212 21.4058353572 21.2689504083 21.0809238571 20.8311988621 20.5094873947 20.1069219762 19.6171671770 19.0372392319 18.3684741648 17.6167423368 16.7921217780 15.9082467435 14.9814050039 14.0297322730 13.0719645063 12.1258881233 11.2076823986 10.3302339797 9.5050052752 8.7329278355 8.0319687991 7.3480072085 6.8010386167 6.0557355625
0.0000000000 0.0000000000 -201.6151090305 -201.5165414877 21.4461774365 21.6850433091 21.6720812782 21.7006093460 21.7069584160 21.7140811714 21.7203243221 21.7273495476 21.7351832327 21.7434608175 21.7514543243 21.7579617523 21.7612702270 21.7590261113 21.7481052629 21.7244390355 21.6828204058 21.6167469736 21.5183470864 21.3785960538 21.1873797228 20.9341439157 20.6088233572 20.2028310651 19.7099451396 19.1272979692 18.4559221954 17.7010781034 16.8721965089 15.9824594584 15.0483160657 14.0884986331 13.1221083415 12.1677340079 11.2407747479 10.3578986252 9.5152129643 8.7731782106 7.9155897833 7.5316012873 -282.5154235616
0.0000000000 0.0000000000 0.0000000000 -212.5708531629 -212.2444413558 21.8410343337 21.8098721062 21.8221557357 21.8214243179 21.8265210216 21.8316533415 21.8381406751 21.8456766652 21.8538516318 21.8621419002 21.8696952023 21.8753295405 21.8773872517 21.8736205769 21.8610232916 21.8356104416 21.7922128232 21.7243185156 21.6241325558 21.4825165152 21.2893783193 21.0343244557 20.7074315457 20.3000911558 19.8059013573 19.2214162733 18.5470417977 17.7875327807 16.9520816378 16.0542021583 15.1111818928 14.1420717824 13.1664631064 12.2018197154 11.2661079005 10.3616896702 9.5316100263 8.6408962570 7.9559791529 -285.4561275289
0.0000000000 0.0000000000 0.0000000000 0.0000000000 -222.8973502697 -223.0008792008 21.9409518426 21.9225201431 21.9295028807 21.9304617494 21.9358410545 21.9415046696 21.9489323724 21.9569392531 21.9653204043 21.9734067752 21.9804320002 21.9852701523 21.9863704849 21.9815946184 21.9679987211 21.9416186689 21.8972717391 21.8285013316 21.7274288301 21.5849135756 21.3909332303 21.1350958427 20.8073548351 20.3987309697 19.9021344366 19.3136436275 18.6334399290 17.8663462816 17.0220903821 16.1152444887 15.1633864615 14.1856259762 13.2004640489 12.2251211540 11.2712645278 10.3462325508 9.4626957835 8.4930613233 0.0000000000
0.0000000000 0.0000000000 0.0000000000 0.0000000000 0.0000000000 -233.9446800784 -233.8571518981 22.0232934426 22.0177723922 22.0284903759 22.0316597677 22.0377514389 22.0454122339 22.0537310582 22.0624463480 22.0710876860 22.0791853502 22.0860245782 22.0905831680 22.0913915188 22.0863351781 22.0724551989 22.0457476253 22.0010360932 21.9317690678 21.8300142290 21.6866088813 21.4914278057 21.2339115295 20.9036064739 20.4909411793 19.9886449884 19.3929423136 18.7044268831 17.9286739091 17.0766150004 16.1630831680 15.2054675340 14.2219035846 13.2304144883 12.2453234098 11.2846874298 10.3411816863 9.4622514309 0.0000000000
0.0000000000 0.0000000000 0.0000000000 0.0000000000 0.0000000000 0.0000000000 -244.8438536476 -244.7662239431 22.1145806724 22.1102462610 22.1231617445 22.1256589842 22.1355501553 22.1444823569 22.1539965889 22.1633276638 22.1723610082 22.1806771765 22.1876498822 22.1923053410 22.1931611265 22.1880579351 22.1739790694 22.1468912087 22.1015221546 22.0312507695 21.9280859259 21.7827342245 21.5849229480 21.3237512025 20.9883397534 20.5691849238 20.0594260454 19.4559173191 18.7601264730 17.9788220315 17.1231283640 16.2073935484 15.2479675839 14.2613351075 13.2642785982 12.2683230515 11.2929858506 10.3251560523 0.0000000000
0.0000000000 0.0000000000 0.0000000000 0.0000000000 0.0000000000 0.0000000000 0.0000000000 -255.8058835095 -255.7192707934 22.1977756267 22.1979681976 22.2074446991 22.2181471270 22.2293379255 22.2398768219 22.2500716200 22.2598688029 22.2691760890 22.2776447810 22.2846664302 22.2892286199 22.2897943290 22.2841500296 22.2692482922 22.2409997688 22.1941004137 22.1218980099 22.0163074516 21.8679448334 21.6662895804 21.4001617892 21.0588831225 20.6334688364 20.1177484110 19.5094680006 18.8111494357 18.0297107342 17.1755868754 16.2621770323 15.3032711459 14.3161964901 13.3064229044 12.3118262889 11.2735308555 0.0000000000
0.0000000000 0.0000000000 0.0000000000 0.0000000000 0.0000000000 0.0000000000 0.0000000000 0.0000000000 -266.8093032418 -266.7276014992 22.2833907620 22.2683178321 22.2966577602 22.3084214048 22.3206337116 22.3315142547 22.3418440202 22.3516736444 22.3608536245 22.3690196509 22.3754956339 22.3792159415 22.3786064211 22.3714503719 22.3547177263 22.3243581157 22.2750980458 22.2002559654 22.0917241777 21.9399629363 21.7342949567 21.4638057632 21.1183594385 20.6896196033 20.1722818899 19.5648756187 18.8701254190 18.0940607426 17.2463768624 16.3368486052 15.3827709451 14.3796593484 13.3910843832 12.2961063458 0.0000000000
0.0000000000 0.0000000000 0.0000000000 0.0000000000 0.0000000000 0.0000000000 0.0000000000 0.0000000000 0.0000000000 -277.8542429002 22.2366478937 22.3565483434 22.3603055656 22.3836291177 22.3958992176 22.4077410169 22.4183582963 22.4283722522 22.4376638796 22.4460358581 22.4530415939 22.4579668079 22.4597397557 22.4568327080 22.4471422381 22.4277622177 22.3947438157 22.3428544470 22.2654487941 22.1543396705 21.9999236326 21.7918033521 21.5195748959 21.1736375989 20.7464630420 20.2332038557 19.6328081890 18.9468653979 18.1809766372 17.3401073084 16.4406429864 15.4664600179 14.5078565467 13.3771310174 0.0000000000
0.0000000000 0.0000000000 0.0000000000 0.0000000000 0.0000000000 0.0000000000 0.0000000000 0.0000000000 0.0000000000 0.0000000000 -288.9489486780 22.4551403008 22.4424801482 22.4606236664 22.4685265644 22.4797262279 22.4899866935 22.4998338198 22.5087903508 22.5167066416 22.5232552972 22.5279758814 22.5301841253 22.5289140663 22.5228550771 22.5101104715 22.4879411965 22.4524964222 22.3986159980 22.3196218604 22.2073137016 22.0523322187 21.8447464545 21.5744859856 21.2329183974 20.8120483196 20.3087134281 19.7203765473 19.0490271600 18.2939946303 17.4732527685 16.5478546862 15.6761704799 14.5002746870 0.0000000000
0.0000000000 0.0000000000 0.0000000000 0.0000000000 0.0000000000 0.0000000000 0.0000000000 0.0000000000 0.0000000000 0.0000000000 -300.0159197408 -300.0733877895 22.5250021546 22.5210362324 22.5360789275 22.5450418460 22.5561082804 22.5658866319 22.5744877292 22.5816453398 22.5871783055 22.5908222052 22.5921972555 22.5907899526 22.5859504831 22.5766414494 22.5611746902 22.5369317316 22.5001272533 22.4455604120 22.3665281520 22.2549687127 22.1018617183 21.8973304591 21.6320045478 21.2968257022 20.8867245924 20.3959631056 19.8227045688 19.1617030310 18.4264624501 17.5703736604 16.7592277143 15.6112646617 0.0000000000
0.0000000000 0.0000000000 0.0000000000 0.0000000000 0.0000000000 0.0000000000 0.0000000000 0.0000000000 0.0000000000 0.0000000000 0.0000000000 -311.3119295652 -311.2635052724 22.5842121437 22.5887016217 22.6061704740 22.6177866853 22.6285253786 22.6368782367 22.6432921821 22.6476461401 22.6498812481 22.6498422551 22.6473640984 22.6423270605 22.6343990536 22.6227721011 22.6058767778 22.5811196465 22.5445677166 22.4908460870 22.4131556872 22.3038501551 22.1532865857 21.9555162605 21.6910273365 21.3666259326 20.9721747557 20.5059151175 19.9561506657 19.3519352631 18.5555853968 17.8938519657 -327.6570235681 0.0000000000
0.0000000000 0.0000000000 0.0000000000 0.0000000000 0.0000000000 0.0000000000 0.0000000000 0.0000000000 0.0000000000 0.0000000000 0.0000000000 0.0000000000 -322.5427129244 -322.5036855310 22.6477225582 22.6543684583 22.6720992944 22.6838280612 22.6924824836 22.6984188171 22.7018256491 22.7028241767 22.7014389757 22.6977597592 22.6920502432 22.6844961604 22.6749433799 22.6625966542 22.6457262553 22.6213629360 22.5851991332 22.5314843352 22.4534029021 22.3419757961 22.1823253594 21.9790330643 21.7194211657 21.3967822537 21.0019556810 20.5288856934 19.9511791388 19.2980786277 18.3155834090 -335.7370985541 0.0000000000
0.0000000000 0.0000000000 0.0000000000 0.0000000000 0.0000000000 0.0000000000 0.0000000000 0.0000000000 0.0000000000 0.0000000000 0.0000000000 0.0000000000 0.0000000000 -333.8172520982 22.6769847982 22.7228392444 22.7363115538 22.7498391706 22.7579821685 22.7635589795 22.7665627624 22.7671749090 22.7654181867 22.7614526830 22.7557949518 22.7490229185 22.7415426439 22.7333279223 22.7235934389 22.7096448461 22.6868677514 22.6495152173 22.5921274414 22.5052170460 22.3805113958 22.1685719975 21.9547529971 21.7025859986 21.4132310003 21.0880450008 20.7285770019 20.3365530004 -342.5755454637 0.0000000000 0.0000000000
0.0000000000 0.0000000000 0.0000000000 0.0000000000 0.0000000000 0.0000000000 0.0000000000 0.0000000000 0.0000000000 0.0000000000 0.0000000000 0.0000000000 0.0000000000 0.0000000000 22.6689162602 22.7741276470 22.7765256574 22.7916800518 22.7988456475 22.8041923089 22.8071492356 22.8078907619 22.8063445581 22.8026328896 22.7973743103 22.7913361536 22.7852302476 22.7795044739 22.7740025373 22.7658994587 22.7497915006 22.7194699124 22.6708684065 22.5933057687 22.4979986740 22.2463374098 22.0546184022 21.8500325731 21.6538736468 21.4642869359 21.3886359915 21.1336818627 -703.2212781065 0.0000000000 0.0000000000
