0.0384150692 0.0640161778 0.1015408137 0.1309577978 0.1672614002 0.2087741765 0.2592191799 0.3222534887 0.4040722897 0.5142064586 0.6674971016 0.8866019233 1.2044243527 1.6633472870 2.3110708881 3.1922066352 4.3287287440 5.6996289155 7.2502932664 8.9139662775 10.6161394666 12.2801993482 13.8392494181 15.2417582798 16.4545085768 17.4659020224 18.2856726200 18.9427637736 19.4762810022 19.9154906533 20.2750417861 20.5678359339 20.8093185556 21.0160168564 21.2010202433 21.3690720703 21.5207573719 21.6566732447 21.7772723850 21.8830933514 21.9741030070 22.0525071371 22.1129787457 22.1689302256 22.2011139614
0.0329240783 0.0577205999 0.0954788591 0.1264046356 0.1633738023 0.2048883285 0.2545620705 0.3160468735 0.3955215709 0.5024832006 0.6516694774 0.8653637070 1.1753743139 1.6230212184 2.2557207791 3.1181861413 4.2328541586 5.5797986027 7.1059283233 8.7458714170 10.4263333267 12.0719248674 13.6170407613 15.0115884692 16.2230086925 17.2391460348 18.0686886283 18.7393395153 19.2889402906 19.7457127424 20.1234887751 20.4344501804 20.6934386203 20.9165332624 21.1165796822 21.2981868876 21.4618240943 21.6080520396 21.7373765757 21.8504095653 21.9472832011 22.0295774228 22.0937213509 22.1494074290 22.1789139878
0.0322478278 0.0559793934 0.0925908430 0.1232310091 0.1598279295 0.2008877333 0.2498497366 0.3102993416 0.3883212216 0.4932738577 0.6396466593 0.8493100382 1.1534821275 1.5927715682 2.2138610267 3.0608583396 4.1560453487 5.4800807800 6.9810110440 8.5948727379 10.2500261237 11.8728888509 13.3996299878 14.7816038836 15.9869348934 17.0033325647 17.8387821174 18.5198765526 19.0831944312 19.5559061365 19.9510490997 20.2800537680 20.5570194676 20.7973459830 21.0133730110 21.2094845943 21.3860866153 21.5437150972 21.6828956791 21.8042615755 21.9080961374 21.9958472022 22.0651888725 22.1259139085 22.1575428357
0.0312779046 0.0544083898 0.0902589030 0.1204869799 0.1565881845 0.1970924582 0.2453464823 0.3048828108 0.3816972712 0.4850098926 0.6290746247 0.8353667718 1.1344959841 1.5663156557 2.1767129009 3.0090775195 4.0853881468 5.3867438140 6.8622180298 8.4491926161 10.0776746046 11.6759133692 13.1818815408 14.5484873568 15.7447510543 16.7584798100 17.5971750122 18.2865393896 18.8620786796 19.3499587348 19.7623224447 20.1097195316 20.4053859405 20.6639156758 20.8970370538 21.1088503285 21.2996625657 21.4699552322 21.6202426837 21.7511665623 21.8630676485 21.9573802564 22.0319848671 22.0967287745 22.1300015122
0.0305913258 0.0533352071 0.0884736412 0.1180103763 0.1534015817 0.1932128814 0.2407549810 0.2995166881 0.3754050388 0.4774926610 0.6197901532 0.8233791076 1.1182906873 1.5436105443 2.1443112978 2.9628839138 4.0208164328 5.2995001952 6.7489443218 8.3078626149 9.9079620929 11.4794032280 12.9620219456 14.3103285701 15.4943846464 16.5023304628 17.3414143886 18.0366609499 18.6226762917 19.1246882886 19.5538963884 19.9198785442 20.2348993280 20.5126148004 20.7640197131 20.9928567554 21.1992934870 21.3837186774 21.5465938918 21.6885401686 21.8099003349 21.9121597916 21.9931544884 22.0634046192 22.0994006035
0.0299224859 0.0523270022 0.0867326873 0.1154392779 0.1499779131 0.1889831066 0.2357680357 0.2937935218 0.3688879284 0.4699773442 0.6108271096 0.8121202721 1.1032953907 1.5226261921 2.1140841797 2.9191417253 3.9586746551 5.2142868349 6.6368964808 8.1665614091 9.7367303005 11.2795222873 12.7366520018 14.0642556637 15.2335417500 16.2331492700 17.0702465433 17.7693506249 18.3643191529 18.8795173509 19.3251872823 19.7098788280 20.0448121408 20.3426140647 20.6134529227 20.8606446211 21.0841627261 21.2842526073 21.4612721656 21.6157769564 21.7480430808 21.8595957987 21.9480018924 22.0246979772 22.0639937801
0.0292594693 0.0512738118 0.0848136702 0.1125147660 0.1460197749 0.1840621803 0.2299815028 0.2872248511 0.3615459688 0.4617240906 0.6012731505 0.8004648623 1.0881265482 1.5016718860 2.0839833762 2.8754043046 3.8961005270 5.1278453895 6.5224832092 8.0214743944 9.5600890673 11.0724719026 12.5022388942 13.8071509801 14.9596109945 15.9488533535 16.7820709198 17.4833797279 18.0859904723 18.6134791394 19.0751574417 19.4785411064 19.8337739373 20.1524017012 20.4437024620 20.7105012137 20.9525193255 21.1698013195 21.3625436492 21.5311855933 21.6758659928 21.7981262110 21.8951030435 21.9793062770 22.0224936939
0.0285636722 0.0500468691 0.0824859380 0.1089696872 0.1412121201 0.1780783534 0.2229424249 0.2792448466 0.3526674644 0.4518385256 0.5900076884 0.7870182321 1.0710594138 1.4786339124 2.0514526948 2.8286363298 3.8295740942 5.0362069597 6.4013722242 7.8680439482 9.3734314235 10.8537924544 12.2546725397 13.5354331350 14.6696572151 15.6471925915 16.4752813422 17.1776643578 17.7869449647 18.3259718124 18.8031893911 19.2251198093 19.6008467943 19.9408301222 20.2534317343 20.5409374150 20.8027576190 21.0386788057 21.2486756342 21.4330184782 21.5916285288 21.7260501364 21.8327959161 21.9256698259 21.9734375522
0.0278047669 0.0485426006 0.0795521257 0.1045547120 0.1352434015 0.1706470593 0.2141687501 0.2692443758 0.3414782759 0.4393366067 0.5757870024 0.7702211401 1.0501583085 1.4511380820 2.0136230018 2.7754329989 3.7551448810 4.9349107972 6.2686847503 7.7011182468 9.1715222798 10.6183876141 11.9892235833 13.2449413438 14.3602302515 15.3254866636 16.1479403117 16.8508979142 17.4663193180 18.0163653049 18.5087045114 18.9489469098 19.3451787353 19.7068209226 20.0413347659 20.3504407596 20.6331886628 20.8890547204 21.1177303914 21.3192666960 21.4932616760 21.6412747035 21.7588344567 21.8616265484 21.9149115689
0.0269493103 0.0466590061 0.0758245199 0.0990366254 0.1278208661 0.1614002795 0.2031873142 0.2566069750 0.3271720696 0.4231690737 0.5572573976 0.7483452921 1.0232474495 1.4164858893 1.9672045326 2.7118680674 3.6682406640 4.8187849072 6.1187606135 7.5147216839 8.9482899745 10.3603328920 11.7003672432 12.9307777038 14.0272210816 14.9804995556 15.7976804793 16.5014831022 17.1231057171 17.6840223156 18.1912301801 18.6495428826 19.0661543485 19.4495451569 19.8063392047 20.1376963429 20.4422747439 20.7192031569 20.9678396636 21.1879998681 21.3788345092 21.5421215329 21.6716991228 21.7863871850 21.8469474366
0.0259584989 0.0442990522 0.0711397230 0.0922223556 0.1187031228 0.1500270513 0.1895805369 0.2407620545 0.3089702900 0.4022857252 0.5330224848 0.7195632043 0.9879758822 1.3717079685 1.9085220491 2.6334976206 3.5636331646 4.6818695671 5.9450425102 7.3019001341 8.6966276173 10.0726433513 11.3815224993 12.5870210207 13.6655669333 14.6081473323 15.4214302181 16.1272912829 16.7559528432 17.3281497442 17.8503049070 18.3265738197 18.7633981807 19.1684669523 19.5476831049 19.9016853481 20.2287315741 20.5275849977 20.7972271477 21.0372178591 21.2460336874 21.4257794885 21.5667218616 21.6914908715 21.7588549327
0.0247910722 0.0413804864 0.0653793798 0.0839898468 0.1077421442 0.1363242953 0.1730459644 0.2212540606 0.2862001475 0.3757213212 0.5017385220 0.6820528589 0.9419255215 1.3136633952 1.8335919773 2.5354031820 3.4354324132 4.5173540564 5.7399482880 7.0545271934 8.4081443580 9.7469702035 11.0247006823 12.2063467735 13.2688627133 14.2031280575 15.0150809011 15.7253864072 16.3629576748 16.9476545772 17.4853973772 17.9798290987 18.4368081827 18.8634255736 19.2650343041 19.6418396145 19.9917241046 20.3131088511 20.6046037973 20.8656765038 21.0939022911 21.2939759254 21.4461233145 21.5804680693 21.6575012672
0.0234113282 0.0378585446 0.0585127917 0.0743423940 0.0949487292 0.1202728947 0.1534822168 0.1978370465 0.2584011647 0.3427203994 0.4622591028 0.6341611003 0.8827926324 1.2392284281 1.7382980297 2.4123289123 3.2771591485 4.3175646552 5.4947690041 6.7631126891 8.0728781526 9.3732260358 10.6200604627 11.7795421704 12.8288817794 13.7584879724 14.5731315437 15.2917653198 15.9415043443 16.5410724965 17.0959103126 17.6092898677 18.0866763041 18.5348032211 18.9586995698 19.3582682743 19.7310760659 20.0752416581 20.3890333622 20.6718501213 20.9204115581 21.1419227005 21.3070512788 21.4711010005 21.5767276012
0.0217594072 0.0337062252 0.0505870560 0.0634025215 0.0804965084 0.1020563331 0.1310324450 0.1705564306 0.2254551094 0.3029282043 0.4139089135 0.5747835984 0.8088900379 1.1459366986 1.6191782956 2.2596071746 3.0827879869 4.0750993155 5.2008702679 6.4180438393 7.6805513727 8.9408256360 10.1571017021 11.2966172158 12.3365594832 13.2664342475 14.0893045983 14.8217633177 15.4884608226 16.1065856055 16.6810630592 17.2149287316 17.7134560620 18.1832942300 18.6294211222 19.0516083082 19.4471979928 19.8140674758 20.1502062378 20.4549157520 20.7243196271 20.9670474863 21.1480835508 21.3342390000 21.4572873806
0.0197646247 0.0289041291 0.0416905204 0.0513674315 0.0646738073 0.0820233278 0.1060683222 0.1397650330 0.1876503893 0.2565182420 0.3566868046 0.5036613784 0.7195732849 1.0325842881 1.4742695499 2.0743124609 2.8482667771 3.7847296020 4.8519369494 6.0120932467 7.2232445471 8.4414119400 9.6273206836 10.7492527295 11.7841062842 12.7200239720 13.5577542308 14.3107788991 15.0004756114 15.6419736324 16.2395944626 16.7962491730 17.3172117876 17.8093261856 18.2778120952 18.7225045503 19.1406265182 19.5298907189 19.8881007163 20.2144582276 20.5048124360 20.7686182577 20.9677482906 21.1776470006 21.3171905878
0.0173733069 0.0234713301 0.0319760759 0.0385160895 0.0478827569 0.0606882439 0.0792064562 0.1061711284 0.1457780076 0.2043541536 0.2915142087 0.4217421039 0.6157459289 0.8999209843 1.3040326378 1.8564630194 2.5730191946 3.4451820904 4.4459650759 5.5425262003 6.6975065670 7.8708627952 9.0260219749 10.1323492242 11.1662541661 12.1140918206 12.9736917598 13.7546325164 14.4741185502 15.1445977038 15.7696372421 16.3520960475 16.8974018176 17.4128441557 17.9041656427 18.3714518982 18.8119103981 19.2231734857 19.6029686293 19.9503713738 20.2614073665 20.5448193294 20.7651735819 20.9889130800 21.1303603549
0.0145740136 0.0174958383 0.0216797536 0.0251994180 0.0306123466 0.0386990037 0.0512872149 0.0708470722 0.1011884009 0.1481132666 0.2204462977 0.3315068445 0.5003443105 0.7513432097 1.1123011426 1.6102668008 2.2615092936 3.0609951279 3.9873282434 5.0132684359 6.1065168726 7.2313428386 8.3541634800 9.4455917491 10.4814942889 11.4461413268 12.3339361764 13.1498103381 13.9058818388 14.6112302076 15.2684441573 15.8803316072 16.4525490841 16.9930051047 17.5081825358 17.9985626097 18.4614160952 18.8943644015 19.2951698716 19.6626553304 19.9936730739 20.2925991749 20.5396192205 20.7856862230 20.9280596012
0.0114696477 0.0112023524 0.0111502384 0.0118158878 0.0133811149 0.0167671946 0.0233184410 0.0352113188 0.0558333141 0.0904156020 0.1469197525 0.2373719013 0.3789494983 0.5937926068 0.9075480442 1.3458179544 1.9253947773 2.6450962466 3.4896627202 4.4379358878 5.4630970482 6.5341515369 7.6209161966 8.6956185168 9.7337850471 10.7175575483 11.6376287462 12.4937206661 13.2920594594 14.0376761519 14.7318757392 15.3772882744 15.9797302566 16.5477483710 17.0886365778 17.6033237595 18.0891872342 18.5439366054 18.9654922699 19.3528767603 19.7035479201 20.0223111304 20.2918113290 20.5681437955 20.7282445267
0.0082844096 0.0049366937 0.0008092665 -0.0012413002 -0.0033348460 -0.0044227382 -0.0036485022 0.0008573443 0.0120387135 0.0345229878 0.0753594153 0.1451907588 0.2591795181 0.4370433608 0.7020808392 1.0782407719 1.5826823566 2.2180420471 2.9752795946 3.8395028609 4.7896922116 5.8000321271 6.8442537164 7.8967828650 8.9333510727 9.9343123495 10.8867399960 11.7849472728 12.6287889364 13.4186983983 14.1542765160 14.8376458153 15.4744870384 16.0737380982 16.6433190636 17.1845078006 17.6947727808 18.1719585783 18.6142167558 19.0208985226 19.3899652709 19.7268703094 20.0143180777 20.3140203893 20.4886323513
0.0052230070 -0.0010141505 -0.0090171943 -0.0136761155 -0.0191668783 -0.0243113248 -0.0287115016 -0.0308054484 -0.0280990206 -0.0165831891 0.0098560191 0.0604397517 0.1482573022 0.2905042638 0.5079550157 0.8226367542 1.2517291103 1.8012602313 2.4679988251 3.2431512700 4.1116376072 5.0531948723 6.0459906173 7.0673645168 8.0941077929 9.1055361425 10.0856341303 11.0236003354 11.9129316084 12.7491512469 13.5296398417 14.2554623222 14.9316120373 15.5668575287 16.1692642102 16.7402059607 17.2771832826 17.7782046398 18.2417309585 18.6676251423 19.0544404655 19.4089573054 19.7134015623 20.0373820242 20.2283114191
0.0023931292 -0.0065230560 -0.0181985059 -0.0253585501 -0.0339147279 -0.0425401929 -0.0512502484 -0.0587792977 -0.0630770899 -0.0607495548 -0.0466102538 -0.0128460733 0.0515843741 0.1613431560 0.3345612083 0.5910759276 0.9476237114 1.4128947763 1.9886432801 2.6716541901 3.4526733917 4.3171961810 5.2482675687 6.2268915343 7.2319666450 8.2428362288 9.2413304877 10.2123345450 11.1435485483 12.0255993037 12.8531261543 13.6254297806 14.3460580048 15.0227680480 15.6630073017 16.2678466710 16.8347078634 17.3617376903 17.8477385493 18.2931712864 18.6972519278 19.0682965144 19.3880373348 19.7345533802 19.9411149674
-0.0001793293 -0.0116294832 -0.0268365291 -0.0363761728 -0.0476101373 -0.0590235102 -0.0710052701 -0.0825720071 -0.0921032931 -0.0967993294 -0.0923633690 -0.0723273991 -0.0275943732 0.0540455044 0.1880479875 0.3918503175 0.6812465897 1.0666645077 1.5537128921 2.1439209041 2.8334600783 3.6135488569 4.4723808319 5.3953032349 6.3644132700 7.3603171583 8.3639301917 9.3570773948 10.3227762468 11.2471821327 12.1217975973 12.9434134839 13.7132518045 14.4370067527 15.1205159792 15.7640121135 16.3646652980 16.9206781517 17.4311695104 17.8972137679 18.3187346417 18.7056517170 19.0394457176 19.4062913075 19.6269977314
-0.0025944005 -0.0166081561 -0.0353418096 -0.0470869792 -0.0605551055 -0.0739768899 -0.0881066794 -0.1022317785 -0.1151433024 -0.1246040248 -0.1271434002 -0.1175317192 -0.0884496414 -0.0299722422 0.0707533558 0.2286549870 0.4581388885 0.7704018681 1.1736315179 1.6730462735 2.2695664995 2.9598073362 3.7371282087 4.5916848866 5.5097138325 6.4743048075 7.4668531907 8.4677055733 9.4567871920 10.4166606249 11.3355721339 12.2071856760 13.0295399951 13.8051391447 14.5370918549 15.2241526338 15.8629944793 16.4517093606 16.9896149229 17.4783036568 17.9183510228 18.3211406346 18.6681568647 19.0526733438 19.2853927416
-0.0051343066 -0.0220427134 -0.0444866749 -0.0581379552 -0.0733313905 -0.0879038728 -0.1030408029 -0.1183003898 -0.1328689275 -0.1450284195 -0.1520510447 -0.1498106359 -0.1325606178 -0.0924302788 -0.0189943878 0.1001912796 0.2778358102 0.5250682812 0.8514686612 1.2648261939 1.7699073331 2.3680813321 3.0575555154 3.8333682703 4.6864481449 5.6033675471 6.5673677262 7.5590412479 8.5571091673 9.5418443604 10.4985434439 11.4174603334 12.2928316416 13.1229901053 13.9072594459 14.6422469600 15.3237833674 15.9495624339 16.5188525828 17.0335176440 17.4945839336 17.9145224008 18.2749964627 18.6745656975 18.9167018044
-0.0085134714 -0.0290160540 -0.0554857257 -0.0704386192 -0.0867214852 -0.1014875470 -0.1164811738 -0.1315645725 -0.1462911277 -0.1594131253 -0.1688407383 -0.1713989118 -0.1626900378 -0.1366265643 -0.0849493775 0.0024598508 0.1364715806 0.3275224161 0.5856073531 0.9200201205 1.3383250956 1.8457358743 2.4446900233 3.1347979398 3.9117725140 4.7663168872 5.6846837864 6.6493171989 7.6396056416 8.6350883536 9.6189155214 10.5781498750 11.5030429768 12.3871864283 13.2253609600 14.0113981830 14.7398146546 15.4074712986 16.0131838428 16.5586698938 17.0450354816 17.4852070937 17.8610258509 18.2737578436 18.5226558746
-0.0132718082 -0.0385756805 -0.0694344904 -0.0848086529 -0.1016001346 -0.1154110554 -0.1290620957 -0.1427443635 -0.1563330924 -0.1689901405 -0.1791369008 -0.1843835489 -0.1814473360 -0.1657322674 -0.1308357473 -0.0687172651 0.0296590398 0.1736241065 0.3728335134 0.6371369151 0.9758161582 1.3968605636 1.9060983329 2.5070997948 3.2000592753 3.9800734672 4.8372551436 5.7572212604 6.7216899707 7.7111084057 8.7076865186 9.6960127128 10.6626702338 11.5964648065 12.4872918105 13.3256949954 14.1043316472 14.8186855481 15.4665875892 16.0490401644 16.5667113965 17.0321072909 17.4270675039 17.8522212213 18.1054179304
-0.0270961847 -0.0561691670 -0.0888907669 -0.1024838756 -0.1187125628 -0.1303442239 -0.1412353669 -0.1523822157 -0.1637235792 -0.1747926723 -0.1843509676 -0.1906232914 -0.1912067816 -0.1827104680 -0.1602644960 -0.1176081779 -0.0474221435 0.0583079354 0.2083827845 0.4124394352 0.6804732681 1.0221373579 1.4456644742 1.9577275393 2.5623611810 3.2589390524 4.0419009406 4.9009769274 5.8215441803 6.7865204557 7.7786201046 8.7810764586 9.7776059205 10.7527446200 11.6916576588 12.5813165607 13.4119953949 14.1772178021 14.8732321080 15.4996596321 16.0561480600 16.5537686783 16.9741040582 17.4128304108 17.6684144697
-0.0422725434 -0.0791930215 -0.1127978942 -0.1227602954 -0.1399500782 -0.1466615003 -0.1531529569 -0.1606754193 -0.1688905037 -0.1775904921 -0.1856446269 -0.1917251331 -0.1940886071 -0.1902849073 -0.1766711861 -0.1484584673 -0.0998485525 -0.0241833346 0.0861992573 0.2401757374 0.4476150702 0.7187948483 1.0633191416 1.4899424376 2.0056431577 2.6136144564 3.3126840844 4.0971957931 4.9570984158 5.8791017088 6.8478996536 7.8467310652 8.8576394400 9.8619344871 10.8407367405 11.7774917293 12.6597078645 13.4784143593 14.2276871242 14.9050275114 15.5085264999 16.0465910736 16.5005681018 16.9565267200 17.2137209756
-0.1244309228 -0.1302557660 -0.1367649888 -0.1461981962 -0.1615883716 -0.1653466989 -0.1641877427 -0.1675027280 -0.1719584322 -0.1779190580 -0.1839726611 -0.1890951922 -0.1920066972 -0.1909751861 -0.1833168529 -0.1654239173 -0.1327911864 -0.0800401104 -0.0007451975 0.1128786816 0.2699558813 0.4805296184 0.7546223783 1.1020457732 1.5317230948 2.0499497652 2.6596093257 3.3596851680 4.1450934282 5.0072099496 5.9339685819 6.9100174984 7.9171702649 8.9349756251 9.9417003956 10.9177359593 11.8477336986 12.7198828622 13.5256598576 14.2598364979 14.9187222580 15.5077706091 16.0080371195 16.4979949965 16.7666085409
381.7983346663 190.8082679039 -0.1430329528 -0.1619799825 -0.2101512149 -0.1839859335 -0.1724579109 -0.1715703096 -0.1724245121 -0.1759670145 -0.1800538002 -0.1839305425 -0.1866560520 -0.1870590832 -0.1832010930 -0.1724077677 -0.1512371144 -0.1154513751 -0.0598417858 0.0221419996 0.1385054853 0.2984476844 0.5116466871 0.7880978371 1.1377220282 1.5690395546 2.0883141010 2.6987461134 3.4000821357 4.1886637582 5.0565030494 5.9908997948 6.9749314062 7.9880540734 9.0072204279 10.0106773510 10.9805231517 11.9019994403 12.7637614296 13.5568726235 14.2763039836 14.9207360380 15.4771819815 16.0096844166 16.2890848382
0.0000000000 201.6151090305 201.5165414877 -0.1608691352 -0.1976393224 -0.2237188457 -0.1761091471 -0.1725590967 -0.1702799045 -0.1720305650 -0.1745736833 -0.1772470449 -0.1794370765 -0.1804147116 -0.1788253219 -0.1727207851 -0.1595116469 -0.1359332904 -0.0978873797 -0.0400550157 0.0442923685 0.1631548750 0.3253311805 0.5403164504 0.8181961795 1.1687832957 1.6008072715 2.1209167393 2.7331270214 3.4385265422 4.2335614243 5.1091142904 6.0508750671 7.0398409260 8.0533315977 9.0687296820 10.0663429353 11.0287620054 11.9421196893 12.7933608798 13.5771107223 14.2914206602 14.8876426328 15.5726324981 16.0002023330
0.0000000000 0.0000000000 212.5708531629 212.2415230239 -0.4672074181 -0.1971615639 -0.1396940694 -0.1636895554 -0.1627987814 -0.1659049193 -0.1679533760 -0.1698193048 -0.1714033687 -0.1724536139 -0.1720921144 -0.1689355071 -0.1610577355 -0.1459885706 -0.1205790508 -0.0806336662 -0.0206965895 0.0658927739 0.1867351870 0.3503402718 0.5662777086 0.8447626687 1.1959816138 1.6290486610 2.1513719538 2.7681473311 3.4801506626 4.2823807095 5.1641897347 6.1095396029 7.0977536754 8.1068070234 9.1162410440 10.1063206063 11.0610608944 11.9595445163 12.8032472531 13.5358154111 14.2462348737 14.7173950017 14.7984787298
0.0000000000 0.0000000000 0.0000000000 222.8973502697 223.0039454744 0.0021849960 -0.1605431101 -0.1376819589 -0.1568082643 -0.1586646589 -0.1613053071 -0.1623883386 -0.1633258066 -0.1641436200 -0.1643245865 -0.1629048824 -0.1584472878 -0.1490982545 -0.1324744556 -0.1053389752 -0.0633996934 -0.0013184444 0.0871835353 0.2093490868 0.3737440414 0.5902348851 0.8694944209 1.2220385217 1.6575939255 2.1845035981 2.8073611689 3.5253886039 4.3322564221 5.2159855609 6.1593707724 7.1425219579 8.1456047203 9.1474284118 10.1322843066 11.0677990962 11.9923903077 12.6918194739 13.6460657095 -274.8583808469 -564.0858711515
0.0000000000 0.0000000000 0.0000000000 0.0000000000 233.9446800784 233.8571518981 -0.1585726674 -0.1521373437 -0.1584335555 -0.1556758957 -0.1563337224 -0.1557961739 -0.1556924120 -0.1559883789 -0.1562487616 -0.1557478668 -0.1533656862 -0.1476975342 -0.1369430109 -0.1186432788 -0.0895070579 -0.0453991521 0.0186572307 0.1085382714 0.2315234722 0.3965767718 0.6140348402 0.8948153611 1.2498417654 1.6894724487 2.2213084123 2.8484972169 3.5692295747 4.3762328137 5.2568539304 6.1946766474 7.1715489972 8.1660685394 9.1607056884 10.1194144711 11.0687493789 11.8150456585 12.6706040003 -279.3796287841 -572.0176658817
0.0000000000 0.0000000000 0.0000000000 0.0000000000 0.0000000000 244.8438536476 244.7662239431 -0.1491310782 -0.1488666579 -0.1523263980 -0.1502622351 -0.1492970207 -0.1478910108 -0.1477553627 -0.1478570645 -0.1477930786 -0.1465837476 -0.1431596882 -0.1361500400 -0.1237107390 -0.1033761925 -0.0720463990 -0.0259338020 0.0395038425 0.1301529360 0.2537392854 0.4196705030 0.6384521022 0.9212189275 1.2792707528 1.7222738267 2.2566766516 2.8849391757 3.6046360140 4.4082449018 5.2837924800 6.2159862078 7.1844790090 8.1717525275 9.1385730484 10.1134758697 10.8832507297 11.7928690008 -284.3212067430 -581.0719937980
0.0000000000 0.0000000000 0.0000000000 0.0000000000 0.0000000000 0.0000000000 255.8094008536 255.7227869466 -0.1532366937 -0.1417885202 -0.1470726594 -0.1420438968 -0.1397127927 -0.1389542648 -0.1388923724 -0.1390088646 -0.1384287940 -0.1362997164 -0.1315760703 -0.1228912103 -0.1084433778 -0.0859867049 -0.0527608930 -0.0054402861 0.0605016080 0.1514199562 0.2754484169 0.4421180093 0.6620204336 0.9465020985 1.3063595074 1.7504983512 2.2850114694 2.9119845426 3.6290420477 4.4290859064 5.3004272588 6.2248889559 7.1856526427 8.1428342963 9.1230223204 9.9109301167 10.8481680014 -289.7208104705 -590.9419085342
0.0000000000 0.0000000000 0.0000000000 0.0000000000 0.0000000000 0.0000000000 0.0000000000 266.8093032418 266.7239340314 -0.1437453259 -0.1348495118 -0.1369087802 -0.1290676382 -0.1293089292 -0.1290120167 -0.1294286593 -0.1292342349 -0.1278708142 -0.1245218756 -0.1181995705 -0.1076235984 -0.0912284560 -0.0670999624 -0.0329530723 0.0145124968 0.0803054413 0.1711539580 0.2952891244 0.4622359056 0.6826875582 0.9677179232 1.3277629436 1.7716715710 2.3053543068 2.9311496142 3.6467943710 4.4445820817 5.3093182289 6.2256940866 7.1548840626 8.1204638137 8.9119850870 9.8497020015 -295.6141925935 -601.7220219636
0.0000000000 0.0000000000 0.0000000000 0.0000000000 0.0000000000 0.0000000000 0.0000000000 0.0000000000 277.8504224426 277.7792718471 -0.1374034541 -0.1218649673 -0.1178192652 -0.1172242711 -0.1181586780 -0.1190166087 -0.1193240623 -0.1185234938 -0.1160855161 -0.1113073715 -0.1033154086 -0.0910653651 -0.0733069297 -0.0485911401 -0.0146473038 0.0323181972 0.0976530101 0.1881613409 0.3119977496 0.4787126222 0.6989530495 0.9837948564 1.3438638172 1.7879837068 2.3224251066 2.9493082933 3.6648646985 4.4573309503 5.3133111688 6.1968269968 7.1261466222 7.9065599155 8.8152480001 -302.0328060477 -613.4889702451
0.0000000000 0.0000000000 0.0000000000 0.0000000000 0.0000000000 0.0000000000 0.0000000000 0.0000000000 0.0000000000 288.9489486780 288.8610698195 -0.1236419645 -0.0889640655 -0.1053329778 -0.1059194843 -0.1082183507 -0.1090748452 -0.1088612100 -0.1071758691 -0.1035577624 -0.0974273078 -0.0881176688 -0.0748654252 -0.0568417671 -0.0325797594 0.0006868555 0.0470518078 0.1119152563 0.2019428764 0.3252583372 0.4915672971 0.7118274254 0.9974854111 1.3592897666 1.8064056296 2.3446379001 2.9737874291 3.6855696723 4.4684819492 5.2912781453 6.1632745569 6.9203259106 7.7661489989 -309.0052769768 -626.3138965157
0.0000000000 0.0000000000 0.0000000000 0.0000000000 0.0000000000 0.0000000000 0.0000000000 0.0000000000 0.0000000000 300.0159197408 300.0733877895 0.0017910043 -0.0907384909 -0.0816306191 -0.0940471104 -0.0965575300 -0.0986928270 -0.0992179105 -0.0984219102 -0.0959298686 -0.0913844588 -0.0843672033 -0.0744410140 -0.0611886577 -0.0437177941 -0.0200795047 0.0127452394 0.0588663193 0.1234829731 0.2131874607 0.3364217159 0.5034461197 0.7256980640 1.0148824831 1.3819913634 1.8356534402 2.3785439277 3.0054993985 3.7065530793 4.4564933460 5.2524993316 5.9738000513 6.7259189996 -316.5406625944 -640.2428644124
0.0000000000 0.0000000000 0.0000000000 0.0000000000 0.0000000000 0.0000000000 0.0000000000 0.0000000000 0.0000000000 0.0000000000 311.3162101203 311.2635052724 -0.0834806999 -0.0792865616 -0.0868171854 -0.0867582216 -0.0889672534 -0.0900575527 -0.0903030472 -0.0890930149 -0.0861580680 -0.0811888406 -0.0739272532 -0.0641708153 -0.0513833542 -0.0342265450 -0.0105622416 0.0225900578 0.0690683147 0.1339560408 0.2242813306 0.3492601783 0.5196391781 0.7474701220 1.0439679636 1.4204329309 1.8821306671 2.4258834042 3.0421000321 3.7155037539 4.4171346128 5.1232683316 5.7185689997 -324.6814474566 -655.3140471361
0.0000000000 0.0000000000 0.0000000000 0.0000000000 0.0000000000 0.0000000000 0.0000000000 0.0000000000 0.0000000000 0.0000000000 0.0000000000 322.5382780064 322.5036855310 -0.0705538463 -0.0700418268 -0.0765281771 -0.0778480410 -0.0808384617 -0.0826632023 -0.0832394668 -0.0822075934 -0.0793482533 -0.0744732662 -0.0674354301 -0.0578662973 -0.0448549570 -0.0269644784 -0.0021811175 0.0321116535 0.0795883594 0.1458326373 0.2387796859 0.3680598104 0.5450317731 0.7814866065 1.0903734849 1.4776937177 1.9414793749 2.4722930048 3.0602512273 3.6611699610 4.3065882399 4.7668100009 -333.2998903087 -671.4649644303
0.0000000000 0.0000000000 0.0000000000 0.0000000000 0.0000000000 0.0000000000 0.0000000000 0.0000000000 0.0000000000 0.0000000000 0.0000000000 0.0000000000 333.8172520982 333.7775108176 -0.0648588551 -0.0576727581 -0.0666120413 -0.0709657387 -0.0755360407 -0.0783251116 -0.0795689113 -0.0789926954 -0.0764444030 -0.0716861133 -0.0643485773 -0.0537815044 -0.0390849096 -0.0190629696 0.0077584104 0.0436812401 0.0928693012 0.1622616752 0.2597665034 0.3991362273 0.5817023583 0.8315345058 1.1632780863 1.5651607542 2.0260619718 2.5615080322 3.0165500861 3.6651850341 -340.4988004064 -342.5755454637 0.0000000000
0.0000000000 0.0000000000 0.0000000000 0.0000000000 0.0000000000 0.0000000000 0.0000000000 0.0000000000 0.0000000000 0.0000000000 0.0000000000 0.0000000000 0.0000000000 345.1198816363 345.0832662867 -0.0521514409 -0.0483884382 -0.0604552725 -0.0680724463 -0.0738964298 -0.0778022338 -0.0797349267 -0.0795376142 -0.0768241626 -0.0711298961 -0.0619615850 -0.0488639846 -0.0313982422 -0.0091220647 0.0190612373 0.0559552723 0.1069834548 0.1785512713 0.2739579577 0.4185438747 0.6274692912 0.8954509129 1.2240138902 1.6043964446 2.0094746851 2.4303628953 2.6710149993 -350.2683671809 -351.6154737177 0.0000000000
0.0000000000 0.0000000000 0.0000000000 0.0000000000 0.0000000000 0.0000000000 0.0000000000 0.0000000000 0.0000000000 0.0000000000 0.0000000000 0.0000000000 0.0000000000 356.4544956158 356.4703301102 0.0016539975 -0.0396121151 -0.0492951240 -0.0618162318 -0.0697446357 -0.0759529819 -0.0801372710 -0.0821665503 -0.0813093482 -0.0767783418 -0.0680336164 -0.0547799058 -0.0370121745 -0.0159246658 0.0069555525 0.0327404992 0.0675213652 0.1154683321 0.1875230914 0.2450573098 0.4057761071 0.6972984946 1.0236387574 1.4115209740 1.8768540339 2.2650580857 -359.6339420497 -360.8353534069 0.0000000000 0.0000000000
