 # iter=          8  time[s]=   1.145564E-06  x[nm]  flux[1/s]
    0.0000000000E+00    9.2427494124E+06
    1.0000000000E+00    9.2385311914E+06
    2.0000000000E+00    9.2302520804E+06
    3.0000000000E+00    9.2182230479E+06
    4.0000000000E+00    9.2028392085E+06
    5.0000000000E+00    9.1843585805E+06
    6.0000000000E+00    9.1629714903E+06
    7.0000000000E+00    9.1388172566E+06
    8.0000000000E+00    9.1121885928E+06
    9.0000000000E+00    9.0834679897E+06
    1.0000000000E+01    9.0530522116E+06
    1.1000000000E+01    9.0211119210E+06
    1.2000000000E+01    8.9877197659E+06
    1.3000000000E+01    8.9528868013E+06
    1.4000000000E+01    8.9165597876E+06
    1.5000000000E+01    8.8786187056E+06
    1.6000000000E+01    8.8388745681E+06
    1.7000000000E+01    8.7970676537E+06
    1.8000000000E+01    8.7528714478E+06
    1.9000000000E+01    8.7062008956E+06
    2.0000000000E+01    8.6571451508E+06
    2.1000000000E+01    8.6058058317E+06
    2.2000000000E+01    8.5522960936E+06
    2.3000000000E+01    8.4967396394E+06
    2.4000000000E+01    8.4392339432E+06
    2.5000000000E+01    8.3796394191E+06
    2.6000000000E+01    8.3177413814E+06
    2.7000000000E+01    8.2532871737E+06
    2.8000000000E+01    8.1859838704E+06
    2.9000000000E+01    8.1154953867E+06
    3.0000000000E+01    8.0414388149E+06
    3.1000000000E+01    7.9633837796E+06
    3.2000000000E+01    7.8811544825E+06
    3.3000000000E+01    7.7947660147E+06
    3.4000000000E+01    7.7042588121E+06
    3.5000000000E+01    7.6097032263E+06
    3.6000000000E+01    7.5112048171E+06
    3.7000000000E+01    7.4089104171E+06
    3.8000000000E+01    7.3030149795E+06
    3.9000000000E+01    7.1937691445E+06
    4.0000000000E+01    7.0814873358E+06
    4.1000000000E+01    6.9665560157E+06
    4.2000000000E+01    6.8494414709E+06
    4.3000000000E+01    6.7292692850E+06
    4.4000000000E+01    6.6029958293E+06
    4.5000000000E+01    6.4674173121E+06
    4.6000000000E+01    6.3206686363E+06
    4.7000000000E+01    6.1653445993E+06
    4.8000000000E+01    6.0047438021E+06
    4.9000000000E+01    5.8422131025E+06
    5.0000000000E+01    5.6796365052E+06
    5.1000000000E+01    5.5169828719E+06
    5.2000000000E+01    5.3540390024E+06
    5.3000000000E+01    5.1905529792E+06
    5.4000000000E+01    5.0262265234E+06
    5.5000000000E+01    4.8607018682E+06
    5.6000000000E+01    4.6942835383E+06
    5.7000000000E+01    4.5283822493E+06
    5.8000000000E+01    4.3644550337E+06
    5.9000000000E+01    4.2039799532E+06
    6.0000000000E+01    4.0484277790E+06
    6.1000000000E+01    3.8992150761E+06
    6.2000000000E+01    3.7576281927E+06
    6.3000000000E+01    3.6239550541E+06
    6.4000000000E+01    3.4978234836E+06
    6.5000000000E+01    3.3786965837E+06
    6.6000000000E+01    3.2659701080E+06
    6.7000000000E+01    3.1590748780E+06
    6.8000000000E+01    3.0573693994E+06
    6.9000000000E+01    2.9601854679E+06
    7.0000000000E+01    2.8668657183E+06
    7.1000000000E+01    2.7767845135E+06
    7.2000000000E+01    2.6893572145E+06
    7.3000000000E+01    2.6040417110E+06
    7.4000000000E+01    2.5203348075E+06
    7.5000000000E+01    2.4378553656E+06
    7.6000000000E+01    2.3564761139E+06
    7.7000000000E+01    2.2761977357E+06
    7.8000000000E+01    2.1971426059E+06
    7.9000000000E+01    2.1195556832E+06
    8.0000000000E+01    2.0438050302E+06
    8.1000000000E+01    1.9703790737E+06
    8.2000000000E+01    1.8997275460E+06
    8.3000000000E+01    1.8317588619E+06
    8.4000000000E+01    1.7662910214E+06
    8.5000000000E+01    1.7031128429E+06
    8.6000000000E+01    1.6419904006E+06
    8.7000000000E+01    1.5831925886E+06
    8.8000000000E+01    1.5272945773E+06
    8.9000000000E+01    1.4746414266E+06
    9.0000000000E+01    1.4255957841E+06
    9.1000000000E+01    1.3805341842E+06
    9.2000000000E+01    1.3398430133E+06
    9.3000000000E+01    1.3039139964E+06
    9.4000000000E+01    1.2731388440E+06
    9.5000000000E+01    1.2479022074E+06
    9.6000000000E+01    1.2285710063E+06
    9.7000000000E+01    1.2154757679E+06
    9.8000000000E+01    1.2088741396E+06
