 # iter=         15  time[s]=   4.493954E-06  x[nm]  flux[1/s]
    0.0000000000E+00    7.3529239279E+06
    1.0000000000E+00    7.3517791114E+06
    2.0000000000E+00    7.3495155286E+06
    3.0000000000E+00    7.3461838041E+06
    4.0000000000E+00    7.3418610294E+06
    5.0000000000E+00    7.3366268142E+06
    6.0000000000E+00    7.3305315309E+06
    7.0000000000E+00    7.3236145188E+06
    8.0000000000E+00    7.3159030823E+06
    9.0000000000E+00    7.3074251963E+06
    1.0000000000E+01    7.2982472306E+06
    1.1000000000E+01    7.2884470035E+06
    1.2000000000E+01    7.2781117501E+06
    1.3000000000E+01    7.2672976660E+06
    1.4000000000E+01    7.2560237235E+06
    1.5000000000E+01    7.2442981544E+06
    1.6000000000E+01    7.2321177785E+06
    1.7000000000E+01    7.2194673026E+06
    1.8000000000E+01    7.2063185903E+06
    1.9000000000E+01    7.1926299075E+06
    2.0000000000E+01    7.1783451481E+06
    2.1000000000E+01    7.1633930484E+06
    2.2000000000E+01    7.1476864007E+06
    2.3000000000E+01    7.1311542991E+06
    2.4000000000E+01    7.1137992269E+06
    2.5000000000E+01    7.0956292794E+06
    2.6000000000E+01    7.0766546739E+06
    2.7000000000E+01    7.0568877120E+06
    2.8000000000E+01    7.0363427416E+06
    2.9000000000E+01    7.0150361161E+06
    3.0000000000E+01    6.9929573665E+06
    3.1000000000E+01    6.9700400629E+06
    3.2000000000E+01    6.9462059780E+06
    3.3000000000E+01    6.9213649721E+06
    3.4000000000E+01    6.8954137533E+06
    3.5000000000E+01    6.8682343988E+06
    3.6000000000E+01    6.8396925798E+06
    3.7000000000E+01    6.8096354098E+06
    3.8000000000E+01    6.7778890189E+06
    3.9000000000E+01    6.7443376006E+06
    4.0000000000E+01    6.7089240362E+06
    4.1000000000E+01    6.6715923072E+06
    4.2000000000E+01    6.6322884844E+06
    4.3000000000E+01    6.5909620072E+06
    4.4000000000E+01    6.5475673205E+06
    4.5000000000E+01    6.5020659489E+06
    4.6000000000E+01    6.4544290982E+06
    4.7000000000E+01    6.4046408764E+06
    4.8000000000E+01    6.3527022268E+06
    4.9000000000E+01    6.2986356415E+06
    5.0000000000E+01    6.2424906835E+06
    5.1000000000E+01    6.1843273802E+06
    5.2000000000E+01    6.1232860965E+06
    5.3000000000E+01    6.0578700829E+06
    5.4000000000E+01    5.9863834999E+06
    5.5000000000E+01    5.9075278496E+06
    5.6000000000E+01    5.8220049809E+06
    5.7000000000E+01    5.7309571731E+06
    5.8000000000E+01    5.6357806620E+06
    5.9000000000E+01    5.5374758645E+06
    6.0000000000E+01    5.4359703796E+06
    6.1000000000E+01    5.3308931999E+06
    6.2000000000E+01    5.2218196881E+06
    6.3000000000E+01    5.1082629554E+06
    6.4000000000E+01    4.9896612737E+06
    6.5000000000E+01    4.8655566080E+06
    6.6000000000E+01    4.7365892058E+06
    6.7000000000E+01    4.6037921702E+06
    6.8000000000E+01    4.4684796103E+06
    6.9000000000E+01    4.3322625973E+06
    7.0000000000E+01    4.1970229766E+06
    7.1000000000E+01    4.0648272944E+06
    7.2000000000E+01    3.9369487441E+06
    7.3000000000E+01    3.8138946149E+06
    7.4000000000E+01    3.6959411760E+06
    7.5000000000E+01    3.5832463917E+06
    7.6000000000E+01    3.4758855199E+06
    7.7000000000E+01    3.3737474152E+06
    7.8000000000E+01    3.2766042502E+06
    7.9000000000E+01    3.1841624204E+06
    8.0000000000E+01    3.0960950230E+06
    8.1000000000E+01    3.0120598591E+06
    8.2000000000E+01    2.9317064196E+06
    8.3000000000E+01    2.8548842398E+06
    8.4000000000E+01    2.7816875578E+06
    8.5000000000E+01    2.7123323279E+06
    8.6000000000E+01    2.6471539525E+06
    8.7000000000E+01    2.5866084346E+06
    8.8000000000E+01    2.5312562723E+06
    8.9000000000E+01    2.4810631637E+06
    9.0000000000E+01    2.4355902120E+06
    9.1000000000E+01    2.3943258149E+06
    9.2000000000E+01    2.3571399113E+06
    9.3000000000E+01    2.3244492863E+06
    9.4000000000E+01    2.2964608291E+06
    9.5000000000E+01    2.2734224462E+06
    9.6000000000E+01    2.2556313323E+06
    9.7000000000E+01    2.2434367914E+06
    9.8000000000E+01    2.2372141033E+06
