 # iter=         13  time[s]=   3.493954E-06  x[nm]  flux[1/s]
    0.0000000000E+00    7.7104233884E+06
    1.0000000000E+00    7.7089816815E+06
    2.0000000000E+00    7.7061344283E+06
    3.0000000000E+00    7.7019521986E+06
    4.0000000000E+00    7.6965422382E+06
    5.0000000000E+00    7.6900007454E+06
    6.0000000000E+00    7.6823913866E+06
    7.0000000000E+00    7.6737623841E+06
    8.0000000000E+00    7.6641450687E+06
    9.0000000000E+00    7.6535982800E+06
    1.0000000000E+01    7.6422187373E+06
    1.1000000000E+01    7.6301158234E+06
    1.2000000000E+01    7.6173950313E+06
    1.3000000000E+01    7.6040943822E+06
    1.4000000000E+01    7.5902308766E+06
    1.5000000000E+01    7.5758061476E+06
    1.6000000000E+01    7.5608055094E+06
    1.7000000000E+01    7.5451969709E+06
    1.8000000000E+01    7.5289302203E+06
    1.9000000000E+01    7.5119355889E+06
    2.0000000000E+01    7.4941230068E+06
    2.1000000000E+01    7.4753809707E+06
    2.2000000000E+01    7.4556201199E+06
    2.3000000000E+01    7.4348461396E+06
    2.4000000000E+01    7.4130718054E+06
    2.5000000000E+01    7.3903128281E+06
    2.6000000000E+01    7.3665877852E+06
    2.7000000000E+01    7.3419180458E+06
    2.8000000000E+01    7.3163264926E+06
    2.9000000000E+01    7.2897713575E+06
    3.0000000000E+01    7.2621630636E+06
    3.1000000000E+01    7.2333973040E+06
    3.2000000000E+01    7.2033535779E+06
    3.3000000000E+01    7.1718934436E+06
    3.4000000000E+01    7.1388584142E+06
    3.5000000000E+01    7.1040674020E+06
    3.6000000000E+01    7.0673135832E+06
    3.7000000000E+01    7.0284100431E+06
    3.8000000000E+01    6.9872841947E+06
    3.9000000000E+01    6.9438718380E+06
    4.0000000000E+01    6.8981119476E+06
    4.1000000000E+01    6.8499483475E+06
    4.2000000000E+01    6.7993318492E+06
    4.3000000000E+01    6.7462229580E+06
    4.4000000000E+01    6.6905952595E+06
    4.5000000000E+01    6.6324396045E+06
    4.6000000000E+01    6.5717692017E+06
    4.7000000000E+01    6.5086256912E+06
    4.8000000000E+01    6.4430862059E+06
    4.9000000000E+01    6.3751820435E+06
    5.0000000000E+01    6.3036623954E+06
    5.1000000000E+01    6.2266593856E+06
    5.2000000000E+01    6.1420738527E+06
    5.3000000000E+01    6.0489753636E+06
    5.4000000000E+01    5.9485386024E+06
    5.5000000000E+01    5.8423071607E+06
    5.6000000000E+01    5.7319608621E+06
    5.7000000000E+01    5.6183193559E+06
    5.8000000000E+01    5.5010624492E+06
    5.9000000000E+01    5.3797610385E+06
    6.0000000000E+01    5.2539263184E+06
    6.1000000000E+01    5.1229999443E+06
    6.2000000000E+01    4.9863395165E+06
    6.3000000000E+01    4.8440445521E+06
    6.4000000000E+01    4.6972118820E+06
    6.5000000000E+01    4.5472190263E+06
    6.6000000000E+01    4.3957465458E+06
    6.7000000000E+01    4.2447607136E+06
    6.8000000000E+01    4.0964414104E+06
    6.9000000000E+01    3.9527974011E+06
    7.0000000000E+01    3.8145806962E+06
    7.1000000000E+01    3.6821402826E+06
    7.2000000000E+01    3.5556041979E+06
    7.3000000000E+01    3.4350522002E+06
    7.4000000000E+01    3.3203965392E+06
    7.5000000000E+01    3.2113959484E+06
    7.6000000000E+01    3.1077222161E+06
    7.7000000000E+01    3.0090046594E+06
    7.8000000000E+01    2.9148570693E+06
    7.9000000000E+01    2.8248917690E+06
    8.0000000000E+01    2.7387271543E+06
    8.1000000000E+01    2.6562096065E+06
    8.2000000000E+01    2.5773907918E+06
    8.3000000000E+01    2.5024261784E+06
    8.4000000000E+01    2.4315686605E+06
    8.5000000000E+01    2.3651651819E+06
    8.6000000000E+01    2.3036523501E+06
    8.7000000000E+01    2.2472712460E+06
    8.8000000000E+01    2.1956566764E+06
    8.9000000000E+01    2.1483707810E+06
    9.0000000000E+01    2.1049373021E+06
    9.1000000000E+01    2.0654143302E+06
    9.2000000000E+01    2.0301103011E+06
    9.3000000000E+01    1.9991748662E+06
    9.4000000000E+01    1.9727863138E+06
    9.5000000000E+01    1.9511565167E+06
    9.6000000000E+01    1.9345346437E+06
    9.7000000000E+01    1.9232039062E+06
    9.8000000000E+01    1.9174522462E+06
