 # iter=         40  time[s]=   1.699395E-05  x[nm]  flux[1/s]
    0.0000000000E+00    5.6776564681E+06
    1.0000000000E+00    5.6775215593E+06
    2.0000000000E+00    5.6772536531E+06
    3.0000000000E+00    5.6768563742E+06
    4.0000000000E+00    5.6763351621E+06
    5.0000000000E+00    5.6756973704E+06
    6.0000000000E+00    5.6749510424E+06
    7.0000000000E+00    5.6741014181E+06
    8.0000000000E+00    5.6731528731E+06
    9.0000000000E+00    5.6721090098E+06
    1.0000000000E+01    5.6709725950E+06
    1.1000000000E+01    5.6697456507E+06
    1.2000000000E+01    5.6684330593E+06
    1.3000000000E+01    5.6670415703E+06
    1.4000000000E+01    5.6655785800E+06
    1.5000000000E+01    5.6640521565E+06
    1.6000000000E+01    5.6624700314E+06
    1.7000000000E+01    5.6608353155E+06
    1.8000000000E+01    5.6591498449E+06
    1.9000000000E+01    5.6574146931E+06
    2.0000000000E+01    5.6556301354E+06
    2.1000000000E+01    5.6537956111E+06
    2.2000000000E+01    5.6519096861E+06
    2.3000000000E+01    5.6499700134E+06
    2.4000000000E+01    5.6479732934E+06
    2.5000000000E+01    5.6459152337E+06
    2.6000000000E+01    5.6437905079E+06
    2.7000000000E+01    5.6415927148E+06
    2.8000000000E+01    5.6393143366E+06
    2.9000000000E+01    5.6369475393E+06
    3.0000000000E+01    5.6344914677E+06
    3.1000000000E+01    5.6319472291E+06
    3.2000000000E+01    5.6293161056E+06
    3.3000000000E+01    5.6265995517E+06
    3.4000000000E+01    5.6237991932E+06
    3.5000000000E+01    5.6209168244E+06
    3.6000000000E+01    5.6179544062E+06
    3.7000000000E+01    5.6149140636E+06
    3.8000000000E+01    5.6117962976E+06
    3.9000000000E+01    5.6085961864E+06
    4.0000000000E+01    5.6053077599E+06
    4.1000000000E+01    5.6019242586E+06
    4.2000000000E+01    5.5984380693E+06
    4.3000000000E+01    5.5948406514E+06
    4.4000000000E+01    5.5911224504E+06
    4.5000000000E+01    5.5872727956E+06
    4.6000000000E+01    5.5832797803E+06
    4.7000000000E+01    5.5791301177E+06
    4.8000000000E+01    5.5748089688E+06
    4.9000000000E+01    5.5703044836E+06
    5.0000000000E+01    5.5656125558E+06
    5.1000000000E+01    5.5607293588E+06
    5.2000000000E+01    5.5556512369E+06
    5.3000000000E+01    5.5503747752E+06
    5.4000000000E+01    5.5448968887E+06
    5.5000000000E+01    5.5392149323E+06
    5.6000000000E+01    5.5333268369E+06
    5.7000000000E+01    5.5272312779E+06
    5.8000000000E+01    5.5209278823E+06
    5.9000000000E+01    5.5144174802E+06
    6.0000000000E+01    5.5077024103E+06
    6.1000000000E+01    5.5007868851E+06
    6.2000000000E+01    5.4936774221E+06
    6.3000000000E+01    5.4863833447E+06
    6.4000000000E+01    5.4788890266E+06
    6.5000000000E+01    5.4710695851E+06
    6.6000000000E+01    5.4627719265E+06
    6.7000000000E+01    5.4538227947E+06
    6.8000000000E+01    5.4440951682E+06
    6.9000000000E+01    5.4336629546E+06
    7.0000000000E+01    5.4226416002E+06
    7.1000000000E+01    5.4111784953E+06
    7.2000000000E+01    5.3994032056E+06
    7.3000000000E+01    5.3873383746E+06
    7.4000000000E+01    5.3749436167E+06
    7.5000000000E+01    5.3621697947E+06
    7.6000000000E+01    5.3489566986E+06
    7.7000000000E+01    5.3352295466E+06
    7.8000000000E+01    5.3209025439E+06
    7.9000000000E+01    5.3060179585E+06
    8.0000000000E+01    5.2906977207E+06
    8.1000000000E+01    5.2751188999E+06
    8.2000000000E+01    5.2595295849E+06
    8.3000000000E+01    5.2442578466E+06
    8.4000000000E+01    5.2296243623E+06
    8.5000000000E+01    5.2157703400E+06
    8.6000000000E+01    5.2027821212E+06
    8.7000000000E+01    5.1907235820E+06
    8.8000000000E+01    5.1796069839E+06
    8.9000000000E+01    5.1693984309E+06
    9.0000000000E+01    5.1600342194E+06
    9.1000000000E+01    5.1514343515E+06
    9.2000000000E+01    5.1436095802E+06
    9.3000000000E+01    5.1366701302E+06
    9.4000000000E+01    5.1308278665E+06
    9.5000000000E+01    5.1260839626E+06
    9.6000000000E+01    5.1223069822E+06
    9.7000000000E+01    5.1196313042E+06
    9.8000000000E+01    5.1182101892E+06
