 # iter=          6  time[s]=   4.194747E-07  x[nm]  flux[1/s]
    0.0000000000E+00    1.0520147018E+07
    1.0000000000E+00    1.0510377822E+07
    2.0000000000E+00    1.0491331594E+07
    3.0000000000E+00    1.0463977957E+07
    4.0000000000E+00    1.0429257619E+07
    5.0000000000E+00    1.0387803173E+07
    6.0000000000E+00    1.0340064837E+07
    7.0000000000E+00    1.0286777983E+07
    8.0000000000E+00    1.0228989800E+07
    9.0000000000E+00    1.0167727727E+07
    1.0000000000E+01    1.0103412069E+07
    1.1000000000E+01    1.0036234803E+07
    1.2000000000E+01    9.9662145954E+06
    1.3000000000E+01    9.8931957502E+06
    1.4000000000E+01    9.8168493059E+06
    1.5000000000E+01    9.7366767096E+06
    1.6000000000E+01    9.6520284029E+06
    1.7000000000E+01    9.5628313114E+06
    1.8000000000E+01    9.4694270495E+06
    1.9000000000E+01    9.3721877425E+06
    2.0000000000E+01    9.2715107603E+06
    2.1000000000E+01    9.1678133391E+06
    2.2000000000E+01    9.0612078193E+06
    2.3000000000E+01    8.9514237175E+06
    2.4000000000E+01    8.8381354313E+06
    2.5000000000E+01    8.7209657563E+06
    2.6000000000E+01    8.5994890830E+06
    2.7000000000E+01    8.4732343575E+06
    2.8000000000E+01    8.3416916325E+06
    2.9000000000E+01    8.2048541085E+06
    3.0000000000E+01    8.0631208049E+06
    3.1000000000E+01    7.9169520761E+06
    3.2000000000E+01    7.7668714542E+06
    3.3000000000E+01    7.6134667508E+06
    3.4000000000E+01    7.4573902028E+06
    3.5000000000E+01    7.2993574048E+06
    3.6000000000E+01    7.1401447245E+06
    3.7000000000E+01    6.9805848458E+06
    3.8000000000E+01    6.8215600451E+06
    3.9000000000E+01    6.6639902669E+06
    4.0000000000E+01    6.5064708162E+06
    4.1000000000E+01    6.3456926455E+06
    4.2000000000E+01    6.1786191883E+06
    4.3000000000E+01    6.0042396231E+06
    4.4000000000E+01    5.8262972058E+06
    4.5000000000E+01    5.6487553510E+06
    4.6000000000E+01    5.4752317393E+06
    4.7000000000E+01    5.3078191382E+06
    4.8000000000E+01    5.1465331810E+06
    4.9000000000E+01    4.9909978361E+06
    5.0000000000E+01    4.8407930250E+06
    5.1000000000E+01    4.6954540364E+06
    5.2000000000E+01    4.5544674669E+06
    5.3000000000E+01    4.4172809327E+06
    5.4000000000E+01    4.2840954946E+06
    5.5000000000E+01    4.1554411305E+06
    5.6000000000E+01    4.0317630680E+06
    5.7000000000E+01    3.9134390371E+06
    5.8000000000E+01    3.8007879752E+06
    5.9000000000E+01    3.6940706572E+06
    6.0000000000E+01    3.5934843714E+06
    6.1000000000E+01    3.4988216858E+06
    6.2000000000E+01    3.4093346342E+06
    6.3000000000E+01    3.3242058542E+06
    6.4000000000E+01    3.2425914357E+06
    6.5000000000E+01    3.1637190161E+06
    6.6000000000E+01    3.0868355959E+06
    6.7000000000E+01    3.0112038371E+06
    6.8000000000E+01    2.9361297605E+06
    6.9000000000E+01    2.8609789602E+06
    7.0000000000E+01    2.7851837174E+06
    7.1000000000E+01    2.7082430666E+06
    7.2000000000E+01    2.6297172613E+06
    7.3000000000E+01    2.5492461870E+06
    7.4000000000E+01    2.4667624029E+06
    7.5000000000E+01    2.3824121665E+06
    7.6000000000E+01    2.2965282415E+06
    7.7000000000E+01    2.2096305766E+06
    7.8000000000E+01    2.1224216703E+06
    7.9000000000E+01    2.0357736081E+06
    8.0000000000E+01    1.9505720090E+06
    8.1000000000E+01    1.8669845755E+06
    8.2000000000E+01    1.7849629869E+06
    8.3000000000E+01    1.7043628560E+06
    8.4000000000E+01    1.6249599086E+06
    8.5000000000E+01    1.5470867735E+06
    8.6000000000E+01    1.4715225938E+06
    8.7000000000E+01    1.3987072752E+06
    8.8000000000E+01    1.3290963270E+06
    8.9000000000E+01    1.2631674450E+06
    9.0000000000E+01    1.2014257672E+06
    9.1000000000E+01    1.1444062266E+06
    9.2000000000E+01    1.0926715293E+06
    9.3000000000E+01    1.0468045504E+06
    9.4000000000E+01    1.0073943268E+06
    9.5000000000E+01    9.7501519158E+05
    9.6000000000E+01    9.5019864221E+05
    9.7000000000E+01    9.3339675332E+05
    9.8000000000E+01    9.2493338155E+05
