 # iter=         20  time[s]=   6.993954E-06  x[nm]  flux[1/s]
    0.0000000000E+00    6.7111817548E+06
    1.0000000000E+00    6.7104386826E+06
    2.0000000000E+00    6.7089666866E+06
    3.0000000000E+00    6.7067930252E+06
    4.0000000000E+00    6.7039590168E+06
    5.0000000000E+00    6.7005163363E+06
    6.0000000000E+00    6.6964999314E+06
    7.0000000000E+00    6.6919364337E+06
    8.0000000000E+00    6.6868463034E+06
    9.0000000000E+00    6.6812432687E+06
    1.0000000000E+01    6.6751478766E+06
    1.1000000000E+01    6.6686012726E+06
    1.2000000000E+01    6.6616497025E+06
    1.3000000000E+01    6.6543446153E+06
    1.4000000000E+01    6.6467246307E+06
    1.5000000000E+01    6.6388023458E+06
    1.6000000000E+01    6.6305844907E+06
    1.7000000000E+01    6.6220717156E+06
    1.8000000000E+01    6.6132582369E+06
    1.9000000000E+01    6.6041314662E+06
    2.0000000000E+01    6.5946716262E+06
    2.1000000000E+01    6.5848513532E+06
    2.2000000000E+01    6.5746352886E+06
    2.3000000000E+01    6.5639796641E+06
    2.4000000000E+01    6.5528318831E+06
    2.5000000000E+01    6.5411452215E+06
    2.6000000000E+01    6.5289188354E+06
    2.7000000000E+01    6.5161569055E+06
    2.8000000000E+01    6.5028647837E+06
    2.9000000000E+01    6.4890489806E+06
    3.0000000000E+01    6.4747171520E+06
    3.1000000000E+01    6.4598780846E+06
    3.2000000000E+01    6.4445412631E+06
    3.3000000000E+01    6.4286869392E+06
    3.4000000000E+01    6.4122728502E+06
    3.5000000000E+01    6.3952505182E+06
    3.6000000000E+01    6.3775646722E+06
    3.7000000000E+01    6.3591525739E+06
    3.8000000000E+01    6.3399432220E+06
    3.9000000000E+01    6.3198564097E+06
    4.0000000000E+01    6.2988015968E+06
    4.1000000000E+01    6.2766765510E+06
    4.2000000000E+01    6.2533812733E+06
    4.3000000000E+01    6.2288723999E+06
    4.4000000000E+01    6.2031135462E+06
    4.5000000000E+01    6.1760689510E+06
    4.6000000000E+01    6.1477040400E+06
    4.7000000000E+01    6.1179861474E+06
    4.8000000000E+01    6.0868854302E+06
    4.9000000000E+01    6.0543760188E+06
    5.0000000000E+01    6.0204374506E+06
    5.1000000000E+01    5.9850564385E+06
    5.2000000000E+01    5.9482290257E+06
    5.3000000000E+01    5.9099631752E+06
    5.4000000000E+01    5.8702818238E+06
    5.5000000000E+01    5.8292264035E+06
    5.6000000000E+01    5.7866038487E+06
    5.7000000000E+01    5.7415492034E+06
    5.8000000000E+01    5.6930437042E+06
    5.9000000000E+01    5.6399407294E+06
    6.0000000000E+01    5.5818704766E+06
    6.1000000000E+01    5.5194123103E+06
    6.2000000000E+01    5.4533305243E+06
    6.3000000000E+01    5.3845193239E+06
    6.4000000000E+01    5.3135393264E+06
    6.5000000000E+01    5.2402647364E+06
    6.6000000000E+01    5.1644300571E+06
    6.7000000000E+01    5.0857278989E+06
    6.8000000000E+01    5.0038007847E+06
    6.9000000000E+01    4.9182293444E+06
    7.0000000000E+01    4.8286260397E+06
    7.1000000000E+01    4.7353584136E+06
    7.2000000000E+01    4.6391031563E+06
    7.3000000000E+01    4.5407583706E+06
    7.4000000000E+01    4.4414746378E+06
    7.5000000000E+01    4.3426585498E+06
    7.6000000000E+01    4.2459278026E+06
    7.7000000000E+01    4.1523341252E+06
    7.8000000000E+01    4.0623486264E+06
    7.9000000000E+01    3.9762612271E+06
    8.0000000000E+01    3.8942899686E+06
    8.1000000000E+01    3.8165406215E+06
    8.2000000000E+01    3.7429568111E+06
    8.3000000000E+01    3.6733775475E+06
    8.4000000000E+01    3.6075777203E+06
    8.5000000000E+01    3.5452921159E+06
    8.6000000000E+01    3.4862263174E+06
    8.7000000000E+01    3.4303054356E+06
    8.8000000000E+01    3.3777135609E+06
    8.9000000000E+01    3.3288052156E+06
    9.0000000000E+01    3.2841230178E+06
    9.1000000000E+01    3.2443453580E+06
    9.2000000000E+01    3.2093412499E+06
    9.3000000000E+01    3.1785754162E+06
    9.4000000000E+01    3.1518504416E+06
    9.5000000000E+01    3.1296460826E+06
    9.6000000000E+01    3.1123067486E+06
    9.7000000000E+01    3.1002630924E+06
    9.8000000000E+01    3.0940308956E+06
