 # iter=         32  time[s]=   1.299395E-05  x[nm]  flux[1/s]
    0.0000000000E+00    5.9029501493E+06
    1.0000000000E+00    5.9026650977E+06
    2.0000000000E+00    5.9020993025E+06
    3.0000000000E+00    5.9012609623E+06
    4.0000000000E+00    5.9001624103E+06
    5.0000000000E+00    5.8988203530E+06
    6.0000000000E+00    5.8972511653E+06
    7.0000000000E+00    5.8954655052E+06
    8.0000000000E+00    5.8934723312E+06
    9.0000000000E+00    5.8912787781E+06
    1.0000000000E+01    5.8888900093E+06
    1.1000000000E+01    5.8863115201E+06
    1.2000000000E+01    5.8835565041E+06
    1.3000000000E+01    5.8806402003E+06
    1.4000000000E+01    5.8775793539E+06
    1.5000000000E+01    5.8743921343E+06
    1.6000000000E+01    5.8710891255E+06
    1.7000000000E+01    5.8676747342E+06
    1.8000000000E+01    5.8641516579E+06
    1.9000000000E+01    5.8605207976E+06
    2.0000000000E+01    5.8567811688E+06
    2.1000000000E+01    5.8529298087E+06
    2.2000000000E+01    5.8489616809E+06
    2.3000000000E+01    5.8448695780E+06
    2.4000000000E+01    5.8406440213E+06
    2.5000000000E+01    5.8362731597E+06
    2.6000000000E+01    5.8317426666E+06
    2.7000000000E+01    5.8270356375E+06
    2.8000000000E+01    5.8221346301E+06
    2.9000000000E+01    5.8170377020E+06
    3.0000000000E+01    5.8117468567E+06
    3.1000000000E+01    5.8062644795E+06
    3.2000000000E+01    5.8005933349E+06
    3.3000000000E+01    5.7947365627E+06
    3.4000000000E+01    5.7886976731E+06
    3.5000000000E+01    5.7824805432E+06
    3.6000000000E+01    5.7760894116E+06
    3.7000000000E+01    5.7695208129E+06
    3.8000000000E+01    5.7627620635E+06
    3.9000000000E+01    5.7557987273E+06
    4.0000000000E+01    5.7486144744E+06
    4.1000000000E+01    5.7411909185E+06
    4.2000000000E+01    5.7335074272E+06
    4.3000000000E+01    5.7255409001E+06
    4.4000000000E+01    5.7172655069E+06
    4.5000000000E+01    5.7086523770E+06
    4.6000000000E+01    5.6996692280E+06
    4.7000000000E+01    5.6902823328E+06
    4.8000000000E+01    5.6804767639E+06
    4.9000000000E+01    5.6702425891E+06
    5.0000000000E+01    5.6595701423E+06
    5.1000000000E+01    5.6484501711E+06
    5.2000000000E+01    5.6368740225E+06
    5.3000000000E+01    5.6248338758E+06
    5.4000000000E+01    5.6123230314E+06
    5.5000000000E+01    5.5993362690E+06
    5.6000000000E+01    5.5858702881E+06
    5.7000000000E+01    5.5719242468E+06
    5.8000000000E+01    5.5575004140E+06
    5.9000000000E+01    5.5426049523E+06
    6.0000000000E+01    5.5272488432E+06
    6.1000000000E+01    5.5114489631E+06
    6.2000000000E+01    5.4952034600E+06
    6.3000000000E+01    5.4782750937E+06
    6.4000000000E+01    5.4603342561E+06
    6.5000000000E+01    5.4410074367E+06
    6.6000000000E+01    5.4199436690E+06
    6.7000000000E+01    5.3972368476E+06
    6.8000000000E+01    5.3731214204E+06
    6.9000000000E+01    5.3478999774E+06
    7.0000000000E+01    5.3218796979E+06
    7.1000000000E+01    5.2951829979E+06
    7.2000000000E+01    5.2677288939E+06
    7.3000000000E+01    5.2394160773E+06
    7.4000000000E+01    5.2101226463E+06
    7.5000000000E+01    5.1797004088E+06
    7.6000000000E+01    5.1479663335E+06
    7.7000000000E+01    5.1148708957E+06
    7.8000000000E+01    5.0806337547E+06
    7.9000000000E+01    5.0455717051E+06
    8.0000000000E+01    5.0101264404E+06
    8.1000000000E+01    4.9748870450E+06
    8.2000000000E+01    4.9405883967E+06
    8.3000000000E+01    4.9077343286E+06
    8.4000000000E+01    4.8765646338E+06
    8.5000000000E+01    4.8472340740E+06
    8.6000000000E+01    4.8198586274E+06
    8.7000000000E+01    4.7944492277E+06
    8.8000000000E+01    4.7709355261E+06
    8.9000000000E+01    4.7491944446E+06
    9.0000000000E+01    4.7290650666E+06
    9.1000000000E+01    4.7105188546E+06
    9.2000000000E+01    4.6937201319E+06
    9.3000000000E+01    4.6790061436E+06
    9.4000000000E+01    4.6667104055E+06
    9.5000000000E+01    4.6565520574E+06
    9.6000000000E+01    4.6484818223E+06
    9.7000000000E+01    4.6427850693E+06
    9.8000000000E+01    4.6397753387E+06
