 # iter=         58  time[s]=   2.599395E-05  x[nm]  flux[1/s]
    0.0000000000E+00    5.5235707591E+06
    1.0000000000E+00    5.5235503896E+06
    2.0000000000E+00    5.5235099269E+06
    3.0000000000E+00    5.5234498935E+06
    4.0000000000E+00    5.5233710726E+06
    5.0000000000E+00    5.5232745209E+06
    6.0000000000E+00    5.5231614626E+06
    7.0000000000E+00    5.5230327233E+06
    8.0000000000E+00    5.5228889779E+06
    9.0000000000E+00    5.5227307934E+06
    1.0000000000E+01    5.5225586204E+06
    1.1000000000E+01    5.5223727842E+06
    1.2000000000E+01    5.5221738304E+06
    1.3000000000E+01    5.5219627352E+06
    1.4000000000E+01    5.5217405668E+06
    1.5000000000E+01    5.5215084883E+06
    1.6000000000E+01    5.5212677499E+06
    1.7000000000E+01    5.5210190898E+06
    1.8000000000E+01    5.5207628407E+06
    1.9000000000E+01    5.5204992283E+06
    2.0000000000E+01    5.5202283669E+06
    2.1000000000E+01    5.5199502538E+06
    2.2000000000E+01    5.5196647647E+06
    2.3000000000E+01    5.5193716481E+06
    2.4000000000E+01    5.5190705205E+06
    2.5000000000E+01    5.5187608604E+06
    2.6000000000E+01    5.5184420034E+06
    2.7000000000E+01    5.5181131365E+06
    2.8000000000E+01    5.5177732926E+06
    2.9000000000E+01    5.5174213452E+06
    3.0000000000E+01    5.5170563442E+06
    3.1000000000E+01    5.5166783758E+06
    3.2000000000E+01    5.5162876349E+06
    3.3000000000E+01    5.5158843424E+06
    3.4000000000E+01    5.5154687442E+06
    3.5000000000E+01    5.5150411113E+06
    3.6000000000E+01    5.5146017395E+06
    3.7000000000E+01    5.5141509487E+06
    3.8000000000E+01    5.5136890829E+06
    3.9000000000E+01    5.5132161791E+06
    4.0000000000E+01    5.5127315208E+06
    4.1000000000E+01    5.5122342646E+06
    4.2000000000E+01    5.5117234558E+06
    4.3000000000E+01    5.5111980197E+06
    4.4000000000E+01    5.5106567511E+06
    4.5000000000E+01    5.5100983026E+06
    4.6000000000E+01    5.5095211707E+06
    4.7000000000E+01    5.5089236785E+06
    4.8000000000E+01    5.5083039568E+06
    4.9000000000E+01    5.5076599191E+06
    5.0000000000E+01    5.5069897935E+06
    5.1000000000E+01    5.5062930196E+06
    5.2000000000E+01    5.5055691111E+06
    5.3000000000E+01    5.5048176084E+06
    5.4000000000E+01    5.5040380884E+06
    5.5000000000E+01    5.5032301771E+06
    5.6000000000E+01    5.5023935648E+06
    5.7000000000E+01    5.5015280250E+06
    5.8000000000E+01    5.5006334383E+06
    5.9000000000E+01    5.4997098210E+06
    6.0000000000E+01    5.4987573603E+06
    6.1000000000E+01    5.4977764575E+06
    6.2000000000E+01    5.4967677793E+06
    6.3000000000E+01    5.4957323188E+06
    6.4000000000E+01    5.4946714670E+06
    6.5000000000E+01    5.4935849593E+06
    6.6000000000E+01    5.4924566567E+06
    6.7000000000E+01    5.4912647912E+06
    6.8000000000E+01    5.4899846615E+06
    6.9000000000E+01    5.4885942185E+06
    7.0000000000E+01    5.4871014650E+06
    7.1000000000E+01    5.4855228307E+06
    7.2000000000E+01    5.4838794961E+06
    7.3000000000E+01    5.4821917504E+06
    7.4000000000E+01    5.4804654147E+06
    7.5000000000E+01    5.4786947149E+06
    7.6000000000E+01    5.4768725506E+06
    7.7000000000E+01    5.4749901313E+06
    7.8000000000E+01    5.4730364190E+06
    7.9000000000E+01    5.4709985789E+06
    8.0000000000E+01    5.4688828484E+06
    8.1000000000E+01    5.4667076529E+06
    8.2000000000E+01    5.4645001645E+06
    8.3000000000E+01    5.4622989579E+06
    8.4000000000E+01    5.4601554243E+06
    8.5000000000E+01    5.4581133664E+06
    8.6000000000E+01    5.4561918216E+06
    8.7000000000E+01    5.4544028156E+06
    8.8000000000E+01    5.4527543154E+06
    8.9000000000E+01    5.4512453237E+06
    9.0000000000E+01    5.4498684144E+06
    9.1000000000E+01    5.4486119153E+06
    9.2000000000E+01    5.4474685083E+06
    9.3000000000E+01    5.4464492052E+06
    9.4000000000E+01    5.4455813420E+06
    9.5000000000E+01    5.4448826274E+06
    9.6000000000E+01    5.4443278899E+06
    9.7000000000E+01    5.4439340751E+06
    9.8000000000E+01    5.4437242192E+06
