 # iter=         39  time[s]=   1.649395E-05  x[nm]  flux[1/s]
    0.0000000000E+00    5.6973996260E+06
    1.0000000000E+00    5.6972508093E+06
    2.0000000000E+00    5.6969552963E+06
    3.0000000000E+00    5.6965171092E+06
    4.0000000000E+00    5.6959422856E+06
    5.0000000000E+00    5.6952389886E+06
    6.0000000000E+00    5.6944160728E+06
    7.0000000000E+00    5.6934792926E+06
    8.0000000000E+00    5.6924334613E+06
    9.0000000000E+00    5.6912825313E+06
    1.0000000000E+01    5.6900295236E+06
    1.1000000000E+01    5.6886766838E+06
    1.2000000000E+01    5.6872295560E+06
    1.3000000000E+01    5.6856956277E+06
    1.4000000000E+01    5.6840831057E+06
    1.5000000000E+01    5.6824009446E+06
    1.6000000000E+01    5.6806575056E+06
    1.7000000000E+01    5.6788560407E+06
    1.8000000000E+01    5.6769985227E+06
    1.9000000000E+01    5.6750860748E+06
    2.0000000000E+01    5.6731189313E+06
    2.1000000000E+01    5.6710963948E+06
    2.2000000000E+01    5.6690167948E+06
    2.3000000000E+01    5.6668774430E+06
    2.4000000000E+01    5.6646745894E+06
    2.5000000000E+01    5.6624033764E+06
    2.6000000000E+01    5.6600577936E+06
    2.7000000000E+01    5.6576306309E+06
    2.8000000000E+01    5.6551134333E+06
    2.9000000000E+01    5.6524978689E+06
    3.0000000000E+01    5.6497835447E+06
    3.1000000000E+01    5.6469716823E+06
    3.2000000000E+01    5.6440636961E+06
    3.3000000000E+01    5.6410611918E+06
    3.4000000000E+01    5.6379659639E+06
    3.5000000000E+01    5.6347799935E+06
    3.6000000000E+01    5.6315054457E+06
    3.7000000000E+01    5.6281446672E+06
    3.8000000000E+01    5.6246974872E+06
    3.9000000000E+01    5.6211581167E+06
    4.0000000000E+01    5.6175198106E+06
    4.1000000000E+01    5.6137749369E+06
    4.2000000000E+01    5.6099149044E+06
    4.3000000000E+01    5.6059300777E+06
    4.4000000000E+01    5.6018096796E+06
    4.5000000000E+01    5.5975416742E+06
    4.6000000000E+01    5.5931126304E+06
    4.7000000000E+01    5.5885075573E+06
    4.8000000000E+01    5.5837097083E+06
    4.9000000000E+01    5.5787075293E+06
    5.0000000000E+01    5.5734966014E+06
    5.1000000000E+01    5.5680726409E+06
    5.2000000000E+01    5.5624315602E+06
    5.3000000000E+01    5.5565695493E+06
    5.4000000000E+01    5.5504831767E+06
    5.5000000000E+01    5.5441695159E+06
    5.6000000000E+01    5.5376263014E+06
    5.7000000000E+01    5.5308521215E+06
    5.8000000000E+01    5.5238466546E+06
    5.9000000000E+01    5.5166109572E+06
    6.0000000000E+01    5.5091478117E+06
    6.1000000000E+01    5.5014621425E+06
    6.2000000000E+01    5.4935615047E+06
    6.3000000000E+01    5.4854566516E+06
    6.4000000000E+01    5.4771133858E+06
    6.5000000000E+01    5.4683835935E+06
    6.6000000000E+01    5.4590942711E+06
    6.7000000000E+01    5.4490499747E+06
    6.8000000000E+01    5.4381436614E+06
    6.9000000000E+01    5.4264718654E+06
    7.0000000000E+01    5.4141674320E+06
    7.1000000000E+01    5.4013965597E+06
    7.2000000000E+01    5.3882908744E+06
    7.3000000000E+01    5.3748557240E+06
    7.4000000000E+01    5.3610451054E+06
    7.5000000000E+01    5.3468030878E+06
    7.6000000000E+01    5.3320611294E+06
    7.7000000000E+01    5.3167340259E+06
    7.8000000000E+01    5.3007347232E+06
    7.9000000000E+01    5.2841301418E+06
    8.0000000000E+01    5.2670617642E+06
    8.1000000000E+01    5.2497339201E+06
    8.2000000000E+01    5.2324305711E+06
    8.3000000000E+01    5.2155232783E+06
    8.4000000000E+01    5.1993437803E+06
    8.5000000000E+01    5.1840363503E+06
    8.6000000000E+01    5.1696918152E+06
    8.7000000000E+01    5.1563770344E+06
    8.8000000000E+01    5.1440999282E+06
    8.9000000000E+01    5.1328199684E+06
    9.0000000000E+01    5.1224652479E+06
    9.1000000000E+01    5.1129498808E+06
    9.2000000000E+01    5.1042937933E+06
    9.3000000000E+01    5.0966236004E+06
    9.4000000000E+01    5.0901740132E+06
    9.5000000000E+01    5.0849299079E+06
    9.6000000000E+01    5.0807541264E+06
    9.7000000000E+01    5.0777967897E+06
    9.8000000000E+01    5.0762267751E+06
