 # iter=         14  time[s]=   3.993954E-06  x[nm]  flux[1/s]
    0.0000000000E+00    7.5213893401E+06
    1.0000000000E+00    7.5201140639E+06
    2.0000000000E+00    7.5175938970E+06
    3.0000000000E+00    7.5138880096E+06
    4.0000000000E+00    7.5090865864E+06
    5.0000000000E+00    7.5032766658E+06
    6.0000000000E+00    7.4965143726E+06
    7.0000000000E+00    7.4888429839E+06
    8.0000000000E+00    7.4802915807E+06
    9.0000000000E+00    7.4708997748E+06
    1.0000000000E+01    7.4607478375E+06
    1.1000000000E+01    7.4499270907E+06
    1.2000000000E+01    7.4385359584E+06
    1.3000000000E+01    7.4266210798E+06
    1.4000000000E+01    7.4142007782E+06
    1.5000000000E+01    7.4012806532E+06
    1.6000000000E+01    7.3878527862E+06
    1.7000000000E+01    7.3738949117E+06
    1.8000000000E+01    7.3593695601E+06
    1.9000000000E+01    7.3442231745E+06
    2.0000000000E+01    7.3283852115E+06
    2.1000000000E+01    7.3117672377E+06
    2.2000000000E+01    7.2942657502E+06
    2.3000000000E+01    7.2758516423E+06
    2.4000000000E+01    7.2565335841E+06
    2.5000000000E+01    7.2363227392E+06
    2.6000000000E+01    7.2152327188E+06
    2.7000000000E+01    7.1932795303E+06
    2.8000000000E+01    7.1704815238E+06
    2.9000000000E+01    7.1468490833E+06
    3.0000000000E+01    7.1223225988E+06
    3.1000000000E+01    7.0968188372E+06
    3.2000000000E+01    7.0702414115E+06
    3.3000000000E+01    7.0424794393E+06
    3.4000000000E+01    7.0134059434E+06
    3.5000000000E+01    6.9828759286E+06
    3.6000000000E+01    6.9507240497E+06
    3.7000000000E+01    6.9167617574E+06
    3.8000000000E+01    6.8808359415E+06
    3.9000000000E+01    6.8428834070E+06
    4.0000000000E+01    6.8028437405E+06
    4.1000000000E+01    6.7606590017E+06
    4.2000000000E+01    6.7162751666E+06
    4.3000000000E+01    6.6696439757E+06
    4.4000000000E+01    6.6207252768E+06
    4.5000000000E+01    6.5694899634E+06
    4.6000000000E+01    6.5159236143E+06
    4.7000000000E+01    6.4600309349E+06
    4.8000000000E+01    6.4018410759E+06
    4.9000000000E+01    6.3414138494E+06
    5.0000000000E+01    6.2788094206E+06
    5.1000000000E+01    6.2130269457E+06
    5.2000000000E+01    6.1424042262E+06
    5.3000000000E+01    6.0650630575E+06
    5.4000000000E+01    5.9797684187E+06
    5.5000000000E+01    5.8874223411E+06
    5.6000000000E+01    5.7893377491E+06
    5.7000000000E+01    5.6870575990E+06
    5.8000000000E+01    5.5815499775E+06
    5.9000000000E+01    5.4726274441E+06
    6.0000000000E+01    5.3598900372E+06
    6.1000000000E+01    5.2428810581E+06
    6.2000000000E+01    5.1210779764E+06
    6.3000000000E+01    4.9938790642E+06
    6.4000000000E+01    4.8609975223E+06
    6.5000000000E+01    4.7233015355E+06
    6.6000000000E+01    4.5819786362E+06
    6.7000000000E+01    4.4385119657E+06
    6.8000000000E+01    4.2946828978E+06
    6.9000000000E+01    4.1525250606E+06
    7.0000000000E+01    4.0141566137E+06
    7.1000000000E+01    3.8806133313E+06
    7.2000000000E+01    3.7523409042E+06
    7.3000000000E+01    3.6295509932E+06
    7.4000000000E+01    3.5123736102E+06
    7.5000000000E+01    3.4008146765E+06
    7.6000000000E+01    3.2947054021E+06
    7.7000000000E+01    3.1937726391E+06
    7.8000000000E+01    3.0976874578E+06
    7.9000000000E+01    3.0060954864E+06
    8.0000000000E+01    2.9186333894E+06
    8.1000000000E+01    2.8349352541E+06
    8.2000000000E+01    2.7548389763E+06
    8.3000000000E+01    2.6784157639E+06
    8.4000000000E+01    2.6058493900E+06
    8.5000000000E+01    2.5374313417E+06
    8.6000000000E+01    2.4735592942E+06
    8.7000000000E+01    2.4147338331E+06
    8.8000000000E+01    2.3611064450E+06
    8.9000000000E+01    2.3122701269E+06
    9.0000000000E+01    2.2677544129E+06
    9.1000000000E+01    2.2270756267E+06
    9.2000000000E+01    2.1906843166E+06
    9.3000000000E+01    2.1587495583E+06
    9.4000000000E+01    2.1314623621E+06
    9.5000000000E+01    2.1090513901E+06
    9.6000000000E+01    2.0917889137E+06
    9.7000000000E+01    2.0799904008E+06
    9.8000000000E+01    2.0739862594E+06
