 # iter=         47  time[s]=   2.049395E-05  x[nm]  flux[1/s]
    0.0000000000E+00    5.5833084287E+06
    1.0000000000E+00    5.5832423212E+06
    2.0000000000E+00    5.5831110181E+06
    3.0000000000E+00    5.5829162459E+06
    4.0000000000E+00    5.5826605930E+06
    5.0000000000E+00    5.5823475554E+06
    6.0000000000E+00    5.5819811001E+06
    7.0000000000E+00    5.5815638588E+06
    8.0000000000E+00    5.5810980035E+06
    9.0000000000E+00    5.5805853454E+06
    1.0000000000E+01    5.5800273055E+06
    1.1000000000E+01    5.5794248909E+06
    1.2000000000E+01    5.5787801265E+06
    1.3000000000E+01    5.5780962338E+06
    1.4000000000E+01    5.5773767389E+06
    1.5000000000E+01    5.5766254833E+06
    1.6000000000E+01    5.5758464853E+06
    1.7000000000E+01    5.5750417508E+06
    1.8000000000E+01    5.5742122900E+06
    1.9000000000E+01    5.5733587566E+06
    2.0000000000E+01    5.5724814307E+06
    2.1000000000E+01    5.5715802020E+06
    2.2000000000E+01    5.5706545526E+06
    2.3000000000E+01    5.5697035391E+06
    2.4000000000E+01    5.5687257744E+06
    2.5000000000E+01    5.5677194099E+06
    2.6000000000E+01    5.5666821164E+06
    2.7000000000E+01    5.5656110656E+06
    2.8000000000E+01    5.5645029114E+06
    2.9000000000E+01    5.5633537718E+06
    3.0000000000E+01    5.5621615432E+06
    3.1000000000E+01    5.5609267657E+06
    3.2000000000E+01    5.5596500687E+06
    3.3000000000E+01    5.5583321658E+06
    3.4000000000E+01    5.5569738532E+06
    3.5000000000E+01    5.5555760090E+06
    3.6000000000E+01    5.5541395919E+06
    3.7000000000E+01    5.5526656401E+06
    3.8000000000E+01    5.5511552346E+06
    3.9000000000E+01    5.5496073149E+06
    4.0000000000E+01    5.5480192825E+06
    4.1000000000E+01    5.5463881837E+06
    4.2000000000E+01    5.5447106828E+06
    4.3000000000E+01    5.5429830305E+06
    4.4000000000E+01    5.5412010272E+06
    4.5000000000E+01    5.5393599810E+06
    4.6000000000E+01    5.5374546563E+06
    4.7000000000E+01    5.5354792147E+06
    4.8000000000E+01    5.5334271429E+06
    4.9000000000E+01    5.5312912635E+06
    5.0000000000E+01    5.5290677906E+06
    5.1000000000E+01    5.5267549894E+06
    5.2000000000E+01    5.5243511936E+06
    5.3000000000E+01    5.5218548342E+06
    5.4000000000E+01    5.5192644757E+06
    5.5000000000E+01    5.5165788610E+06
    5.6000000000E+01    5.5137969672E+06
    5.7000000000E+01    5.5109180752E+06
    5.8000000000E+01    5.5079418541E+06
    5.9000000000E+01    5.5048684663E+06
    6.0000000000E+01    5.5016986944E+06
    6.1000000000E+01    5.4984340949E+06
    6.2000000000E+01    5.4950771814E+06
    6.3000000000E+01    5.4916316414E+06
    6.4000000000E+01    5.4881025854E+06
    6.5000000000E+01    5.4844684549E+06
    6.6000000000E+01    5.4806629048E+06
    6.7000000000E+01    5.4766099232E+06
    6.8000000000E+01    5.4722236763E+06
    6.9000000000E+01    5.4674731122E+06
    7.0000000000E+01    5.4624039569E+06
    7.1000000000E+01    5.4570765755E+06
    7.2000000000E+01    5.4515642221E+06
    7.3000000000E+01    5.4459183397E+06
    7.4000000000E+01    5.4401337911E+06
    7.5000000000E+01    5.4341898899E+06
    7.6000000000E+01    5.4280612611E+06
    7.7000000000E+01    5.4217164746E+06
    7.8000000000E+01    5.4151159544E+06
    7.9000000000E+01    5.4082317906E+06
    8.0000000000E+01    5.4011064048E+06
    8.1000000000E+01    5.3938091150E+06
    8.2000000000E+01    5.3864404086E+06
    8.3000000000E+01    5.3791394052E+06
    8.4000000000E+01    5.3720819784E+06
    8.5000000000E+01    5.3653763922E+06
    8.6000000000E+01    5.3590764748E+06
    8.7000000000E+01    5.3532179727E+06
    8.8000000000E+01    5.3478198717E+06
    8.9000000000E+01    5.3428732286E+06
    9.0000000000E+01    5.3383508660E+06
    9.1000000000E+01    5.3342130899E+06
    9.2000000000E+01    5.3304467196E+06
    9.3000000000E+01    5.3270949251E+06
    9.4000000000E+01    5.3242534228E+06
    9.5000000000E+01    5.3219596694E+06
    9.6000000000E+01    5.3201359401E+06
    9.7000000000E+01    5.3188422652E+06
    9.8000000000E+01    5.3181537498E+06
