 # iter=         42  time[s]=   1.799395E-05  x[nm]  flux[1/s]
    0.0000000000E+00    5.6435782570E+06
    1.0000000000E+00    5.6434677404E+06
    2.0000000000E+00    5.6432482581E+06
    3.0000000000E+00    5.6429227490E+06
    4.0000000000E+00    5.6424956221E+06
    5.0000000000E+00    5.6419728359E+06
    6.0000000000E+00    5.6413609988E+06
    7.0000000000E+00    5.6406644393E+06
    8.0000000000E+00    5.6398867586E+06
    9.0000000000E+00    5.6390309358E+06
    1.0000000000E+01    5.6380992766E+06
    1.1000000000E+01    5.6370934324E+06
    1.2000000000E+01    5.6360171904E+06
    1.3000000000E+01    5.6348760272E+06
    1.4000000000E+01    5.6336759411E+06
    1.5000000000E+01    5.6324234725E+06
    1.6000000000E+01    5.6311251339E+06
    1.7000000000E+01    5.6297837324E+06
    1.8000000000E+01    5.6284008393E+06
    1.9000000000E+01    5.6269774118E+06
    2.0000000000E+01    5.6255137636E+06
    2.1000000000E+01    5.6240095359E+06
    2.2000000000E+01    5.6224636664E+06
    2.3000000000E+01    5.6208743586E+06
    2.4000000000E+01    5.6192390499E+06
    2.5000000000E+01    5.6175543796E+06
    2.6000000000E+01    5.6158161558E+06
    2.7000000000E+01    5.6140193233E+06
    2.8000000000E+01    5.6121579301E+06
    2.9000000000E+01    5.6102253399E+06
    3.0000000000E+01    5.6082199951E+06
    3.1000000000E+01    5.6061428036E+06
    3.2000000000E+01    5.6039948157E+06
    3.3000000000E+01    5.6017772228E+06
    3.4000000000E+01    5.5994913558E+06
    3.5000000000E+01    5.5971386831E+06
    3.6000000000E+01    5.5947208092E+06
    3.7000000000E+01    5.5922394723E+06
    3.8000000000E+01    5.5896958074E+06
    3.9000000000E+01    5.5870864145E+06
    4.0000000000E+01    5.5844066041E+06
    4.1000000000E+01    5.5816510599E+06
    4.2000000000E+01    5.5788137890E+06
    4.3000000000E+01    5.5758880642E+06
    4.4000000000E+01    5.5728663570E+06
    4.5000000000E+01    5.5697402587E+06
    4.6000000000E+01    5.5665003871E+06
    4.7000000000E+01    5.5631362757E+06
    4.8000000000E+01    5.5596362405E+06
    4.9000000000E+01    5.5559891708E+06
    5.0000000000E+01    5.5521911102E+06
    5.1000000000E+01    5.5482390069E+06
    5.2000000000E+01    5.5441299388E+06
    5.3000000000E+01    5.5398611681E+06
    5.4000000000E+01    5.5354302086E+06
    5.5000000000E+01    5.5308349106E+06
    5.6000000000E+01    5.5260735656E+06
    5.7000000000E+01    5.5211450354E+06
    5.8000000000E+01    5.5160489113E+06
    5.9000000000E+01    5.5107857087E+06
    6.0000000000E+01    5.5053571028E+06
    6.1000000000E+01    5.4997662121E+06
    6.2000000000E+01    5.4940179340E+06
    6.3000000000E+01    5.4881193378E+06
    6.4000000000E+01    5.4820723651E+06
    6.5000000000E+01    5.4757934425E+06
    6.6000000000E+01    5.4691623467E+06
    6.7000000000E+01    5.4620426123E+06
    6.8000000000E+01    5.4543016972E+06
    6.9000000000E+01    5.4459702453E+06
    7.0000000000E+01    5.4371360120E+06
    7.1000000000E+01    5.4279125811E+06
    7.2000000000E+01    5.4184164292E+06
    7.3000000000E+01    5.4086943440E+06
    7.4000000000E+01    5.3987163229E+06
    7.5000000000E+01    5.3884442415E+06
    7.6000000000E+01    5.3778313812E+06
    7.7000000000E+01    5.3668197901E+06
    7.8000000000E+01    5.3553365898E+06
    7.9000000000E+01    5.3433858538E+06
    8.0000000000E+01    5.3310590479E+06
    8.1000000000E+01    5.3184901380E+06
    8.2000000000E+01    5.3058693254E+06
    8.3000000000E+01    5.2934525589E+06
    8.4000000000E+01    5.2815225257E+06
    8.5000000000E+01    5.2702140898E+06
    8.6000000000E+01    5.2596043517E+06
    8.7000000000E+01    5.2497492364E+06
    8.8000000000E+01    5.2406663654E+06
    8.9000000000E+01    5.2323322797E+06
    9.0000000000E+01    5.2246970488E+06
    9.1000000000E+01    5.2176934295E+06
    9.2000000000E+01    5.2113194794E+06
    9.3000000000E+01    5.2056589971E+06
    9.4000000000E+01    5.2008823917E+06
    9.5000000000E+01    5.1970124928E+06
    9.6000000000E+01    5.1939324764E+06
    9.7000000000E+01    5.1917494680E+06
    9.8000000000E+01    5.1905891456E+06
