 # iter=         68  time[s]=   3.099395E-05  x[nm]  flux[1/s]
    0.0000000000E+00    5.5063147735E+06
    1.0000000000E+00    5.5063079589E+06
    2.0000000000E+00    5.5062944217E+06
    3.0000000000E+00    5.5062743358E+06
    4.0000000000E+00    5.5062479619E+06
    5.0000000000E+00    5.5062156515E+06
    6.0000000000E+00    5.5061778142E+06
    7.0000000000E+00    5.5061347278E+06
    8.0000000000E+00    5.5060866185E+06
    9.0000000000E+00    5.5060336769E+06
    1.0000000000E+01    5.5059760551E+06
    1.1000000000E+01    5.5059138634E+06
    1.2000000000E+01    5.5058472773E+06
    1.3000000000E+01    5.5057766214E+06
    1.4000000000E+01    5.5057022514E+06
    1.5000000000E+01    5.5056245544E+06
    1.6000000000E+01    5.5055439483E+06
    1.7000000000E+01    5.5054606930E+06
    1.8000000000E+01    5.5053749017E+06
    1.9000000000E+01    5.5052866523E+06
    2.0000000000E+01    5.5051959858E+06
    2.1000000000E+01    5.5051029042E+06
    2.2000000000E+01    5.5050073693E+06
    2.3000000000E+01    5.5049093008E+06
    2.4000000000E+01    5.5048085744E+06
    2.5000000000E+01    5.5047050203E+06
    2.6000000000E+01    5.5045984214E+06
    2.7000000000E+01    5.5044885111E+06
    2.8000000000E+01    5.5043749721E+06
    2.9000000000E+01    5.5042574341E+06
    3.0000000000E+01    5.5041355588E+06
    3.1000000000E+01    5.5040093599E+06
    3.2000000000E+01    5.5038789026E+06
    3.3000000000E+01    5.5037442610E+06
    3.4000000000E+01    5.5036055175E+06
    3.5000000000E+01    5.5034627628E+06
    3.6000000000E+01    5.5033160959E+06
    3.7000000000E+01    5.5031656239E+06
    3.8000000000E+01    5.5030114619E+06
    3.9000000000E+01    5.5028536501E+06
    4.0000000000E+01    5.5026919637E+06
    4.1000000000E+01    5.5025261269E+06
    4.2000000000E+01    5.5023558272E+06
    4.3000000000E+01    5.5021807125E+06
    4.4000000000E+01    5.5020003881E+06
    4.5000000000E+01    5.5018144124E+06
    4.6000000000E+01    5.5016222926E+06
    4.7000000000E+01    5.5014234791E+06
    4.8000000000E+01    5.5012173594E+06
    4.9000000000E+01    5.5010032498E+06
    5.0000000000E+01    5.5007805172E+06
    5.1000000000E+01    5.5005489548E+06
    5.2000000000E+01    5.5003084025E+06
    5.3000000000E+01    5.5000587090E+06
    5.4000000000E+01    5.4997997348E+06
    5.5000000000E+01    5.4995313562E+06
    5.6000000000E+01    5.4992534704E+06
    5.7000000000E+01    5.4989660015E+06
    5.8000000000E+01    5.4986689084E+06
    5.9000000000E+01    5.4983621937E+06
    6.0000000000E+01    5.4980459156E+06
    6.1000000000E+01    5.4977202017E+06
    6.2000000000E+01    5.4973852654E+06
    6.3000000000E+01    5.4970414266E+06
    6.4000000000E+01    5.4966891342E+06
    6.5000000000E+01    5.4963286295E+06
    6.6000000000E+01    5.4959551478E+06
    6.7000000000E+01    5.4955615619E+06
    6.8000000000E+01    5.4951397725E+06
    6.9000000000E+01    5.4946817593E+06
    7.0000000000E+01    5.4941891908E+06
    7.1000000000E+01    5.4936673646E+06
    7.2000000000E+01    5.4931231460E+06
    7.3000000000E+01    5.4925635763E+06
    7.4000000000E+01    5.4919914183E+06
    7.5000000000E+01    5.4914048563E+06
    7.6000000000E+01    5.4908015806E+06
    7.7000000000E+01    5.4901787312E+06
    7.8000000000E+01    5.4895327193E+06
    7.9000000000E+01    5.4888591250E+06
    8.0000000000E+01    5.4881592054E+06
    8.1000000000E+01    5.4874388646E+06
    8.2000000000E+01    5.4867068465E+06
    8.3000000000E+01    5.4859756475E+06
    8.4000000000E+01    5.4852620645E+06
    8.5000000000E+01    5.4845816141E+06
    8.6000000000E+01    5.4839410010E+06
    8.7000000000E+01    5.4833443743E+06
    8.8000000000E+01    5.4827945666E+06
    8.9000000000E+01    5.4822914264E+06
    9.0000000000E+01    5.4818325688E+06
    9.1000000000E+01    5.4814141464E+06
    9.2000000000E+01    5.4810334482E+06
    9.3000000000E+01    5.4806939225E+06
    9.4000000000E+01    5.4804045031E+06
    9.5000000000E+01    5.4801716263E+06
    9.6000000000E+01    5.4799868268E+06
    9.7000000000E+01    5.4798556069E+06
    9.8000000000E+01    5.4797856579E+06
