 # iter=         28  time[s]=   1.099395E-05  x[nm]  flux[1/s]
    0.0000000000E+00    6.0922950833E+06
    1.0000000000E+00    6.0918955513E+06
    2.0000000000E+00    6.0911028631E+06
    3.0000000000E+00    6.0899291889E+06
    4.0000000000E+00    6.0883928720E+06
    5.0000000000E+00    6.0865187519E+06
    6.0000000000E+00    6.0843285899E+06
    7.0000000000E+00    6.0818371592E+06
    8.0000000000E+00    6.0790566730E+06
    9.0000000000E+00    6.0759965543E+06
    1.0000000000E+01    6.0726632102E+06
    1.1000000000E+01    6.0690679405E+06
    1.2000000000E+01    6.0652312017E+06
    1.3000000000E+01    6.0611756419E+06
    1.4000000000E+01    6.0569261989E+06
    1.5000000000E+01    6.0525064975E+06
    1.6000000000E+01    6.0479254374E+06
    1.7000000000E+01    6.0431879470E+06
    1.8000000000E+01    6.0382963363E+06
    1.9000000000E+01    6.0332501591E+06
    2.0000000000E+01    6.0280460698E+06
    2.1000000000E+01    6.0226776759E+06
    2.2000000000E+01    6.0171353854E+06
    2.3000000000E+01    6.0114062506E+06
    2.4000000000E+01    6.0054738077E+06
    2.5000000000E+01    5.9993179147E+06
    2.6000000000E+01    5.9929145883E+06
    2.7000000000E+01    5.9862368963E+06
    2.8000000000E+01    5.9792778438E+06
    2.9000000000E+01    5.9720398302E+06
    3.0000000000E+01    5.9645258092E+06
    3.1000000000E+01    5.9567392845E+06
    3.2000000000E+01    5.9486843044E+06
    3.3000000000E+01    5.9403654561E+06
    3.4000000000E+01    5.9317878595E+06
    3.5000000000E+01    5.9229571453E+06
    3.6000000000E+01    5.9138667288E+06
    3.7000000000E+01    5.9044974556E+06
    3.8000000000E+01    5.8948275038E+06
    3.9000000000E+01    5.8848321606E+06
    4.0000000000E+01    5.8744835637E+06
    4.1000000000E+01    5.8637504014E+06
    4.2000000000E+01    5.8525975585E+06
    4.3000000000E+01    5.8409857000E+06
    4.4000000000E+01    5.8288707745E+06
    4.5000000000E+01    5.8162034204E+06
    4.6000000000E+01    5.8029386233E+06
    4.7000000000E+01    5.7890586216E+06
    4.8000000000E+01    5.7745477671E+06
    4.9000000000E+01    5.7593908012E+06
    5.0000000000E+01    5.7435730932E+06
    5.1000000000E+01    5.7270809417E+06
    5.2000000000E+01    5.7099019519E+06
    5.3000000000E+01    5.6920255049E+06
    5.4000000000E+01    5.6734433401E+06
    5.5000000000E+01    5.6541502694E+06
    5.6000000000E+01    5.6341450489E+06
    5.7000000000E+01    5.6134314292E+06
    5.8000000000E+01    5.5920194077E+06
    5.9000000000E+01    5.5699266954E+06
    6.0000000000E+01    5.5471804009E+06
    6.1000000000E+01    5.5236233022E+06
    6.2000000000E+01    5.4988075044E+06
    6.3000000000E+01    5.4722213298E+06
    6.4000000000E+01    5.4432891136E+06
    6.5000000000E+01    5.4118303165E+06
    6.6000000000E+01    5.3781377138E+06
    6.7000000000E+01    5.3425972883E+06
    6.8000000000E+01    5.3056749145E+06
    6.9000000000E+01    5.2676984582E+06
    7.0000000000E+01    5.2286372105E+06
    7.1000000000E+01    5.1883573736E+06
    7.2000000000E+01    5.1467002142E+06
    7.3000000000E+01    5.1034761644E+06
    7.4000000000E+01    5.0584561497E+06
    7.5000000000E+01    5.0113978271E+06
    7.6000000000E+01    4.9624578079E+06
    7.7000000000E+01    4.9119984541E+06
    7.8000000000E+01    4.8605245250E+06
    7.9000000000E+01    4.8087158368E+06
    8.0000000000E+01    4.7574440282E+06
    8.1000000000E+01    4.7077035489E+06
    8.2000000000E+01    4.6600211405E+06
    8.3000000000E+01    4.6146843175E+06
    8.4000000000E+01    4.5718822947E+06
    8.5000000000E+01    4.5317532340E+06
    8.6000000000E+01    4.4943001886E+06
    8.7000000000E+01    4.4594290640E+06
    8.8000000000E+01    4.4269829318E+06
    8.9000000000E+01    4.3967598390E+06
    9.0000000000E+01    4.3686541400E+06
    9.1000000000E+01    4.3428209961E+06
    9.2000000000E+01    4.3196055347E+06
    9.3000000000E+01    4.2995645444E+06
    9.4000000000E+01    4.2827023653E+06
    9.5000000000E+01    4.2685483945E+06
    9.6000000000E+01    4.2573920850E+06
    9.7000000000E+01    4.2495435726E+06
    9.8000000000E+01    4.2454166882E+06
