 # iter=          3  time[s]=   1.617722E-11  x[nm]  flux[1/s]
    0.0000000000E+00    1.2920637608E+07
    1.0000000000E+00    1.2727625208E+07
    2.0000000000E+00    1.2539530086E+07
    3.0000000000E+00    1.2359683777E+07
    4.0000000000E+00    1.2184436418E+07
    5.0000000000E+00    1.2008778762E+07
    6.0000000000E+00    1.1831182680E+07
    7.0000000000E+00    1.1652904040E+07
    8.0000000000E+00    1.1475096162E+07
    9.0000000000E+00    1.1298351131E+07
    1.0000000000E+01    1.1123094917E+07
    1.1000000000E+01    1.0949709834E+07
    1.2000000000E+01    1.0778546508E+07
    1.3000000000E+01    1.0609928466E+07
    1.4000000000E+01    1.0443924027E+07
    1.5000000000E+01    1.0279950588E+07
    1.6000000000E+01    1.0116948529E+07
    1.7000000000E+01    9.9538346987E+06
    1.8000000000E+01    9.7895639427E+06
    1.9000000000E+01    9.6231141812E+06
    2.0000000000E+01    9.4534509987E+06
    2.1000000000E+01    9.2795581775E+06
    2.2000000000E+01    9.1004607903E+06
    2.3000000000E+01    8.9152284125E+06
    2.4000000000E+01    8.7229792732E+06
    2.5000000000E+01    8.5230085395E+06
    2.6000000000E+01    8.3156416919E+06
    2.7000000000E+01    8.1024343655E+06
    2.8000000000E+01    7.8852588415E+06
    2.9000000000E+01    7.6659256621E+06
    3.0000000000E+01    7.4461766282E+06
    3.1000000000E+01    7.2276821458E+06
    3.2000000000E+01    7.0120391317E+06
    3.3000000000E+01    6.8007694521E+06
    3.4000000000E+01    6.5953190973E+06
    3.5000000000E+01    6.3970578712E+06
    3.6000000000E+01    6.2072703394E+06
    3.7000000000E+01    6.0267898467E+06
    3.8000000000E+01    5.8555280222E+06
    3.9000000000E+01    5.6928888102E+06
    4.0000000000E+01    5.5383901080E+06
    4.1000000000E+01    5.3929884241E+06
    4.2000000000E+01    5.2595671146E+06
    4.3000000000E+01    5.1414733607E+06
    4.4000000000E+01    5.0397456649E+06
    4.5000000000E+01    4.9474534896E+06
    4.6000000000E+01    4.8560143853E+06
    4.7000000000E+01    4.7623980793E+06
    4.8000000000E+01    4.6651418463E+06
    4.9000000000E+01    4.5628908240E+06
    5.0000000000E+01    4.4544017904E+06
    5.1000000000E+01    4.3385648637E+06
    5.2000000000E+01    4.2153699329E+06
    5.3000000000E+01    4.0874038225E+06
    5.4000000000E+01    3.9587855709E+06
    5.5000000000E+01    3.8334076304E+06
    5.6000000000E+01    3.7147573012E+06
    5.7000000000E+01    3.6059175607E+06
    5.8000000000E+01    3.5095793255E+06
    5.9000000000E+01    3.4279490462E+06
    6.0000000000E+01    3.3614034879E+06
    6.1000000000E+01    3.3079064623E+06
    6.2000000000E+01    3.2646254349E+06
    6.3000000000E+01    3.2288100288E+06
    6.4000000000E+01    3.1972064860E+06
    6.5000000000E+01    3.1660912320E+06
    6.6000000000E+01    3.1320037764E+06
    6.7000000000E+01    3.0919754226E+06
    6.8000000000E+01    3.0435129149E+06
    6.9000000000E+01    2.9845808214E+06
    7.0000000000E+01    2.9135832961E+06
    7.1000000000E+01    2.8293657088E+06
    7.2000000000E+01    2.7321781269E+06
    7.3000000000E+01    2.6248278291E+06
    7.4000000000E+01    2.5113695297E+06
    7.5000000000E+01    2.3955093114E+06
    7.6000000000E+01    2.2804968283E+06
    7.7000000000E+01    2.1691496800E+06
    7.8000000000E+01    2.0637376029E+06
    7.9000000000E+01    1.9648974468E+06
    8.0000000000E+01    1.8714849918E+06
    8.1000000000E+01    1.7819281856E+06
    8.2000000000E+01    1.6948011859E+06
    8.3000000000E+01    1.6093206486E+06
    8.4000000000E+01    1.5259276102E+06
    8.5000000000E+01    1.4452037744E+06
    8.6000000000E+01    1.3672235044E+06
    8.7000000000E+01    1.2920395976E+06
    8.8000000000E+01    1.2196960273E+06
    8.9000000000E+01    1.1502285286E+06
    9.0000000000E+01    1.0836651592E+06
    9.1000000000E+01    1.0200268657E+06
    9.2000000000E+01    9.5932803643E+05
    9.3000000000E+01    9.0157705390E+05
    9.4000000000E+01    8.4677684437E+05
    9.5000000000E+01    7.9492541906E+05
    9.6000000000E+01    7.4601641313E+05
    9.7000000000E+01    7.0003963482E+05
    9.8000000000E+01    6.5701594310E+05
