 # iter=         33  time[s]=   1.349395E-05  x[nm]  flux[1/s]
    0.0000000000E+00    5.8649442838E+06
    1.0000000000E+00    5.8646833548E+06
    2.0000000000E+00    5.8641653972E+06
    3.0000000000E+00    5.8633978299E+06
    4.0000000000E+00    5.8623918088E+06
    5.0000000000E+00    5.8611624406E+06
    6.0000000000E+00    5.8597248425E+06
    7.0000000000E+00    5.8580888128E+06
    8.0000000000E+00    5.8562625963E+06
    9.0000000000E+00    5.8542527984E+06
    1.0000000000E+01    5.8520642523E+06
    1.1000000000E+01    5.8497016727E+06
    1.2000000000E+01    5.8471767758E+06
    1.3000000000E+01    5.8445033517E+06
    1.4000000000E+01    5.8416965471E+06
    1.5000000000E+01    5.8387729054E+06
    1.6000000000E+01    5.8357431523E+06
    1.7000000000E+01    5.8326114810E+06
    1.8000000000E+01    5.8293805473E+06
    1.9000000000E+01    5.8260513929E+06
    2.0000000000E+01    5.8226233652E+06
    2.1000000000E+01    5.8190940351E+06
    2.2000000000E+01    5.8154591121E+06
    2.3000000000E+01    5.8117123574E+06
    2.4000000000E+01    5.8078454950E+06
    2.5000000000E+01    5.8038481210E+06
    2.6000000000E+01    5.7997076126E+06
    2.7000000000E+01    5.7954090363E+06
    2.8000000000E+01    5.7909357678E+06
    2.9000000000E+01    5.7862838667E+06
    3.0000000000E+01    5.7814551553E+06
    3.1000000000E+01    5.7764518041E+06
    3.2000000000E+01    5.7712763288E+06
    3.3000000000E+01    5.7659315867E+06
    3.4000000000E+01    5.7604207732E+06
    3.5000000000E+01    5.7547474176E+06
    3.6000000000E+01    5.7489153785E+06
    3.7000000000E+01    5.7429243743E+06
    3.8000000000E+01    5.7367636345E+06
    3.9000000000E+01    5.7304204943E+06
    4.0000000000E+01    5.7238806137E+06
    4.1000000000E+01    5.7171278360E+06
    4.2000000000E+01    5.7101440245E+06
    4.3000000000E+01    5.7029088702E+06
    4.4000000000E+01    5.6953996669E+06
    4.5000000000E+01    5.6875910435E+06
    4.6000000000E+01    5.6794546459E+06
    4.7000000000E+01    5.6709590226E+06
    4.8000000000E+01    5.6620861309E+06
    4.9000000000E+01    5.6528270869E+06
    5.0000000000E+01    5.6431732257E+06
    5.1000000000E+01    5.6331162271E+06
    5.2000000000E+01    5.6226482731E+06
    5.3000000000E+01    5.6117622461E+06
    5.4000000000E+01    5.6004519738E+06
    5.5000000000E+01    5.5887125352E+06
    5.6000000000E+01    5.5765406353E+06
    5.7000000000E+01    5.5639350660E+06
    5.8000000000E+01    5.5508972646E+06
    5.9000000000E+01    5.5374319872E+06
    6.0000000000E+01    5.5235481073E+06
    6.1000000000E+01    5.5092595518E+06
    6.2000000000E+01    5.4945847865E+06
    6.3000000000E+01    5.4793768760E+06
    6.4000000000E+01    5.4633482026E+06
    6.5000000000E+01    5.4461716380E+06
    6.6000000000E+01    5.4274867887E+06
    6.7000000000E+01    5.4072591835E+06
    6.8000000000E+01    5.3856849033E+06
    6.9000000000E+01    5.3630205536E+06
    7.0000000000E+01    5.3395626439E+06
    7.1000000000E+01    5.3154923339E+06
    7.2000000000E+01    5.2907655776E+06
    7.3000000000E+01    5.2652950218E+06
    7.4000000000E+01    5.2389755035E+06
    7.5000000000E+01    5.2116793041E+06
    7.6000000000E+01    5.1832490446E+06
    7.7000000000E+01    5.1535644601E+06
    7.8000000000E+01    5.1227851933E+06
    7.9000000000E+01    5.0911746141E+06
    8.0000000000E+01    5.0591047266E+06
    8.1000000000E+01    5.0270804395E+06
    8.2000000000E+01    4.9957478821E+06
    8.3000000000E+01    4.9656736998E+06
    8.4000000000E+01    4.9371045491E+06
    8.5000000000E+01    4.9101969068E+06
    8.6000000000E+01    4.8850705850E+06
    8.7000000000E+01    4.8617554101E+06
    8.8000000000E+01    4.8401982225E+06
    8.9000000000E+01    4.8202920820E+06
    9.0000000000E+01    4.8018919059E+06
    9.1000000000E+01    4.7849380023E+06
    9.2000000000E+01    4.7695642471E+06
    9.3000000000E+01    4.7560642430E+06
    9.4000000000E+01    4.7447811915E+06
    9.5000000000E+01    4.7354892957E+06
    9.6000000000E+01    4.7281002025E+06
    9.7000000000E+01    4.7228809255E+06
    9.8000000000E+01    4.7201209060E+06
