 # iter=         57  time[s]=   2.549395E-05  x[nm]  flux[1/s]
    0.0000000000E+00    5.5265670864E+06
    1.0000000000E+00    5.5265443793E+06
    2.0000000000E+00    5.5264992734E+06
    3.0000000000E+00    5.5264323517E+06
    4.0000000000E+00    5.5263444879E+06
    5.0000000000E+00    5.5262368612E+06
    6.0000000000E+00    5.5261108363E+06
    7.0000000000E+00    5.5259673328E+06
    8.0000000000E+00    5.5258071024E+06
    9.0000000000E+00    5.5256307769E+06
    1.0000000000E+01    5.5254388579E+06
    1.1000000000E+01    5.5252317070E+06
    1.2000000000E+01    5.5250099366E+06
    1.3000000000E+01    5.5247746361E+06
    1.4000000000E+01    5.5245269974E+06
    1.5000000000E+01    5.5242683179E+06
    1.6000000000E+01    5.5239999915E+06
    1.7000000000E+01    5.5237228338E+06
    1.8000000000E+01    5.5234372144E+06
    1.9000000000E+01    5.5231433837E+06
    2.0000000000E+01    5.5228414673E+06
    2.1000000000E+01    5.5225314608E+06
    2.2000000000E+01    5.5222132235E+06
    2.3000000000E+01    5.5218864729E+06
    2.4000000000E+01    5.5215507790E+06
    2.5000000000E+01    5.5212055578E+06
    2.6000000000E+01    5.5208500658E+06
    2.7000000000E+01    5.5204833934E+06
    2.8000000000E+01    5.5201044590E+06
    2.9000000000E+01    5.5197120030E+06
    3.0000000000E+01    5.5193049792E+06
    3.1000000000E+01    5.5188834916E+06
    3.2000000000E+01    5.5184477574E+06
    3.3000000000E+01    5.5179980226E+06
    3.4000000000E+01    5.5175345613E+06
    3.5000000000E+01    5.5170576758E+06
    3.6000000000E+01    5.5165676955E+06
    3.7000000000E+01    5.5160649773E+06
    3.8000000000E+01    5.5155499044E+06
    3.9000000000E+01    5.5150225007E+06
    4.0000000000E+01    5.5144819598E+06
    4.1000000000E+01    5.5139273381E+06
    4.2000000000E+01    5.5133575672E+06
    4.3000000000E+01    5.5127714446E+06
    4.4000000000E+01    5.5121676220E+06
    4.5000000000E+01    5.5115445920E+06
    4.6000000000E+01    5.5109006725E+06
    4.7000000000E+01    5.5102339878E+06
    4.8000000000E+01    5.5095424462E+06
    4.9000000000E+01    5.5088237138E+06
    5.0000000000E+01    5.5080758418E+06
    5.1000000000E+01    5.5072982142E+06
    5.2000000000E+01    5.5064902871E+06
    5.3000000000E+01    5.5056515469E+06
    5.4000000000E+01    5.5047815207E+06
    5.5000000000E+01    5.5038797908E+06
    5.6000000000E+01    5.5029460114E+06
    5.7000000000E+01    5.5019799304E+06
    5.8000000000E+01    5.5009814153E+06
    5.9000000000E+01    5.4999504859E+06
    6.0000000000E+01    5.4988873537E+06
    6.1000000000E+01    5.4977924701E+06
    6.2000000000E+01    5.4966665838E+06
    6.3000000000E+01    5.4955108094E+06
    6.4000000000E+01    5.4943267072E+06
    6.5000000000E+01    5.4931137497E+06
    6.6000000000E+01    5.4918536103E+06
    6.7000000000E+01    5.4905219323E+06
    6.8000000000E+01    5.4890910837E+06
    6.9000000000E+01    5.4875369392E+06
    7.0000000000E+01    5.4858689433E+06
    7.1000000000E+01    5.4841055279E+06
    7.2000000000E+01    5.4822704332E+06
    7.3000000000E+01    5.4803861042E+06
    7.4000000000E+01    5.4784585342E+06
    7.5000000000E+01    5.4764812527E+06
    7.6000000000E+01    5.4744463059E+06
    7.7000000000E+01    5.4723438469E+06
    7.8000000000E+01    5.4701615097E+06
    7.9000000000E+01    5.4678851006E+06
    8.0000000000E+01    5.4655220284E+06
    8.1000000000E+01    5.4630929870E+06
    8.2000000000E+01    5.4606284706E+06
    8.3000000000E+01    5.4581717184E+06
    8.4000000000E+01    5.4557802457E+06
    8.5000000000E+01    5.4535023344E+06
    8.6000000000E+01    5.4513590369E+06
    8.7000000000E+01    5.4493636902E+06
    8.8000000000E+01    5.4475250730E+06
    8.9000000000E+01    5.4458419703E+06
    9.0000000000E+01    5.4443060469E+06
    9.1000000000E+01    5.4429042587E+06
    9.2000000000E+01    5.4416286075E+06
    9.3000000000E+01    5.4404915030E+06
    9.4000000000E+01    5.4395235405E+06
    9.5000000000E+01    5.4387441515E+06
    9.6000000000E+01    5.4381253128E+06
    9.7000000000E+01    5.4376860086E+06
    9.8000000000E+01    5.4374519267E+06
