 # iter=         52  time[s]=   2.299395E-05  x[nm]  flux[1/s]
    0.0000000000E+00    5.5475340103E+06
    1.0000000000E+00    5.5474950767E+06
    2.0000000000E+00    5.5474177410E+06
    3.0000000000E+00    5.5473030093E+06
    4.0000000000E+00    5.5471523893E+06
    5.0000000000E+00    5.5469679165E+06
    6.0000000000E+00    5.5467519299E+06
    7.0000000000E+00    5.5465059959E+06
    8.0000000000E+00    5.5462314000E+06
    9.0000000000E+00    5.5459292192E+06
    1.0000000000E+01    5.5456003048E+06
    1.1000000000E+01    5.5452452660E+06
    1.2000000000E+01    5.5448652051E+06
    1.3000000000E+01    5.5444620014E+06
    1.4000000000E+01    5.5440377106E+06
    1.5000000000E+01    5.5435945710E+06
    1.6000000000E+01    5.5431349691E+06
    1.7000000000E+01    5.5426602188E+06
    1.8000000000E+01    5.5421709398E+06
    1.9000000000E+01    5.5416675450E+06
    2.0000000000E+01    5.5411502313E+06
    2.1000000000E+01    5.5406189698E+06
    2.2000000000E+01    5.5400734959E+06
    2.3000000000E+01    5.5395132992E+06
    2.4000000000E+01    5.5389376130E+06
    2.5000000000E+01    5.5383454041E+06
    2.6000000000E+01    5.5377353617E+06
    2.7000000000E+01    5.5371058875E+06
    2.8000000000E+01    5.5364550844E+06
    2.9000000000E+01    5.5357807461E+06
    3.0000000000E+01    5.5350812553E+06
    3.1000000000E+01    5.5343568662E+06
    3.2000000000E+01    5.5336079506E+06
    3.3000000000E+01    5.5328349295E+06
    3.4000000000E+01    5.5320382725E+06
    3.5000000000E+01    5.5312184971E+06
    3.6000000000E+01    5.5303761682E+06
    3.7000000000E+01    5.5295118972E+06
    3.8000000000E+01    5.5286263413E+06
    3.9000000000E+01    5.5277193110E+06
    4.0000000000E+01    5.5267893510E+06
    4.1000000000E+01    5.5258347987E+06
    4.2000000000E+01    5.5248537738E+06
    4.3000000000E+01    5.5238441611E+06
    4.4000000000E+01    5.5228035899E+06
    4.5000000000E+01    5.5217294106E+06
    4.6000000000E+01    5.5206186663E+06
    4.7000000000E+01    5.5194680600E+06
    4.8000000000E+01    5.5182739149E+06
    4.9000000000E+01    5.5170321264E+06
    5.0000000000E+01    5.5157397267E+06
    5.1000000000E+01    5.5143957170E+06
    5.2000000000E+01    5.5129991463E+06
    5.3000000000E+01    5.5115491175E+06
    5.4000000000E+01    5.5100448064E+06
    5.5000000000E+01    5.5084854871E+06
    5.6000000000E+01    5.5068705623E+06
    5.7000000000E+01    5.5051996016E+06
    5.8000000000E+01    5.5034723884E+06
    5.9000000000E+01    5.5016889773E+06
    6.0000000000E+01    5.4998497652E+06
    6.1000000000E+01    5.4979555756E+06
    6.2000000000E+01    5.4960077617E+06
    6.3000000000E+01    5.4940083267E+06
    6.4000000000E+01    5.4919600648E+06
    6.5000000000E+01    5.4898586714E+06
    6.6000000000E+01    5.4876691600E+06
    6.7000000000E+01    5.4853486726E+06
    6.8000000000E+01    5.4828486696E+06
    6.9000000000E+01    5.4801344334E+06
    7.0000000000E+01    5.4772275399E+06
    7.1000000000E+01    5.4741610183E+06
    7.2000000000E+01    5.4709769277E+06
    7.3000000000E+01    5.4677112466E+06
    7.4000000000E+01    5.4643686967E+06
    7.5000000000E+01    5.4609377907E+06
    7.6000000000E+01    5.4574044211E+06
    7.7000000000E+01    5.4537511210E+06
    7.8000000000E+01    5.4499559357E+06
    7.9000000000E+01    5.4459964964E+06
    8.0000000000E+01    5.4418906158E+06
    8.1000000000E+01    5.4376756748E+06
    8.2000000000E+01    5.4334064462E+06
    8.3000000000E+01    5.4291599361E+06
    8.4000000000E+01    5.4250373881E+06
    8.5000000000E+01    5.4211143995E+06
    8.6000000000E+01    5.4174253692E+06
    8.7000000000E+01    5.4139923972E+06
    8.8000000000E+01    5.4108292260E+06
    8.9000000000E+01    5.4079325559E+06
    9.0000000000E+01    5.4052874364E+06
    9.1000000000E+01    5.4028711172E+06
    9.2000000000E+01    5.4006719130E+06
    9.3000000000E+01    5.3987126831E+06
    9.4000000000E+01    5.3970473431E+06
    9.5000000000E+01    5.3957053238E+06
    9.6000000000E+01    5.3946391726E+06
    9.7000000000E+01    5.3938825326E+06
    9.8000000000E+01    5.3934795336E+06
