 # iter=         37  time[s]=   1.549395E-05  x[nm]  flux[1/s]
    0.0000000000E+00    5.7431333335E+06
    1.0000000000E+00    5.7429528977E+06
    2.0000000000E+00    5.7425946308E+06
    3.0000000000E+00    5.7420634775E+06
    4.0000000000E+00    5.7413668633E+06
    5.0000000000E+00    5.7405148328E+06
    6.0000000000E+00    5.7395180625E+06
    7.0000000000E+00    5.7383834623E+06
    8.0000000000E+00    5.7371168319E+06
    9.0000000000E+00    5.7357229022E+06
    1.0000000000E+01    5.7342052496E+06
    1.1000000000E+01    5.7325666749E+06
    1.2000000000E+01    5.7308143220E+06
    1.3000000000E+01    5.7289573895E+06
    1.4000000000E+01    5.7270059659E+06
    1.5000000000E+01    5.7249710651E+06
    1.6000000000E+01    5.7228622580E+06
    1.7000000000E+01    5.7206830610E+06
    1.8000000000E+01    5.7184357165E+06
    1.9000000000E+01    5.7161214143E+06
    2.0000000000E+01    5.7137402413E+06
    2.1000000000E+01    5.7112911288E+06
    2.2000000000E+01    5.7087717995E+06
    2.3000000000E+01    5.7061787124E+06
    2.4000000000E+01    5.7035070065E+06
    2.5000000000E+01    5.7007504445E+06
    2.6000000000E+01    5.6979013544E+06
    2.7000000000E+01    5.6949505719E+06
    2.8000000000E+01    5.6918873829E+06
    2.9000000000E+01    5.6887030404E+06
    3.0000000000E+01    5.6853982011E+06
    3.1000000000E+01    5.6819743483E+06
    3.2000000000E+01    5.6784332004E+06
    3.3000000000E+01    5.6747767088E+06
    3.4000000000E+01    5.6710070554E+06
    3.5000000000E+01    5.6671266492E+06
    3.6000000000E+01    5.6631381239E+06
    3.7000000000E+01    5.6590443022E+06
    3.8000000000E+01    5.6548424566E+06
    3.9000000000E+01    5.6505249925E+06
    4.0000000000E+01    5.6460832753E+06
    4.1000000000E+01    5.6415075489E+06
    4.2000000000E+01    5.6367868416E+06
    4.3000000000E+01    5.6319088559E+06
    4.4000000000E+01    5.6268598403E+06
    4.5000000000E+01    5.6216244381E+06
    4.6000000000E+01    5.6161855071E+06
    4.7000000000E+01    5.6105239052E+06
    4.8000000000E+01    5.6046190184E+06
    4.9000000000E+01    5.5984610581E+06
    5.0000000000E+01    5.5920444859E+06
    5.1000000000E+01    5.5853639406E+06
    5.2000000000E+01    5.5784143244E+06
    5.3000000000E+01    5.5711909100E+06
    5.4000000000E+01    5.5636894756E+06
    5.5000000000E+01    5.5559064710E+06
    5.6000000000E+01    5.5478392250E+06
    5.7000000000E+01    5.5394861991E+06
    5.8000000000E+01    5.5308472992E+06
    5.9000000000E+01    5.5219242534E+06
    6.0000000000E+01    5.5127210672E+06
    6.1000000000E+01    5.5032445646E+06
    6.2000000000E+01    5.4935050209E+06
    6.3000000000E+01    5.4835149446E+06
    6.4000000000E+01    5.4731691902E+06
    6.5000000000E+01    5.4622729510E+06
    6.6000000000E+01    5.4506046576E+06
    6.7000000000E+01    5.4379223936E+06
    6.8000000000E+01    5.4242144263E+06
    6.9000000000E+01    5.4096162253E+06
    7.0000000000E+01    5.3943048248E+06
    7.1000000000E+01    5.3784818612E+06
    7.2000000000E+01    5.3622643479E+06
    7.3000000000E+01    5.3456179798E+06
    7.4000000000E+01    5.3284827047E+06
    7.5000000000E+01    5.3107856001E+06
    7.6000000000E+01    5.2924372385E+06
    7.7000000000E+01    5.2733261840E+06
    7.8000000000E+01    5.2533887298E+06
    7.9000000000E+01    5.2327498319E+06
    8.0000000000E+01    5.2116020200E+06
    8.1000000000E+01    5.1902193961E+06
    8.2000000000E+01    5.1689753041E+06
    8.3000000000E+01    5.1483434572E+06
    8.4000000000E+01    5.1286458925E+06
    8.5000000000E+01    5.1100365796E+06
    8.6000000000E+01    5.0926154149E+06
    8.7000000000E+01    5.0764506659E+06
    8.8000000000E+01    5.0615372822E+06
    8.9000000000E+01    5.0478180710E+06
    9.0000000000E+01    5.0352016520E+06
    9.1000000000E+01    5.0235941153E+06
    9.2000000000E+01    5.0130410407E+06
    9.3000000000E+01    5.0037098992E+06
    9.4000000000E+01    4.9958828760E+06
    9.5000000000E+01    4.9894980804E+06
    9.6000000000E+01    4.9844135566E+06
    9.7000000000E+01    4.9808151182E+06
    9.8000000000E+01    4.9789067404E+06
