 # iter=         71  time[s]=   3.249395E-05  x[nm]  flux[1/s]
    0.0000000000E+00    5.5038903610E+06
    1.0000000000E+00    5.5038854636E+06
    2.0000000000E+00    5.5038757349E+06
    3.0000000000E+00    5.5038612997E+06
    4.0000000000E+00    5.5038423452E+06
    5.0000000000E+00    5.5038191239E+06
    6.0000000000E+00    5.5037919301E+06
    7.0000000000E+00    5.5037609637E+06
    8.0000000000E+00    5.5037263873E+06
    9.0000000000E+00    5.5036883379E+06
    1.0000000000E+01    5.5036469249E+06
    1.1000000000E+01    5.5036022278E+06
    1.2000000000E+01    5.5035543720E+06
    1.3000000000E+01    5.5035035906E+06
    1.4000000000E+01    5.5034501391E+06
    1.5000000000E+01    5.5033942954E+06
    1.6000000000E+01    5.5033363598E+06
    1.7000000000E+01    5.5032765204E+06
    1.8000000000E+01    5.5032148587E+06
    1.9000000000E+01    5.5031514311E+06
    2.0000000000E+01    5.5030862672E+06
    2.1000000000E+01    5.5030193687E+06
    2.2000000000E+01    5.5029507086E+06
    2.3000000000E+01    5.5028802295E+06
    2.4000000000E+01    5.5028078425E+06
    2.5000000000E+01    5.5027334261E+06
    2.6000000000E+01    5.5026568246E+06
    2.7000000000E+01    5.5025778472E+06
    2.8000000000E+01    5.5024962664E+06
    2.9000000000E+01    5.5024118166E+06
    3.0000000000E+01    5.5023242530E+06
    3.1000000000E+01    5.5022335836E+06
    3.2000000000E+01    5.5021398554E+06
    3.3000000000E+01    5.5020431217E+06
    3.4000000000E+01    5.5019434415E+06
    3.5000000000E+01    5.5018408802E+06
    3.6000000000E+01    5.5017355088E+06
    3.7000000000E+01    5.5016274044E+06
    3.8000000000E+01    5.5015166497E+06
    3.9000000000E+01    5.5014032761E+06
    4.0000000000E+01    5.5012871238E+06
    4.1000000000E+01    5.5011679953E+06
    4.2000000000E+01    5.5010456665E+06
    4.3000000000E+01    5.5009198854E+06
    4.4000000000E+01    5.5007903689E+06
    4.5000000000E+01    5.5006568007E+06
    4.6000000000E+01    5.5005188276E+06
    4.7000000000E+01    5.5003760559E+06
    4.8000000000E+01    5.5002280465E+06
    4.9000000000E+01    5.5000743097E+06
    5.0000000000E+01    5.4999143869E+06
    5.1000000000E+01    5.4997481270E+06
    5.2000000000E+01    5.4995754154E+06
    5.3000000000E+01    5.4993961434E+06
    5.4000000000E+01    5.4992102111E+06
    5.5000000000E+01    5.4990175297E+06
    5.6000000000E+01    5.4988180254E+06
    5.7000000000E+01    5.4986116437E+06
    5.8000000000E+01    5.4983983548E+06
    5.9000000000E+01    5.4981781606E+06
    6.0000000000E+01    5.4979511022E+06
    6.1000000000E+01    5.4977172707E+06
    6.2000000000E+01    5.4974768188E+06
    6.3000000000E+01    5.4972299748E+06
    6.4000000000E+01    5.4969770599E+06
    6.5000000000E+01    5.4967182738E+06
    6.6000000000E+01    5.4964502617E+06
    6.7000000000E+01    5.4961679169E+06
    6.8000000000E+01    5.4958654355E+06
    6.9000000000E+01    5.4955370019E+06
    7.0000000000E+01    5.4951837034E+06
    7.1000000000E+01    5.4948093276E+06
    7.2000000000E+01    5.4944187860E+06
    7.3000000000E+01    5.4940171604E+06
    7.4000000000E+01    5.4936065143E+06
    7.5000000000E+01    5.4931855605E+06
    7.6000000000E+01    5.4927526454E+06
    7.7000000000E+01    5.4923057217E+06
    7.8000000000E+01    5.4918422206E+06
    7.9000000000E+01    5.4913589598E+06
    8.0000000000E+01    5.4908567549E+06
    8.1000000000E+01    5.4903398233E+06
    8.2000000000E+01    5.4898144144E+06
    8.3000000000E+01    5.4892894681E+06
    8.4000000000E+01    5.4887770151E+06
    8.5000000000E+01    5.4882882858E+06
    8.6000000000E+01    5.4878281363E+06
    8.7000000000E+01    5.4873995620E+06
    8.8000000000E+01    5.4870046144E+06
    8.9000000000E+01    5.4866432034E+06
    9.0000000000E+01    5.4863136251E+06
    9.1000000000E+01    5.4860131206E+06
    9.2000000000E+01    5.4857397164E+06
    9.3000000000E+01    5.4854958665E+06
    9.4000000000E+01    5.4852879696E+06
    9.5000000000E+01    5.4851207013E+06
    9.6000000000E+01    5.4849879748E+06
    9.7000000000E+01    5.4848937274E+06
    9.8000000000E+01    5.4848434847E+06
