 # iter=          4  time[s]=   1.899061E-09  x[nm]  flux[1/s]
    0.0000000000E+00    1.2838244976E+07
    1.0000000000E+00    1.2710056180E+07
    2.0000000000E+00    1.2535885631E+07
    3.0000000000E+00    1.2357023735E+07
    4.0000000000E+00    1.2180270178E+07
    5.0000000000E+00    1.2003384167E+07
    6.0000000000E+00    1.1825256887E+07
    7.0000000000E+00    1.1647127813E+07
    8.0000000000E+00    1.1470257864E+07
    9.0000000000E+00    1.1294838371E+07
    1.0000000000E+01    1.1121201397E+07
    1.1000000000E+01    1.0949638398E+07
    1.2000000000E+01    1.0780305371E+07
    1.3000000000E+01    1.0613049385E+07
    1.4000000000E+01    1.0447099828E+07
    1.5000000000E+01    1.0282305209E+07
    1.6000000000E+01    1.0118288266E+07
    1.7000000000E+01    9.9542069763E+06
    1.8000000000E+01    9.7891706864E+06
    1.9000000000E+01    9.6224224430E+06
    2.0000000000E+01    9.4527358680E+06
    2.1000000000E+01    9.2789614647E+06
    2.2000000000E+01    9.1000901070E+06
    2.3000000000E+01    8.9151955817E+06
    2.4000000000E+01    8.7234579324E+06
    2.5000000000E+01    8.5242644577E+06
    2.6000000000E+01    8.3177939201E+06
    2.7000000000E+01    8.1055015830E+06
    2.8000000000E+01    7.8891163475E+06
    2.9000000000E+01    7.6704278923E+06
    3.0000000000E+01    7.4511892091E+06
    3.1000000000E+01    7.2330867282E+06
    3.2000000000E+01    7.0177331382E+06
    3.3000000000E+01    6.8066653231E+06
    3.4000000000E+01    6.6013439366E+06
    3.5000000000E+01    6.4031587249E+06
    3.6000000000E+01    6.2134781712E+06
    3.7000000000E+01    6.0336022672E+06
    3.8000000000E+01    5.8627890455E+06
    3.9000000000E+01    5.7002497077E+06
    4.0000000000E+01    5.5455532049E+06
    4.1000000000E+01    5.3996343656E+06
    4.2000000000E+01    5.2658205130E+06
    4.3000000000E+01    5.1468891947E+06
    4.4000000000E+01    5.0429934748E+06
    4.5000000000E+01    4.9485891659E+06
    4.6000000000E+01    4.8563702960E+06
    4.7000000000E+01    4.7624673056E+06
    4.8000000000E+01    4.6650297283E+06
    4.9000000000E+01    4.5626629514E+06
    5.0000000000E+01    4.4541332043E+06
    5.1000000000E+01    4.3384671272E+06
    5.2000000000E+01    4.2157197141E+06
    5.3000000000E+01    4.0883184320E+06
    5.4000000000E+01    3.9601537155E+06
    5.5000000000E+01    3.8351053645E+06
    5.6000000000E+01    3.7166897085E+06
    5.7000000000E+01    3.6080184129E+06
    5.8000000000E+01    3.5117868273E+06
    5.9000000000E+01    3.4300710019E+06
    6.0000000000E+01    3.3632099804E+06
    6.1000000000E+01    3.3093109619E+06
    6.2000000000E+01    3.2656396522E+06
    6.3000000000E+01    3.2293734125E+06
    6.4000000000E+01    3.1972591978E+06
    6.5000000000E+01    3.1656654046E+06
    6.6000000000E+01    3.1311664608E+06
    6.7000000000E+01    3.0907987787E+06
    6.8000000000E+01    3.0420741102E+06
    6.9000000000E+01    2.9829629386E+06
    7.0000000000E+01    2.9118841540E+06
    7.1000000000E+01    2.8278043490E+06
    7.2000000000E+01    2.7310550408E+06
    7.3000000000E+01    2.6242635884E+06
    7.4000000000E+01    2.5112838440E+06
    7.5000000000E+01    2.3958012976E+06
    7.6000000000E+01    2.2810747247E+06
    7.7000000000E+01    2.1699153296E+06
    7.8000000000E+01    2.0645282460E+06
    7.9000000000E+01    1.9655975541E+06
    8.0000000000E+01    1.8720534656E+06
    8.1000000000E+01    1.7823936086E+06
    8.2000000000E+01    1.6952466347E+06
    8.3000000000E+01    1.6097605612E+06
    8.4000000000E+01    1.5264047988E+06
    8.5000000000E+01    1.4456772858E+06
    8.6000000000E+01    1.3676879010E+06
    8.7000000000E+01    1.2924930318E+06
    8.8000000000E+01    1.2201370043E+06
    8.9000000000E+01    1.1506557474E+06
    9.0000000000E+01    1.0840774976E+06
    9.1000000000E+01    1.0204233694E+06
    9.2000000000E+01    9.5970790843E+05
    9.3000000000E+01    9.0193964354E+05
    9.4000000000E+01    8.4712163863E+05
    9.5000000000E+01    7.9525216806E+05
    9.6000000000E+01    7.4633052824E+05
    9.7000000000E+01    7.0051285010E+05
    9.8000000000E+01    6.6110585511E+05
