 # iter=         60  time[s]=   2.699395E-05  x[nm]  flux[1/s]
    0.0000000000E+00    5.5184730034E+06
    1.0000000000E+00    5.5184566218E+06
    2.0000000000E+00    5.5184240806E+06
    3.0000000000E+00    5.5183757993E+06
    4.0000000000E+00    5.5183124066E+06
    5.0000000000E+00    5.5182347512E+06
    6.0000000000E+00    5.5181438176E+06
    7.0000000000E+00    5.5180402708E+06
    8.0000000000E+00    5.5179246540E+06
    9.0000000000E+00    5.5177974237E+06
    1.0000000000E+01    5.5176589433E+06
    1.1000000000E+01    5.5175094754E+06
    1.2000000000E+01    5.5173494538E+06
    1.3000000000E+01    5.5171796621E+06
    1.4000000000E+01    5.5170009584E+06
    1.5000000000E+01    5.5168142764E+06
    1.6000000000E+01    5.5166206218E+06
    1.7000000000E+01    5.5164205969E+06
    1.8000000000E+01    5.5162144708E+06
    1.9000000000E+01    5.5160024269E+06
    2.0000000000E+01    5.5157845587E+06
    2.1000000000E+01    5.5155608665E+06
    2.2000000000E+01    5.5153312524E+06
    2.3000000000E+01    5.5150955171E+06
    2.4000000000E+01    5.5148533549E+06
    2.5000000000E+01    5.5146043499E+06
    2.6000000000E+01    5.5143479712E+06
    2.7000000000E+01    5.5140835690E+06
    2.8000000000E+01    5.5138103699E+06
    2.9000000000E+01    5.5135274727E+06
    3.0000000000E+01    5.5132340977E+06
    3.1000000000E+01    5.5129303043E+06
    3.2000000000E+01    5.5126162494E+06
    3.3000000000E+01    5.5122921106E+06
    3.4000000000E+01    5.5119580859E+06
    3.5000000000E+01    5.5116143932E+06
    3.6000000000E+01    5.5112612704E+06
    3.7000000000E+01    5.5108989749E+06
    3.8000000000E+01    5.5105277832E+06
    3.9000000000E+01    5.5101477459E+06
    4.0000000000E+01    5.5097582967E+06
    4.1000000000E+01    5.5093587616E+06
    4.2000000000E+01    5.5089483779E+06
    4.3000000000E+01    5.5085262865E+06
    4.4000000000E+01    5.5080915243E+06
    4.5000000000E+01    5.5076430142E+06
    4.6000000000E+01    5.5071795542E+06
    4.7000000000E+01    5.5066998041E+06
    4.8000000000E+01    5.5062022696E+06
    4.9000000000E+01    5.5056852831E+06
    5.0000000000E+01    5.5051473882E+06
    5.1000000000E+01    5.5045881228E+06
    5.2000000000E+01    5.5040070977E+06
    5.3000000000E+01    5.5034039448E+06
    5.4000000000E+01    5.5027783253E+06
    5.5000000000E+01    5.5021299396E+06
    5.6000000000E+01    5.5014585389E+06
    5.7000000000E+01    5.5007639412E+06
    5.8000000000E+01    5.5000460494E+06
    5.9000000000E+01    5.4993048745E+06
    6.0000000000E+01    5.4985405641E+06
    6.1000000000E+01    5.4977534357E+06
    6.2000000000E+01    5.4969440189E+06
    6.3000000000E+01    5.4961131032E+06
    6.4000000000E+01    5.4952617955E+06
    6.5000000000E+01    5.4943901478E+06
    6.6000000000E+01    5.4934856083E+06
    6.7000000000E+01    5.4925307815E+06
    6.8000000000E+01    5.4915059194E+06
    6.9000000000E+01    5.4903927726E+06
    7.0000000000E+01    5.4891971051E+06
    7.1000000000E+01    5.4879319872E+06
    7.2000000000E+01    5.4866142955E+06
    7.3000000000E+01    5.4852605453E+06
    7.4000000000E+01    5.4838760159E+06
    7.5000000000E+01    5.4824561212E+06
    7.6000000000E+01    5.4809951977E+06
    7.7000000000E+01    5.4794862340E+06
    7.8000000000E+01    5.4779204277E+06
    7.9000000000E+01    5.4762873374E+06
    8.0000000000E+01    5.4745914079E+06
    8.1000000000E+01    5.4728472697E+06
    8.2000000000E+01    5.4710765272E+06
    8.3000000000E+01    5.4693099115E+06
    8.4000000000E+01    5.4675884731E+06
    8.5000000000E+01    5.4659480877E+06
    8.6000000000E+01    5.4644042855E+06
    8.7000000000E+01    5.4629668246E+06
    8.8000000000E+01    5.4616422353E+06
    8.9000000000E+01    5.4604298435E+06
    9.0000000000E+01    5.4593237467E+06
    9.1000000000E+01    5.4583145983E+06
    9.2000000000E+01    5.4573963207E+06
    9.3000000000E+01    5.4565776040E+06
    9.4000000000E+01    5.4558802826E+06
    9.5000000000E+01    5.4553189709E+06
    9.6000000000E+01    5.4548733862E+06
    9.7000000000E+01    5.4545570399E+06
    9.8000000000E+01    5.4543884478E+06
