 # iter=         17  time[s]=   5.493954E-06  x[nm]  flux[1/s]
    0.0000000000E+00    7.0624796199E+06
    1.0000000000E+00    7.0615306125E+06
    2.0000000000E+00    7.0596525318E+06
    3.0000000000E+00    7.0568839713E+06
    4.0000000000E+00    7.0532835888E+06
    5.0000000000E+00    7.0489183027E+06
    6.0000000000E+00    7.0438306054E+06
    7.0000000000E+00    7.0380537780E+06
    8.0000000000E+00    7.0316121020E+06
    9.0000000000E+00    7.0245227052E+06
    1.0000000000E+01    7.0168295766E+06
    1.1000000000E+01    7.0085916326E+06
    1.2000000000E+01    6.9998749442E+06
    1.3000000000E+01    6.9907440562E+06
    1.4000000000E+01    6.9812228927E+06
    1.5000000000E+01    6.9713226046E+06
    1.6000000000E+01    6.9610458830E+06
    1.7000000000E+01    6.9503864440E+06
    1.8000000000E+01    6.9393284903E+06
    1.9000000000E+01    6.9278461510E+06
    2.0000000000E+01    6.9159029026E+06
    2.1000000000E+01    6.9034509750E+06
    2.2000000000E+01    6.8904307473E+06
    2.3000000000E+01    6.8767701427E+06
    2.4000000000E+01    6.8624181518E+06
    2.5000000000E+01    6.8473781798E+06
    2.6000000000E+01    6.8316562794E+06
    2.7000000000E+01    6.8152601317E+06
    2.8000000000E+01    6.7981990236E+06
    2.9000000000E+01    6.7804838237E+06
    3.0000000000E+01    6.7621269579E+06
    3.1000000000E+01    6.7431276227E+06
    3.2000000000E+01    6.7234358468E+06
    3.3000000000E+01    6.7029900933E+06
    3.4000000000E+01    6.6817196711E+06
    3.5000000000E+01    6.6595438151E+06
    3.6000000000E+01    6.6363705988E+06
    3.7000000000E+01    6.6120956388E+06
    3.8000000000E+01    6.5866005379E+06
    3.9000000000E+01    6.5597510006E+06
    4.0000000000E+01    6.5314131630E+06
    4.1000000000E+01    6.5015283115E+06
    4.2000000000E+01    6.4700484539E+06
    4.3000000000E+01    6.4369265708E+06
    4.4000000000E+01    6.4021174475E+06
    4.5000000000E+01    6.3655787432E+06
    4.6000000000E+01    6.3272723535E+06
    4.7000000000E+01    6.2871661277E+06
    4.8000000000E+01    6.2452360139E+06
    4.9000000000E+01    6.2014687039E+06
    5.0000000000E+01    6.1558648499E+06
    5.1000000000E+01    6.1084429087E+06
    5.2000000000E+01    6.0592436347E+06
    5.3000000000E+01    6.0082941422E+06
    5.4000000000E+01    5.9547989496E+06
    5.5000000000E+01    5.8975057913E+06
    5.6000000000E+01    5.8349954099E+06
    5.7000000000E+01    5.7661547266E+06
    5.8000000000E+01    5.6915323441E+06
    5.9000000000E+01    5.6120500290E+06
    6.0000000000E+01    5.5288593543E+06
    6.1000000000E+01    5.4428586705E+06
    6.2000000000E+01    5.3540631199E+06
    6.3000000000E+01    5.2621523638E+06
    6.4000000000E+01    5.1667581716E+06
    6.5000000000E+01    5.0674563526E+06
    6.6000000000E+01    4.9637550903E+06
    6.7000000000E+01    4.8551372556E+06
    6.8000000000E+01    4.7419532461E+06
    6.9000000000E+01    4.6250239899E+06
    7.0000000000E+01    4.5054201409E+06
    7.1000000000E+01    4.3844910019E+06
    7.2000000000E+01    4.2638611496E+06
    7.3000000000E+01    4.1453785622E+06
    7.4000000000E+01    4.0304892990E+06
    7.5000000000E+01    3.9197510882E+06
    7.6000000000E+01    3.8134985164E+06
    7.7000000000E+01    3.7119292534E+06
    7.8000000000E+01    3.6151831231E+06
    7.9000000000E+01    3.5232156209E+06
    8.0000000000E+01    3.4358569863E+06
    8.1000000000E+01    3.3528628205E+06
    8.2000000000E+01    3.2739468805E+06
    8.3000000000E+01    3.1987990590E+06
    8.4000000000E+01    3.1271019154E+06
    8.5000000000E+01    3.0588032126E+06
    8.6000000000E+01    2.9940661529E+06
    8.7000000000E+01    2.9331956669E+06
    8.8000000000E+01    2.8766442558E+06
    8.9000000000E+01    2.8250189591E+06
    9.0000000000E+01    2.7786457686E+06
    9.1000000000E+01    2.7371079925E+06
    9.2000000000E+01    2.6998659294E+06
    9.3000000000E+01    2.6668248687E+06
    9.4000000000E+01    2.6384295216E+06
    9.5000000000E+01    2.6149554504E+06
    9.6000000000E+01    2.5967372288E+06
    9.7000000000E+01    2.5841783561E+06
    9.8000000000E+01    2.5777329314E+06
