 # iter=         26  time[s]=   9.993954E-06  x[nm]  flux[1/s]
    0.0000000000E+00    6.2130624795E+06
    1.0000000000E+00    6.2125937658E+06
    2.0000000000E+00    6.2116640822E+06
    3.0000000000E+00    6.2102882378E+06
    4.0000000000E+00    6.2084885803E+06
    5.0000000000E+00    6.2062951853E+06
    6.0000000000E+00    6.2037327382E+06
    7.0000000000E+00    6.2008184735E+06
    8.0000000000E+00    6.1975664563E+06
    9.0000000000E+00    6.1939872983E+06
    1.0000000000E+01    6.1900881417E+06
    1.1000000000E+01    6.1858856331E+06
    1.2000000000E+01    6.1814046852E+06
    1.3000000000E+01    6.1766729057E+06
    1.4000000000E+01    6.1717207295E+06
    1.5000000000E+01    6.1665718750E+06
    1.6000000000E+01    6.1612343998E+06
    1.7000000000E+01    6.1557131125E+06
    1.8000000000E+01    6.1500095727E+06
    1.9000000000E+01    6.1441219169E+06
    2.0000000000E+01    6.1380446766E+06
    2.1000000000E+01    6.1317685906E+06
    2.2000000000E+01    6.1252804117E+06
    2.3000000000E+01    6.1185627071E+06
    2.4000000000E+01    6.1115936563E+06
    2.5000000000E+01    6.1043468448E+06
    2.6000000000E+01    6.0967910588E+06
    2.7000000000E+01    6.0889016773E+06
    2.8000000000E+01    6.0806798374E+06
    2.9000000000E+01    6.0721285107E+06
    3.0000000000E+01    6.0632513311E+06
    3.1000000000E+01    6.0540525897E+06
    3.2000000000E+01    6.0445372273E+06
    3.3000000000E+01    6.0347108280E+06
    3.4000000000E+01    6.0245796112E+06
    3.5000000000E+01    6.0141439397E+06
    3.6000000000E+01    6.0033829514E+06
    3.7000000000E+01    5.9922712180E+06
    3.8000000000E+01    5.9807798533E+06
    3.9000000000E+01    5.9688762052E+06
    4.0000000000E+01    5.9565234972E+06
    4.1000000000E+01    5.9436804076E+06
    4.2000000000E+01    5.9303005734E+06
    4.3000000000E+01    5.9163320010E+06
    4.4000000000E+01    5.9017163592E+06
    4.5000000000E+01    5.8863943790E+06
    4.6000000000E+01    5.8703401328E+06
    4.7000000000E+01    5.8535340073E+06
    4.8000000000E+01    5.8359567730E+06
    4.9000000000E+01    5.8175898646E+06
    5.0000000000E+01    5.7984157367E+06
    5.1000000000E+01    5.7784183107E+06
    5.2000000000E+01    5.7575835336E+06
    5.3000000000E+01    5.7359000711E+06
    5.4000000000E+01    5.7133601617E+06
    5.5000000000E+01    5.6899606593E+06
    5.6000000000E+01    5.6657042923E+06
    5.7000000000E+01    5.6406011655E+06
    5.8000000000E+01    5.6146705212E+06
    5.9000000000E+01    5.5879427612E+06
    6.0000000000E+01    5.5602453030E+06
    6.1000000000E+01    5.5310455272E+06
    6.2000000000E+01    5.4997328779E+06
    6.3000000000E+01    5.4656204813E+06
    6.4000000000E+01    5.4284813199E+06
    6.5000000000E+01    5.3886617399E+06
    6.6000000000E+01    5.3466187271E+06
    6.7000000000E+01    5.3029035059E+06
    6.8000000000E+01    5.2579030530E+06
    6.9000000000E+01    5.2115797157E+06
    7.0000000000E+01    5.1637742756E+06
    7.1000000000E+01    5.1142990339E+06
    7.2000000000E+01    5.0629313782E+06
    7.3000000000E+01    5.0094043878E+06
    7.4000000000E+01    4.9534307419E+06
    7.5000000000E+01    4.8951804014E+06
    7.6000000000E+01    4.8350713137E+06
    7.7000000000E+01    4.7736801820E+06
    7.8000000000E+01    4.7117769623E+06
    7.9000000000E+01    4.6503422068E+06
    8.0000000000E+01    4.5905260696E+06
    8.1000000000E+01    4.5330056266E+06
    8.2000000000E+01    4.4781252632E+06
    8.3000000000E+01    4.4261051636E+06
    8.4000000000E+01    4.3771213230E+06
    8.5000000000E+01    4.3312090716E+06
    8.6000000000E+01    4.2882872643E+06
    8.7000000000E+01    4.2481995416E+06
    8.8000000000E+01    4.2107391905E+06
    8.9000000000E+01    4.1756924878E+06
    9.0000000000E+01    4.1431146758E+06
    9.1000000000E+01    4.1132718090E+06
    9.2000000000E+01    4.0866416493E+06
    9.3000000000E+01    4.0637690011E+06
    9.4000000000E+01    4.0443710687E+06
    9.5000000000E+01    4.0280559659E+06
    9.6000000000E+01    4.0152173575E+06
    9.7000000000E+01    4.0062062730E+06
    9.8000000000E+01    4.0014828584E+06
