 # iter=         30  time[s]=   1.199395E-05  x[nm]  flux[1/s]
    0.0000000000E+00    5.9896518380E+06
    1.0000000000E+00    5.9893132840E+06
    2.0000000000E+00    5.9886414215E+06
    3.0000000000E+00    5.9876462474E+06
    4.0000000000E+00    5.9863428134E+06
    5.0000000000E+00    5.9847515237E+06
    6.0000000000E+00    5.9828913816E+06
    7.0000000000E+00    5.9807749645E+06
    8.0000000000E+00    5.9784127800E+06
    9.0000000000E+00    5.9758130798E+06
    1.0000000000E+01    5.9729816773E+06
    1.1000000000E+01    5.9699262858E+06
    1.2000000000E+01    5.9666634765E+06
    1.3000000000E+01    5.9632118358E+06
    1.4000000000E+01    5.9595918071E+06
    1.5000000000E+01    5.9558246996E+06
    1.6000000000E+01    5.9519204315E+06
    1.7000000000E+01    5.9478837591E+06
    1.8000000000E+01    5.9437173234E+06
    1.9000000000E+01    5.9394215416E+06
    2.0000000000E+01    5.9349944938E+06
    2.1000000000E+01    5.9304318064E+06
    2.2000000000E+01    5.9257265318E+06
    2.3000000000E+01    5.9208690248E+06
    2.4000000000E+01    5.9158468164E+06
    2.5000000000E+01    5.9106444853E+06
    2.6000000000E+01    5.9052435287E+06
    2.7000000000E+01    5.8996222330E+06
    2.8000000000E+01    5.8937648866E+06
    2.9000000000E+01    5.8876729761E+06
    3.0000000000E+01    5.8813489270E+06
    3.1000000000E+01    5.8747956244E+06
    3.2000000000E+01    5.8680164083E+06
    3.3000000000E+01    5.8610150694E+06
    3.4000000000E+01    5.8537958433E+06
    3.5000000000E+01    5.8463634060E+06
    3.6000000000E+01    5.8387206718E+06
    3.7000000000E+01    5.8308556517E+06
    3.8000000000E+01    5.8227517551E+06
    3.9000000000E+01    5.8143901492E+06
    4.0000000000E+01    5.8057495696E+06
    4.1000000000E+01    5.7968061010E+06
    4.2000000000E+01    5.7875329204E+06
    4.3000000000E+01    5.7778999956E+06
    4.4000000000E+01    5.7678737286E+06
    4.5000000000E+01    5.7574165300E+06
    4.6000000000E+01    5.7464863086E+06
    4.7000000000E+01    5.7350540669E+06
    4.8000000000E+01    5.7231072052E+06
    4.9000000000E+01    5.7106333601E+06
    5.0000000000E+01    5.6976205699E+06
    5.1000000000E+01    5.6840574826E+06
    5.2000000000E+01    5.6699336177E+06
    5.3000000000E+01    5.6552396930E+06
    5.4000000000E+01    5.6399680303E+06
    5.5000000000E+01    5.6241130562E+06
    5.6000000000E+01    5.6076719161E+06
    5.7000000000E+01    5.5906452203E+06
    5.8000000000E+01    5.5730379429E+06
    5.9000000000E+01    5.5548604878E+06
    6.0000000000E+01    5.5361299367E+06
    6.1000000000E+01    5.5168695244E+06
    6.2000000000E+01    5.4968845536E+06
    6.3000000000E+01    5.4757926834E+06
    6.4000000000E+01    5.4531591654E+06
    6.5000000000E+01    5.4285063043E+06
    6.6000000000E+01    5.4017913695E+06
    6.7000000000E+01    5.3732721947E+06
    6.8000000000E+01    5.3432860777E+06
    6.9000000000E+01    5.3122217273E+06
    7.0000000000E+01    5.2803157005E+06
    7.1000000000E+01    5.2475092645E+06
    7.2000000000E+01    5.2136873187E+06
    7.3000000000E+01    5.1787123916E+06
    7.4000000000E+01    5.1424189693E+06
    7.5000000000E+01    5.1046050821E+06
    7.6000000000E+01    5.0651007934E+06
    7.7000000000E+01    5.0240981810E+06
    7.8000000000E+01    4.9819284348E+06
    7.9000000000E+01    4.9390546693E+06
    8.0000000000E+01    4.8961006444E+06
    8.1000000000E+01    4.8538619820E+06
    8.2000000000E+01    4.8131328713E+06
    8.3000000000E+01    4.7742686612E+06
    8.4000000000E+01    4.7374862729E+06
    8.5000000000E+01    4.7029453610E+06
    8.6000000000E+01    4.6707224387E+06
    8.7000000000E+01    4.6407810030E+06
    8.8000000000E+01    4.6130104697E+06
    8.9000000000E+01    4.5872510916E+06
    9.0000000000E+01    4.5633336612E+06
    9.1000000000E+01    4.5413121914E+06
    9.2000000000E+01    4.5214282032E+06
    9.3000000000E+01    4.5041239109E+06
    9.4000000000E+01    4.4896404460E+06
    9.5000000000E+01    4.4775822360E+06
    9.6000000000E+01    4.4680337134E+06
    9.7000000000E+01    4.4613036277E+06
    9.8000000000E+01    4.4577555959E+06
