 # iter=         53  time[s]=   2.349395E-05  x[nm]  flux[1/s]
    0.0000000000E+00    5.5423927278E+06
    1.0000000000E+00    5.5423577520E+06
    2.0000000000E+00    5.5422882774E+06
    3.0000000000E+00    5.5421852063E+06
    4.0000000000E+00    5.5420498909E+06
    5.0000000000E+00    5.5418841569E+06
    6.0000000000E+00    5.5416901058E+06
    7.0000000000E+00    5.5414691469E+06
    8.0000000000E+00    5.5412224357E+06
    9.0000000000E+00    5.5409509413E+06
    1.0000000000E+01    5.5406554303E+06
    1.1000000000E+01    5.5403364522E+06
    1.2000000000E+01    5.5399949858E+06
    1.3000000000E+01    5.5396327167E+06
    1.4000000000E+01    5.5392514890E+06
    1.5000000000E+01    5.5388533105E+06
    1.6000000000E+01    5.5384403264E+06
    1.7000000000E+01    5.5380137351E+06
    1.8000000000E+01    5.5375740965E+06
    1.9000000000E+01    5.5371217851E+06
    2.0000000000E+01    5.5366569820E+06
    2.1000000000E+01    5.5361796657E+06
    2.2000000000E+01    5.5356896039E+06
    2.3000000000E+01    5.5351863437E+06
    2.4000000000E+01    5.5346692028E+06
    2.5000000000E+01    5.5341372601E+06
    2.6000000000E+01    5.5335893462E+06
    2.7000000000E+01    5.5330240336E+06
    2.8000000000E+01    5.5324396275E+06
    2.9000000000E+01    5.5318341562E+06
    3.0000000000E+01    5.5312061253E+06
    3.1000000000E+01    5.5305557486E+06
    3.2000000000E+01    5.5298833603E+06
    3.3000000000E+01    5.5291893388E+06
    3.4000000000E+01    5.5284741059E+06
    3.5000000000E+01    5.5277381269E+06
    3.6000000000E+01    5.5269819091E+06
    3.7000000000E+01    5.5262060018E+06
    3.8000000000E+01    5.5254109954E+06
    3.9000000000E+01    5.5245967734E+06
    4.0000000000E+01    5.5237620421E+06
    4.1000000000E+01    5.5229053176E+06
    4.2000000000E+01    5.5220249216E+06
    4.3000000000E+01    5.5211189656E+06
    4.4000000000E+01    5.5201853332E+06
    4.5000000000E+01    5.5192216583E+06
    4.6000000000E+01    5.5182253010E+06
    4.7000000000E+01    5.5171933172E+06
    4.8000000000E+01    5.5161224239E+06
    4.9000000000E+01    5.5150089569E+06
    5.0000000000E+01    5.5138501600E+06
    5.1000000000E+01    5.5126451295E+06
    5.2000000000E+01    5.5113930153E+06
    5.3000000000E+01    5.5100930150E+06
    5.4000000000E+01    5.5087443910E+06
    5.5000000000E+01    5.5073464934E+06
    5.6000000000E+01    5.5058987864E+06
    5.7000000000E+01    5.5044008828E+06
    5.8000000000E+01    5.5028525857E+06
    5.9000000000E+01    5.5012539393E+06
    6.0000000000E+01    5.4996052925E+06
    6.1000000000E+01    5.4979073738E+06
    6.2000000000E+01    5.4961613832E+06
    6.3000000000E+01    5.4943690996E+06
    6.4000000000E+01    5.4925330066E+06
    6.5000000000E+01    5.4906500765E+06
    6.6000000000E+01    5.4886895954E+06
    6.7000000000E+01    5.4866133050E+06
    6.8000000000E+01    5.4843778574E+06
    6.9000000000E+01    5.4819504225E+06
    7.0000000000E+01    5.4793493301E+06
    7.1000000000E+01    5.4766039341E+06
    7.2000000000E+01    5.4737517612E+06
    7.3000000000E+01    5.4708257349E+06
    7.4000000000E+01    5.4678312603E+06
    7.5000000000E+01    5.4647581056E+06
    7.6000000000E+01    5.4615937019E+06
    7.7000000000E+01    5.4583224885E+06
    7.8000000000E+01    5.4549249107E+06
    7.9000000000E+01    5.4513803508E+06
    8.0000000000E+01    5.4477037387E+06
    8.1000000000E+01    5.4439282298E+06
    8.2000000000E+01    5.4401024745E+06
    8.3000000000E+01    5.4362950171E+06
    8.4000000000E+01    5.4325962683E+06
    8.5000000000E+01    5.4290757718E+06
    8.6000000000E+01    5.4257647708E+06
    8.7000000000E+01    5.4226832790E+06
    8.8000000000E+01    5.4198439417E+06
    8.9000000000E+01    5.4172440590E+06
    9.0000000000E+01    5.4148703427E+06
    9.1000000000E+01    5.4127024390E+06
    9.2000000000E+01    5.4107293872E+06
    9.3000000000E+01    5.4089713789E+06
    9.4000000000E+01    5.4074765288E+06
    9.5000000000E+01    5.4062721582E+06
    9.6000000000E+01    5.4053154839E+06
    9.7000000000E+01    5.4046364936E+06
    9.8000000000E+01    5.4042748136E+06
