 # iter=         43  time[s]=   1.849395E-05  x[nm]  flux[1/s]
    0.0000000000E+00    5.6289392111E+06
    1.0000000000E+00    5.6288393289E+06
    2.0000000000E+00    5.6286409602E+06
    3.0000000000E+00    5.6283467495E+06
    4.0000000000E+00    5.6279606636E+06
    5.0000000000E+00    5.6274880622E+06
    6.0000000000E+00    5.6269349243E+06
    7.0000000000E+00    5.6263051767E+06
    8.0000000000E+00    5.6256020806E+06
    9.0000000000E+00    5.6248283390E+06
    1.0000000000E+01    5.6239860515E+06
    1.1000000000E+01    5.6230767128E+06
    1.2000000000E+01    5.6221036606E+06
    1.3000000000E+01    5.6210718241E+06
    1.4000000000E+01    5.6199866016E+06
    1.5000000000E+01    5.6188538775E+06
    1.6000000000E+01    5.6176795946E+06
    1.7000000000E+01    5.6164664004E+06
    1.8000000000E+01    5.6152157409E+06
    1.9000000000E+01    5.6139285112E+06
    2.0000000000E+01    5.6126050289E+06
    2.1000000000E+01    5.6112450084E+06
    2.2000000000E+01    5.6098475329E+06
    2.3000000000E+01    5.6084110275E+06
    2.4000000000E+01    5.6069332301E+06
    2.5000000000E+01    5.6054111631E+06
    2.6000000000E+01    5.6038411041E+06
    2.7000000000E+01    5.6022185567E+06
    2.8000000000E+01    5.6005382211E+06
    2.9000000000E+01    5.5987940766E+06
    3.0000000000E+01    5.5969843300E+06
    3.1000000000E+01    5.5951098023E+06
    3.2000000000E+01    5.5931714431E+06
    3.3000000000E+01    5.5911703293E+06
    3.4000000000E+01    5.5891076635E+06
    3.5000000000E+01    5.5869847725E+06
    3.6000000000E+01    5.5848031058E+06
    3.7000000000E+01    5.5825642335E+06
    3.8000000000E+01    5.5802693929E+06
    3.9000000000E+01    5.5779158148E+06
    4.0000000000E+01    5.5754993379E+06
    4.1000000000E+01    5.5730152419E+06
    4.2000000000E+01    5.5704582034E+06
    4.3000000000E+01    5.5678222449E+06
    4.4000000000E+01    5.5651006761E+06
    4.5000000000E+01    5.5622860236E+06
    4.6000000000E+01    5.5593699491E+06
    4.7000000000E+01    5.5563431516E+06
    4.8000000000E+01    5.5531952500E+06
    4.9000000000E+01    5.5499158422E+06
    5.0000000000E+01    5.5465009689E+06
    5.1000000000E+01    5.5429479044E+06
    5.2000000000E+01    5.5392540371E+06
    5.3000000000E+01    5.5354169163E+06
    5.4000000000E+01    5.5314343125E+06
    5.5000000000E+01    5.5273042915E+06
    5.6000000000E+01    5.5230253060E+06
    5.7000000000E+01    5.5185963100E+06
    5.8000000000E+01    5.5140168982E+06
    5.9000000000E+01    5.5092874777E+06
    6.0000000000E+01    5.5044094755E+06
    6.1000000000E+01    5.4993855887E+06
    6.2000000000E+01    5.4942200817E+06
    6.3000000000E+01    5.4889191341E+06
    6.4000000000E+01    5.4834878849E+06
    6.5000000000E+01    5.4778598814E+06
    6.6000000000E+01    5.4719284447E+06
    6.7000000000E+01    5.4655723300E+06
    6.8000000000E+01    5.4586653284E+06
    6.9000000000E+01    5.4512199995E+06
    7.0000000000E+01    5.4433130985E+06
    7.1000000000E+01    5.4350444424E+06
    7.2000000000E+01    5.4265218587E+06
    7.3000000000E+01    5.4177975444E+06
    7.4000000000E+01    5.4088473358E+06
    7.5000000000E+01    5.3996375764E+06
    7.6000000000E+01    5.3901270168E+06
    7.7000000000E+01    5.3802645126E+06
    7.8000000000E+01    5.3699854882E+06
    7.9000000000E+01    5.3592803880E+06
    8.0000000000E+01    5.3482287376E+06
    8.1000000000E+01    5.3369474775E+06
    8.2000000000E+01    5.3256035316E+06
    8.3000000000E+01    5.3144231447E+06
    8.4000000000E+01    5.3036667721E+06
    8.5000000000E+01    5.2934652077E+06
    8.6000000000E+01    5.2838908312E+06
    8.7000000000E+01    5.2749952253E+06
    8.8000000000E+01    5.2667973899E+06
    8.9000000000E+01    5.2592778967E+06
    9.0000000000E+01    5.2523925511E+06
    9.1000000000E+01    5.2460803686E+06
    9.2000000000E+01    5.2403352861E+06
    9.3000000000E+01    5.2352305000E+06
    9.4000000000E+01    5.2309181711E+06
    9.5000000000E+01    5.2274276762E+06
    9.6000000000E+01    5.2246501867E+06
    9.7000000000E+01    5.2226811920E+06
    9.8000000000E+01    5.2216342880E+06
