 # iter=         10  time[s]=   2.074685E-06  x[nm]  flux[1/s]
    0.0000000000E+00    8.4325295495E+06
    1.0000000000E+00    8.4301610672E+06
    2.0000000000E+00    8.4254961173E+06
    3.0000000000E+00    8.4186762370E+06
    4.0000000000E+00    8.4099048652E+06
    5.0000000000E+00    8.3993304812E+06
    6.0000000000E+00    8.3870591560E+06
    7.0000000000E+00    8.3731654680E+06
    8.0000000000E+00    8.3577284461E+06
    9.0000000000E+00    8.3409170396E+06
    1.0000000000E+01    8.3229278487E+06
    1.1000000000E+01    8.3039550900E+06
    1.2000000000E+01    8.2840726833E+06
    1.3000000000E+01    8.2633128181E+06
    1.4000000000E+01    8.2416779307E+06
    1.5000000000E+01    8.2191390207E+06
    1.6000000000E+01    8.1956339578E+06
    1.7000000000E+01    8.1710658019E+06
    1.8000000000E+01    8.1453011686E+06
    1.9000000000E+01    8.1181686891E+06
    2.0000000000E+01    8.0894939321E+06
    2.1000000000E+01    8.0592765711E+06
    2.2000000000E+01    8.0275499606E+06
    2.3000000000E+01    7.9943532867E+06
    2.4000000000E+01    7.9597313118E+06
    2.5000000000E+01    7.9237341025E+06
    2.6000000000E+01    7.8864011702E+06
    2.7000000000E+01    7.8476391479E+06
    2.8000000000E+01    7.8073047959E+06
    2.9000000000E+01    7.7652302765E+06
    3.0000000000E+01    7.7212208837E+06
    3.1000000000E+01    7.6750522829E+06
    3.2000000000E+01    7.6264671231E+06
    3.3000000000E+01    7.5751708375E+06
    3.4000000000E+01    7.5208790172E+06
    3.5000000000E+01    7.4635038858E+06
    3.6000000000E+01    7.4029882019E+06
    3.7000000000E+01    7.3392845769E+06
    3.8000000000E+01    7.2723585326E+06
    3.9000000000E+01    7.2021922862E+06
    4.0000000000E+01    7.1287893944E+06
    4.1000000000E+01    7.0521803879E+06
    4.2000000000E+01    6.9724295010E+06
    4.3000000000E+01    6.8896425492E+06
    4.4000000000E+01    6.8039758940E+06
    4.5000000000E+01    6.7156462515E+06
    4.6000000000E+01    6.6238760755E+06
    4.7000000000E+01    6.5262297656E+06
    4.8000000000E+01    6.4199993115E+06
    4.9000000000E+01    6.3032094310E+06
    5.0000000000E+01    6.1773713032E+06
    5.1000000000E+01    6.0447363857E+06
    5.2000000000E+01    5.9077973648E+06
    5.3000000000E+01    5.7680172041E+06
    5.4000000000E+01    5.6252106249E+06
    5.5000000000E+01    5.4789873380E+06
    5.6000000000E+01    5.3289054216E+06
    5.7000000000E+01    5.1744638882E+06
    5.8000000000E+01    5.0150904589E+06
    5.9000000000E+01    4.8510679576E+06
    6.0000000000E+01    4.6838349441E+06
    6.1000000000E+01    4.5150629941E+06
    6.2000000000E+01    4.3466529282E+06
    6.3000000000E+01    4.1806920314E+06
    6.4000000000E+01    4.0193631309E+06
    6.5000000000E+01    3.8646066108E+06
    6.6000000000E+01    3.7169916435E+06
    6.7000000000E+01    3.5766140723E+06
    6.8000000000E+01    3.4433387745E+06
    6.9000000000E+01    3.3169797315E+06
    7.0000000000E+01    3.1972328691E+06
    7.1000000000E+01    3.0836585266E+06
    7.2000000000E+01    2.9757506463E+06
    7.3000000000E+01    2.8729817852E+06
    7.4000000000E+01    2.7748297744E+06
    7.5000000000E+01    2.6807914942E+06
    7.6000000000E+01    2.5903878942E+06
    7.7000000000E+01    2.5032053375E+06
    7.8000000000E+01    2.4190983604E+06
    7.9000000000E+01    2.3380523673E+06
    8.0000000000E+01    2.2601492127E+06
    8.1000000000E+01    2.1855622959E+06
    8.2000000000E+01    2.1145532225E+06
    8.3000000000E+01    2.0474674339E+06
    8.4000000000E+01    1.9846304392E+06
    8.5000000000E+01    1.9258348654E+06
    8.6000000000E+01    1.8707593403E+06
    8.7000000000E+01    1.8190630267E+06
    8.8000000000E+01    1.7703912480E+06
    8.9000000000E+01    1.7249784153E+06
    9.0000000000E+01    1.6831287155E+06
    9.1000000000E+01    1.6450194438E+06
    9.2000000000E+01    1.6108470614E+06
    9.3000000000E+01    1.5808270794E+06
    9.4000000000E+01    1.5551937063E+06
    9.5000000000E+01    1.5341985435E+06
    9.6000000000E+01    1.5181064275E+06
    9.7000000000E+01    1.5071834765E+06
    9.8000000000E+01    1.5016643923E+06
