 # iter=          9  time[s]=   1.601959E-06  x[nm]  flux[1/s]
    0.0000000000E+00    8.7866512909E+06
    1.0000000000E+00    8.7835985677E+06
    2.0000000000E+00    8.7775947856E+06
    3.0000000000E+00    8.7688403055E+06
    4.0000000000E+00    8.7576098291E+06
    5.0000000000E+00    8.7440915770E+06
    6.0000000000E+00    8.7284229415E+06
    7.0000000000E+00    8.7106967014E+06
    8.0000000000E+00    8.6910618245E+06
    9.0000000000E+00    8.6697641110E+06
    1.0000000000E+01    8.6470825335E+06
    1.1000000000E+01    8.6232171389E+06
    1.2000000000E+01    8.5982353869E+06
    1.3000000000E+01    8.5721647950E+06
    1.4000000000E+01    8.5449908127E+06
    1.5000000000E+01    8.5166547119E+06
    1.6000000000E+01    8.4870515428E+06
    1.7000000000E+01    8.4560282020E+06
    1.8000000000E+01    8.4233816873E+06
    1.9000000000E+01    8.3888704850E+06
    2.0000000000E+01    8.3524540849E+06
    2.1000000000E+01    8.3141839869E+06
    2.2000000000E+01    8.2741199215E+06
    2.3000000000E+01    8.2323293931E+06
    2.4000000000E+01    8.1888871914E+06
    2.5000000000E+01    8.1438588641E+06
    2.6000000000E+01    8.0971420997E+06
    2.7000000000E+01    8.0485658526E+06
    2.8000000000E+01    7.9979289816E+06
    2.9000000000E+01    7.9449978186E+06
    3.0000000000E+01    7.8895031846E+06
    3.1000000000E+01    7.8311366930E+06
    3.2000000000E+01    7.7695461245E+06
    3.3000000000E+01    7.7044447273E+06
    3.4000000000E+01    7.6357796068E+06
    3.5000000000E+01    7.5635200373E+06
    3.6000000000E+01    7.4876520925E+06
    3.7000000000E+01    7.4081826988E+06
    3.8000000000E+01    7.3251445142E+06
    3.9000000000E+01    7.2386017444E+06
    4.0000000000E+01    7.1486569844E+06
    4.1000000000E+01    7.0554591122E+06
    4.2000000000E+01    6.9592121572E+06
    4.3000000000E+01    6.8601848856E+06
    4.4000000000E+01    6.7585602007E+06
    4.5000000000E+01    6.6523731568E+06
    4.6000000000E+01    6.5387679269E+06
    4.7000000000E+01    6.4147140250E+06
    4.8000000000E+01    6.2802090783E+06
    4.9000000000E+01    6.1377200441E+06
    5.0000000000E+01    5.9901420850E+06
    5.1000000000E+01    5.8400095811E+06
    5.2000000000E+01    5.6879962104E+06
    5.3000000000E+01    5.5338064822E+06
    5.4000000000E+01    5.3771031588E+06
    5.5000000000E+01    5.2175027422E+06
    5.6000000000E+01    5.0545663779E+06
    5.7000000000E+01    4.8879599153E+06
    5.8000000000E+01    4.7188040718E+06
    5.9000000000E+01    4.5486801359E+06
    6.0000000000E+01    4.3793228991E+06
    6.1000000000E+01    4.2125949895E+06
    6.2000000000E+01    4.0504262408E+06
    6.3000000000E+01    3.8947181769E+06
    6.4000000000E+01    3.7466564725E+06
    6.5000000000E+01    3.6062897353E+06
    6.6000000000E+01    3.4734053293E+06
    6.7000000000E+01    3.3476311685E+06
    6.8000000000E+01    3.2285940464E+06
    6.9000000000E+01    3.1158004388E+06
    7.0000000000E+01    3.0086752730E+06
    7.1000000000E+01    2.9066163828E+06
    7.2000000000E+01    2.8090279116E+06
    7.3000000000E+01    2.7153384971E+06
    7.4000000000E+01    2.6250090899E+06
    7.5000000000E+01    2.5375338378E+06
    7.6000000000E+01    2.4525069294E+06
    7.7000000000E+01    2.3697840952E+06
    7.8000000000E+01    2.2893429098E+06
    7.9000000000E+01    2.2112666072E+06
    8.0000000000E+01    2.1357417204E+06
    8.1000000000E+01    2.0630564130E+06
    8.2000000000E+01    1.9935969147E+06
    8.3000000000E+01    1.9277299130E+06
    8.4000000000E+01    1.8652999168E+06
    8.5000000000E+01    1.8060504791E+06
    8.6000000000E+01    1.7497046479E+06
    8.7000000000E+01    1.6959701466E+06
    8.8000000000E+01    1.6450351510E+06
    8.9000000000E+01    1.5973419361E+06
    9.0000000000E+01    1.5531363618E+06
    9.1000000000E+01    1.5126825015E+06
    9.2000000000E+01    1.4762606512E+06
    9.3000000000E+01    1.4441651104E+06
    9.4000000000E+01    1.4167014128E+06
    9.5000000000E+01    1.3941821951E+06
    9.6000000000E+01    1.3769197338E+06
    9.7000000000E+01    1.3652104338E+06
    9.8000000000E+01    1.3592998223E+06
