 # iter=          5  time[s]=   1.334207E-07  x[nm]  flux[1/s]
    0.0000000000E+00    1.1596421635E+07
    1.0000000000E+00    1.1576895882E+07
    2.0000000000E+00    1.1539169324E+07
    3.0000000000E+00    1.1485713997E+07
    4.0000000000E+00    1.1418618075E+07
    5.0000000000E+00    1.1339408312E+07
    6.0000000000E+00    1.1249519560E+07
    7.0000000000E+00    1.1151314668E+07
    8.0000000000E+00    1.1047322945E+07
    9.0000000000E+00    1.0938886930E+07
    1.0000000000E+01    1.0826630504E+07
    1.1000000000E+01    1.0710783614E+07
    1.2000000000E+01    1.0591206952E+07
    1.3000000000E+01    1.0467422430E+07
    1.4000000000E+01    1.0338649072E+07
    1.5000000000E+01    1.0204018188E+07
    1.6000000000E+01    1.0063992760E+07
    1.7000000000E+01    9.9193760120E+06
    1.8000000000E+01    9.7709759088E+06
    1.9000000000E+01    9.6195928706E+06
    2.0000000000E+01    9.4658715643E+06
    2.1000000000E+01    9.3096284956E+06
    2.2000000000E+01    9.1504892287E+06
    2.3000000000E+01    8.9880245096E+06
    2.4000000000E+01    8.8217650456E+06
    2.5000000000E+01    8.6512161500E+06
    2.6000000000E+01    8.4758724902E+06
    2.7000000000E+01    8.2956623922E+06
    2.8000000000E+01    8.1113560910E+06
    2.9000000000E+01    7.9238227397E+06
    3.0000000000E+01    7.7340124747E+06
    3.1000000000E+01    7.5429534175E+06
    3.2000000000E+01    7.3517445899E+06
    3.3000000000E+01    7.1615439038E+06
    3.4000000000E+01    6.9735506067E+06
    3.5000000000E+01    6.7889819183E+06
    3.6000000000E+01    6.6090441052E+06
    3.7000000000E+01    6.4348988714E+06
    3.8000000000E+01    6.2668859928E+06
    3.9000000000E+01    6.1022888645E+06
    4.0000000000E+01    5.9384736790E+06
    4.1000000000E+01    5.7733398900E+06
    4.2000000000E+01    5.6083463785E+06
    4.3000000000E+01    5.4468608918E+06
    4.4000000000E+01    5.2915930150E+06
    4.5000000000E+01    5.1443823797E+06
    4.6000000000E+01    5.0055046422E+06
    4.7000000000E+01    4.8736848658E+06
    4.8000000000E+01    4.7474711923E+06
    4.9000000000E+01    4.6254610159E+06
    5.0000000000E+01    4.5063669255E+06
    5.1000000000E+01    4.3890808277E+06
    5.2000000000E+01    4.2727307927E+06
    5.3000000000E+01    4.1571967372E+06
    5.4000000000E+01    4.0432263598E+06
    5.5000000000E+01    3.9319005692E+06
    5.6000000000E+01    3.8245473637E+06
    5.7000000000E+01    3.7225863952E+06
    5.8000000000E+01    3.6273272631E+06
    5.9000000000E+01    3.5397612817E+06
    6.0000000000E+01    3.4603353496E+06
    6.1000000000E+01    3.3884921395E+06
    6.2000000000E+01    3.3230940677E+06
    6.3000000000E+01    3.2626267032E+06
    6.4000000000E+01    3.2053546221E+06
    6.5000000000E+01    3.1494868645E+06
    6.6000000000E+01    3.0932507465E+06
    6.7000000000E+01    3.0350163985E+06
    6.8000000000E+01    2.9733897643E+06
    6.9000000000E+01    2.9072710268E+06
    7.0000000000E+01    2.8358817668E+06
    7.1000000000E+01    2.7587644878E+06
    7.2000000000E+01    2.6757581696E+06
    7.3000000000E+01    2.5871604913E+06
    7.4000000000E+01    2.4937643092E+06
    7.5000000000E+01    2.3967129571E+06
    7.6000000000E+01    2.2974152680E+06
    7.7000000000E+01    2.1974427439E+06
    7.8000000000E+01    2.0984223905E+06
    7.9000000000E+01    2.0018663289E+06
    8.0000000000E+01    1.9082575661E+06
    8.1000000000E+01    1.8175530213E+06
    8.2000000000E+01    1.7294645655E+06
    8.3000000000E+01    1.6435188153E+06
    8.4000000000E+01    1.5596584723E+06
    8.5000000000E+01    1.4784107323E+06
    8.6000000000E+01    1.3998475973E+06
    8.7000000000E+01    1.3240385326E+06
    8.8000000000E+01    1.2510726329E+06
    8.9000000000E+01    1.1810837134E+06
    9.0000000000E+01    1.1142841400E+06
    9.1000000000E+01    1.0510112875E+06
    9.2000000000E+01    9.9178504823E+05
    9.3000000000E+01    9.3736548989E+05
    9.4000000000E+01    8.8878828832E+05
    9.5000000000E+01    8.4734704462E+05
    9.6000000000E+01    8.1449387356E+05
    9.7000000000E+01    7.9164879463E+05
    9.8000000000E+01    7.7994164968E+05
