 # iter=         36  time[s]=   1.499395E-05  x[nm]  flux[1/s]
    0.0000000000E+00    5.7694911226E+06
    1.0000000000E+00    5.7692928275E+06
    2.0000000000E+00    5.7688991215E+06
    3.0000000000E+00    5.7683154820E+06
    4.0000000000E+00    5.7675501374E+06
    5.0000000000E+00    5.7666142201E+06
    6.0000000000E+00    5.7655194193E+06
    7.0000000000E+00    5.7642732911E+06
    8.0000000000E+00    5.7628821857E+06
    9.0000000000E+00    5.7613512637E+06
    1.0000000000E+01    5.7596843999E+06
    1.1000000000E+01    5.7578847478E+06
    1.2000000000E+01    5.7559604085E+06
    1.3000000000E+01    5.7539215689E+06
    1.4000000000E+01    5.7517794053E+06
    1.5000000000E+01    5.7495461232E+06
    1.6000000000E+01    5.7472318137E+06
    1.7000000000E+01    5.7448401250E+06
    1.8000000000E+01    5.7423734260E+06
    1.9000000000E+01    5.7398329143E+06
    2.0000000000E+01    5.7372185589E+06
    2.1000000000E+01    5.7345290425E+06
    2.2000000000E+01    5.7317617007E+06
    2.3000000000E+01    5.7289124614E+06
    2.4000000000E+01    5.7259757808E+06
    2.5000000000E+01    5.7229445807E+06
    2.6000000000E+01    5.7198101829E+06
    2.7000000000E+01    5.7165622445E+06
    2.8000000000E+01    5.7131886938E+06
    2.9000000000E+01    5.7096811187E+06
    3.0000000000E+01    5.7060406660E+06
    3.1000000000E+01    5.7022689682E+06
    3.2000000000E+01    5.6983679173E+06
    3.3000000000E+01    5.6943396619E+06
    3.4000000000E+01    5.6901866046E+06
    3.5000000000E+01    5.6859113989E+06
    3.6000000000E+01    5.6815169456E+06
    3.7000000000E+01    5.6770060958E+06
    3.8000000000E+01    5.6723743369E+06
    3.9000000000E+01    5.6676130535E+06
    4.0000000000E+01    5.6627124608E+06
    4.1000000000E+01    5.6576615108E+06
    4.2000000000E+01    5.6524477850E+06
    4.3000000000E+01    5.6470573682E+06
    4.4000000000E+01    5.6414747020E+06
    4.5000000000E+01    5.6356824104E+06
    4.6000000000E+01    5.6296610936E+06
    4.7000000000E+01    5.6233890814E+06
    4.8000000000E+01    5.6168444380E+06
    4.9000000000E+01    5.6100183196E+06
    5.0000000000E+01    5.6029045263E+06
    5.1000000000E+01    5.5954970657E+06
    5.2000000000E+01    5.5877902525E+06
    5.3000000000E+01    5.5797788328E+06
    5.4000000000E+01    5.5714581396E+06
    5.5000000000E+01    5.5628242857E+06
    5.6000000000E+01    5.5538744025E+06
    5.7000000000E+01    5.5446069334E+06
    5.8000000000E+01    5.5350219923E+06
    5.9000000000E+01    5.5251217988E+06
    6.0000000000E+01    5.5149112003E+06
    6.1000000000E+01    5.5043982905E+06
    6.2000000000E+01    5.4935951305E+06
    6.3000000000E+01    5.4825057067E+06
    6.4000000000E+01    5.4709782998E+06
    6.5000000000E+01    5.4587915859E+06
    6.6000000000E+01    5.4456944451E+06
    6.7000000000E+01    5.4314392275E+06
    6.8000000000E+01    5.4160749499E+06
    6.9000000000E+01    5.3997598936E+06
    7.0000000000E+01    5.3826990435E+06
    7.1000000000E+01    5.3651065682E+06
    7.2000000000E+01    5.3470762477E+06
    7.3000000000E+01    5.3285552892E+06
    7.4000000000E+01    5.3094748611E+06
    7.5000000000E+01    5.2897514103E+06
    7.6000000000E+01    5.2692824013E+06
    7.7000000000E+01    5.2479398527E+06
    7.8000000000E+01    5.2256956164E+06
    7.9000000000E+01    5.2027048974E+06
    8.0000000000E+01    5.1791935236E+06
    8.1000000000E+01    5.1554800619E+06
    8.2000000000E+01    5.1319930692E+06
    8.3000000000E+01    5.1092555653E+06
    8.4000000000E+01    5.0875734401E+06
    8.5000000000E+01    5.0671044639E+06
    8.6000000000E+01    5.0479535919E+06
    8.7000000000E+01    5.0301858662E+06
    8.8000000000E+01    5.0137872054E+06
    8.9000000000E+01    4.9986901514E+06
    9.0000000000E+01    4.9847918665E+06
    9.1000000000E+01    4.9719981699E+06
    9.2000000000E+01    4.9603717687E+06
    9.3000000000E+01    4.9501054030E+06
    9.4000000000E+01    4.9415038682E+06
    9.5000000000E+01    4.9344735630E+06
    9.6000000000E+01    4.9288755424E+06
    9.7000000000E+01    4.9249153063E+06
    9.8000000000E+01    4.9228163366E+06
