 # iter=         31  time[s]=   1.249395E-05  x[nm]  flux[1/s]
    0.0000000000E+00    5.9444373240E+06
    1.0000000000E+00    5.9441264190E+06
    2.0000000000E+00    5.9435093640E+06
    3.0000000000E+00    5.9425952143E+06
    4.0000000000E+00    5.9413975980E+06
    5.0000000000E+00    5.9399349820E+06
    6.0000000000E+00    5.9382250412E+06
    7.0000000000E+00    5.9362793578E+06
    8.0000000000E+00    5.9341076449E+06
    9.0000000000E+00    5.9317175870E+06
    1.0000000000E+01    5.9291146762E+06
    1.1000000000E+01    5.9263053874E+06
    1.2000000000E+01    5.9233045335E+06
    1.3000000000E+01    5.9201289474E+06
    1.4000000000E+01    5.9167971341E+06
    1.5000000000E+01    5.9133288774E+06
    1.6000000000E+01    5.9097344887E+06
    1.7000000000E+01    5.9060185657E+06
    1.8000000000E+01    5.9021838049E+06
    1.9000000000E+01    5.8982309042E+06
    2.0000000000E+01    5.8941584621E+06
    2.1000000000E+01    5.8899628744E+06
    2.2000000000E+01    5.8856382268E+06
    2.3000000000E+01    5.8811761852E+06
    2.4000000000E+01    5.8765658832E+06
    2.5000000000E+01    5.8717938085E+06
    2.6000000000E+01    5.8668436868E+06
    2.7000000000E+01    5.8616963673E+06
    2.8000000000E+01    5.8563345329E+06
    2.9000000000E+01    5.8507581523E+06
    3.0000000000E+01    5.8449694290E+06
    3.1000000000E+01    5.8389709858E+06
    3.2000000000E+01    5.8327658606E+06
    3.3000000000E+01    5.8263575030E+06
    3.4000000000E+01    5.8197497689E+06
    3.5000000000E+01    5.8129469160E+06
    3.6000000000E+01    5.8059531532E+06
    3.7000000000E+01    5.7987608041E+06
    3.8000000000E+01    5.7913553721E+06
    3.9000000000E+01    5.7837203797E+06
    4.0000000000E+01    5.7758372060E+06
    4.1000000000E+01    5.7676848972E+06
    4.2000000000E+01    5.7592399471E+06
    4.3000000000E+01    5.7504760384E+06
    4.4000000000E+01    5.7413637379E+06
    4.5000000000E+01    5.7318701342E+06
    4.6000000000E+01    5.7219584029E+06
    4.7000000000E+01    5.7115950837E+06
    4.8000000000E+01    5.7007674321E+06
    4.9000000000E+01    5.6894643559E+06
    5.0000000000E+01    5.6776750881E+06
    5.1000000000E+01    5.6653893614E+06
    5.2000000000E+01    5.6525976284E+06
    5.3000000000E+01    5.6392913363E+06
    5.4000000000E+01    5.6254632684E+06
    5.5000000000E+01    5.6111079670E+06
    5.6000000000E+01    5.5962222515E+06
    5.7000000000E+01    5.5808058521E+06
    5.8000000000E+01    5.5648621733E+06
    5.9000000000E+01    5.5483992073E+06
    6.0000000000E+01    5.5314306072E+06
    6.1000000000E+01    5.5139769263E+06
    6.2000000000E+01    5.4959726199E+06
    6.3000000000E+01    5.4770972093E+06
    6.4000000000E+01    5.4569723790E+06
    6.5000000000E+01    5.4351711844E+06
    6.6000000000E+01    5.4114379507E+06
    6.7000000000E+01    5.3859719165E+06
    6.8000000000E+01    5.3590541254E+06
    6.9000000000E+01    5.3310384979E+06
    7.0000000000E+01    5.3022168752E+06
    7.1000000000E+01    5.2726179853E+06
    7.2000000000E+01    5.2421433262E+06
    7.3000000000E+01    5.2106751051E+06
    7.4000000000E+01    5.1780715789E+06
    7.5000000000E+01    5.1441601610E+06
    7.6000000000E+01    5.1087378933E+06
    7.7000000000E+01    5.0718765251E+06
    7.8000000000E+01    5.0338459672E+06
    7.9000000000E+01    4.9950286883E+06
    8.0000000000E+01    4.9559496405E+06
    8.1000000000E+01    4.9172947262E+06
    8.2000000000E+01    4.8798595966E+06
    8.3000000000E+01    4.8440702186E+06
    8.4000000000E+01    4.8101581740E+06
    8.5000000000E+01    4.7782784445E+06
    8.6000000000E+01    4.7485338181E+06
    8.7000000000E+01    4.7209130338E+06
    8.8000000000E+01    4.6953265354E+06
    8.9000000000E+01    4.6716336236E+06
    9.0000000000E+01    4.6496636445E+06
    9.1000000000E+01    4.6294263058E+06
    9.2000000000E+01    4.6111215310E+06
    9.3000000000E+01    4.5951359772E+06
    9.4000000000E+01    4.5817721568E+06
    9.5000000000E+01    4.5706913975E+06
    9.6000000000E+01    4.5619004386E+06
    9.7000000000E+01    4.5556993670E+06
    9.8000000000E+01    4.5524265402E+06
