 # iter=         41  time[s]=   1.749395E-05  x[nm]  flux[1/s]
    0.0000000000E+00    5.6597684206E+06
    1.0000000000E+00    5.6596462533E+06
    2.0000000000E+00    5.6594036406E+06
    3.0000000000E+00    5.6590438473E+06
    4.0000000000E+00    5.6585717720E+06
    5.0000000000E+00    5.6579940354E+06
    6.0000000000E+00    5.6573179331E+06
    7.0000000000E+00    5.6565482306E+06
    8.0000000000E+00    5.6556889000E+06
    9.0000000000E+00    5.6547432196E+06
    1.0000000000E+01    5.6537137177E+06
    1.1000000000E+01    5.6526022201E+06
    1.2000000000E+01    5.6514130262E+06
    1.3000000000E+01    5.6501522175E+06
    1.4000000000E+01    5.6488264564E+06
    1.5000000000E+01    5.6474430086E+06
    1.6000000000E+01    5.6460089856E+06
    1.7000000000E+01    5.6445273496E+06
    1.8000000000E+01    5.6429998022E+06
    1.9000000000E+01    5.6414273608E+06
    2.0000000000E+01    5.6398103260E+06
    2.1000000000E+01    5.6381482485E+06
    2.2000000000E+01    5.6364398951E+06
    2.3000000000E+01    5.6346832138E+06
    2.4000000000E+01    5.6328752984E+06
    2.5000000000E+01    5.6310123524E+06
    2.6000000000E+01    5.6290896523E+06
    2.7000000000E+01    5.6271015111E+06
    2.8000000000E+01    5.6250412415E+06
    2.9000000000E+01    5.6229015912E+06
    3.0000000000E+01    5.6206813150E+06
    3.1000000000E+01    5.6183814159E+06
    3.2000000000E+01    5.6160030547E+06
    3.3000000000E+01    5.6135475484E+06
    3.4000000000E+01    5.6110163687E+06
    3.5000000000E+01    5.6084111393E+06
    3.6000000000E+01    5.6057336348E+06
    3.7000000000E+01    5.6029857779E+06
    3.8000000000E+01    5.6001684778E+06
    3.9000000000E+01    5.5972776146E+06
    4.0000000000E+01    5.5943078996E+06
    4.1000000000E+01    5.5912533406E+06
    4.2000000000E+01    5.5881071856E+06
    4.3000000000E+01    5.5848618580E+06
    4.4000000000E+01    5.5815088797E+06
    4.5000000000E+01    5.5780387825E+06
    4.6000000000E+01    5.5744410012E+06
    4.7000000000E+01    5.5707037485E+06
    4.8000000000E+01    5.5668138631E+06
    4.9000000000E+01    5.5627597067E+06
    5.0000000000E+01    5.5585372947E+06
    5.1000000000E+01    5.5541432096E+06
    5.2000000000E+01    5.5495741828E+06
    5.3000000000E+01    5.5448271561E+06
    5.4000000000E+01    5.5398993590E+06
    5.5000000000E+01    5.5347884052E+06
    5.6000000000E+01    5.5294924121E+06
    5.7000000000E+01    5.5240101479E+06
    5.8000000000E+01    5.5183412130E+06
    5.9000000000E+01    5.5124862613E+06
    6.0000000000E+01    5.5064472678E+06
    6.1000000000E+01    5.5002278507E+06
    6.2000000000E+01    5.4938336513E+06
    6.3000000000E+01    5.4872727772E+06
    6.4000000000E+01    5.4805408215E+06
    6.5000000000E+01    5.4735346426E+06
    6.6000000000E+01    5.4661186371E+06
    6.7000000000E+01    5.4581390991E+06
    6.8000000000E+01    5.4494621162E+06
    6.9000000000E+01    5.4401390674E+06
    7.0000000000E+01    5.4302704976E+06
    7.1000000000E+01    5.4199858470E+06
    7.2000000000E+01    5.4094092070E+06
    7.3000000000E+01    5.3985776573E+06
    7.4000000000E+01    5.3874557342E+06
    7.5000000000E+01    5.3760001906E+06
    7.6000000000E+01    5.3641580345E+06
    7.7000000000E+01    5.3518634951E+06
    7.8000000000E+01    5.3390361682E+06
    7.9000000000E+01    5.3256973674E+06
    8.0000000000E+01    5.3119525293E+06
    8.1000000000E+01    5.2979554836E+06
    8.2000000000E+01    5.2839232907E+06
    8.3000000000E+01    5.2701456677E+06
    8.4000000000E+01    5.2569260137E+06
    8.5000000000E+01    5.2444025857E+06
    8.6000000000E+01    5.2326571497E+06
    8.7000000000E+01    5.2217498150E+06
    8.8000000000E+01    5.2116960147E+06
    8.9000000000E+01    5.2024675043E+06
    9.0000000000E+01    5.1940078773E+06
    9.1000000000E+01    5.1862434730E+06
    9.2000000000E+01    5.1791778593E+06
    9.3000000000E+01    5.1729070898E+06
    9.4000000000E+01    5.1676215104E+06
    9.5000000000E+01    5.1633347389E+06
    9.6000000000E+01    5.1599222888E+06
    9.7000000000E+01    5.1575042230E+06
    9.8000000000E+01    5.1562194207E+06
