 # iter=         35  time[s]=   1.449395E-05  x[nm]  flux[1/s]
    0.0000000000E+00    5.7984380047E+06
    1.0000000000E+00    5.7982203879E+06
    2.0000000000E+00    5.7977883458E+06
    3.0000000000E+00    5.7971479425E+06
    4.0000000000E+00    5.7963082902E+06
    5.0000000000E+00    5.7952817207E+06
    6.0000000000E+00    5.7940810025E+06
    7.0000000000E+00    5.7927143867E+06
    8.0000000000E+00    5.7911888140E+06
    9.0000000000E+00    5.7895099011E+06
    1.0000000000E+01    5.7876818337E+06
    1.1000000000E+01    5.7857081867E+06
    1.2000000000E+01    5.7835981365E+06
    1.3000000000E+01    5.7813629582E+06
    1.4000000000E+01    5.7790150265E+06
    1.5000000000E+01    5.7765678600E+06
    1.6000000000E+01    5.7740319555E+06
    1.7000000000E+01    5.7714111063E+06
    1.8000000000E+01    5.7687077964E+06
    1.9000000000E+01    5.7659232061E+06
    2.0000000000E+01    5.7630571483E+06
    2.1000000000E+01    5.7601080029E+06
    2.2000000000E+01    5.7570726500E+06
    2.3000000000E+01    5.7539464001E+06
    2.4000000000E+01    5.7507229244E+06
    2.5000000000E+01    5.7473941823E+06
    2.6000000000E+01    5.7439503493E+06
    2.7000000000E+01    5.7403797442E+06
    2.8000000000E+01    5.7366687564E+06
    2.9000000000E+01    5.7328099242E+06
    3.0000000000E+01    5.7288047423E+06
    3.1000000000E+01    5.7246550064E+06
    3.2000000000E+01    5.7203627980E+06
    3.3000000000E+01    5.7159304810E+06
    3.4000000000E+01    5.7113606992E+06
    3.5000000000E+01    5.7066563723E+06
    3.6000000000E+01    5.7018206926E+06
    3.7000000000E+01    5.6968561659E+06
    3.8000000000E+01    5.6917562828E+06
    3.9000000000E+01    5.6865112586E+06
    4.0000000000E+01    5.6811099920E+06
    4.1000000000E+01    5.6755399578E+06
    4.2000000000E+01    5.6697870831E+06
    4.3000000000E+01    5.6638356040E+06
    4.4000000000E+01    5.6576678953E+06
    4.5000000000E+01    5.6512642714E+06
    4.6000000000E+01    5.6446027483E+06
    4.7000000000E+01    5.6376587585E+06
    4.8000000000E+01    5.6304099804E+06
    4.9000000000E+01    5.6228482739E+06
    5.0000000000E+01    5.6149667010E+06
    5.1000000000E+01    5.6067585678E+06
    5.2000000000E+01    5.5982175402E+06
    5.3000000000E+01    5.5893377887E+06
    5.4000000000E+01    5.5801141683E+06
    5.5000000000E+01    5.5705424427E+06
    5.6000000000E+01    5.5606195609E+06
    5.7000000000E+01    5.5503439971E+06
    5.8000000000E+01    5.5397161653E+06
    5.9000000000E+01    5.5287389205E+06
    6.0000000000E+01    5.5174181600E+06
    6.1000000000E+01    5.5057635318E+06
    6.2000000000E+01    5.4937892570E+06
    6.3000000000E+01    5.4814759899E+06
    6.4000000000E+01    5.4686230044E+06
    6.5000000000E+01    5.4549785164E+06
    6.6000000000E+01    5.4402576182E+06
    6.7000000000E+01    5.4242345528E+06
    6.8000000000E+01    5.4070191633E+06
    6.9000000000E+01    5.3887969483E+06
    7.0000000000E+01    5.3698056527E+06
    7.1000000000E+01    5.3502639294E+06
    7.2000000000E+01    5.3302253534E+06
    7.3000000000E+01    5.3096243989E+06
    7.4000000000E+01    5.2883820107E+06
    7.5000000000E+01    5.2664022362E+06
    7.6000000000E+01    5.2435672048E+06
    7.7000000000E+01    5.2197326188E+06
    7.8000000000E+01    5.1949274543E+06
    7.9000000000E+01    5.1693363355E+06
    8.0000000000E+01    5.1432251011E+06
    8.1000000000E+01    5.1169647155E+06
    8.2000000000E+01    5.0910471303E+06
    8.3000000000E+01    5.0660344077E+06
    8.4000000000E+01    5.0422122061E+06
    8.5000000000E+01    5.0197397814E+06
    8.6000000000E+01    4.9987281473E+06
    8.7000000000E+01    4.9792349282E+06
    8.8000000000E+01    4.9612350792E+06
    8.9000000000E+01    4.9446494605E+06
    9.0000000000E+01    4.9293625149E+06
    9.1000000000E+01    4.9152841692E+06
    9.2000000000E+01    4.9024974869E+06
    9.3000000000E+01    4.8912243115E+06
    9.4000000000E+01    4.8817890667E+06
    9.5000000000E+01    4.8740602735E+06
    9.6000000000E+01    4.8679075312E+06
    9.7000000000E+01    4.8635568517E+06
    9.8000000000E+01    4.8612525060E+06
