 # iter=         38  time[s]=   1.599395E-05  x[nm]  flux[1/s]
    0.0000000000E+00    5.7191657650E+06
    1.0000000000E+00    5.7190017977E+06
    2.0000000000E+00    5.7186762138E+06
    3.0000000000E+00    5.7181934744E+06
    4.0000000000E+00    5.7175602770E+06
    5.0000000000E+00    5.7167856790E+06
    6.0000000000E+00    5.7158794123E+06
    7.0000000000E+00    5.7148477872E+06
    8.0000000000E+00    5.7136960913E+06
    9.0000000000E+00    5.7124286529E+06
    1.0000000000E+01    5.7110487633E+06
    1.1000000000E+01    5.7095589245E+06
    1.2000000000E+01    5.7079654316E+06
    1.3000000000E+01    5.7062765856E+06
    1.4000000000E+01    5.7045014885E+06
    1.5000000000E+01    5.7026500735E+06
    1.6000000000E+01    5.7007313235E+06
    1.7000000000E+01    5.6987486248E+06
    1.8000000000E+01    5.6967040864E+06
    1.9000000000E+01    5.6945988718E+06
    2.0000000000E+01    5.6924331542E+06
    2.1000000000E+01    5.6902060691E+06
    2.2000000000E+01    5.6879156674E+06
    2.3000000000E+01    5.6855588658E+06
    2.4000000000E+01    5.6831313973E+06
    2.5000000000E+01    5.6806277602E+06
    2.6000000000E+01    5.6780411664E+06
    2.7000000000E+01    5.6753634903E+06
    2.8000000000E+01    5.6725852168E+06
    2.9000000000E+01    5.6696976748E+06
    3.0000000000E+01    5.6667009871E+06
    3.1000000000E+01    5.6635965004E+06
    3.2000000000E+01    5.6603857744E+06
    3.3000000000E+01    5.6570705798E+06
    3.4000000000E+01    5.6536528962E+06
    3.5000000000E+01    5.6501349092E+06
    3.6000000000E+01    5.6465190076E+06
    3.7000000000E+01    5.6428077810E+06
    3.8000000000E+01    5.6390000116E+06
    3.9000000000E+01    5.6350890112E+06
    4.0000000000E+01    5.6310671523E+06
    4.1000000000E+01    5.6269258102E+06
    4.2000000000E+01    5.6226552809E+06
    4.3000000000E+01    5.6182446847E+06
    4.4000000000E+01    5.6136818538E+06
    4.5000000000E+01    5.6089532002E+06
    4.6000000000E+01    5.6040435584E+06
    4.7000000000E+01    5.5989359984E+06
    4.8000000000E+01    5.5936117333E+06
    4.9000000000E+01    5.5880600234E+06
    5.0000000000E+01    5.5822759231E+06
    5.1000000000E+01    5.5762546390E+06
    5.2000000000E+01    5.5699916046E+06
    5.3000000000E+01    5.5634825731E+06
    5.4000000000E+01    5.5567237346E+06
    5.5000000000E+01    5.5497118603E+06
    5.6000000000E+01    5.5424444824E+06
    5.7000000000E+01    5.5349201149E+06
    5.8000000000E+01    5.5271385242E+06
    5.9000000000E+01    5.5191010595E+06
    6.0000000000E+01    5.5108110491E+06
    6.1000000000E+01    5.5022742751E+06
    6.2000000000E+01    5.4934995293E+06
    6.3000000000E+01    5.4844992540E+06
    6.4000000000E+01    5.4752097813E+06
    6.5000000000E+01    5.4654595833E+06
    6.6000000000E+01    5.4550529656E+06
    6.7000000000E+01    5.4437693068E+06
    6.8000000000E+01    5.4315415253E+06
    6.9000000000E+01    5.4184859295E+06
    7.0000000000E+01    5.4047557150E+06
    7.1000000000E+01    5.3905356956E+06
    7.2000000000E+01    5.3759542290E+06
    7.3000000000E+01    5.3609972185E+06
    7.4000000000E+01    5.3456121579E+06
    7.5000000000E+01    5.3297352538E+06
    7.6000000000E+01    5.3132883096E+06
    7.7000000000E+01    5.2961740145E+06
    7.8000000000E+01    5.2783111943E+06
    7.9000000000E+01    5.2597946936E+06
    8.0000000000E+01    5.2407892634E+06
    8.1000000000E+01    5.2215312829E+06
    8.2000000000E+01    5.2023461951E+06
    8.3000000000E+01    5.1836547453E+06
    8.4000000000E+01    5.1657895529E+06
    8.5000000000E+01    5.1488991244E+06
    8.6000000000E+01    5.1330787479E+06
    8.7000000000E+01    5.1183969783E+06
    8.8000000000E+01    5.1048560315E+06
    8.9000000000E+01    5.0924076531E+06
    9.0000000000E+01    5.0809707411E+06
    9.1000000000E+01    5.0704545144E+06
    9.2000000000E+01    5.0608903968E+06
    9.3000000000E+01    5.0524239577E+06
    9.4000000000E+01    5.0453136113E+06
    9.5000000000E+01    5.0395234307E+06
    9.6000000000E+01    5.0349124502E+06
    9.7000000000E+01    5.0316479612E+06
    9.8000000000E+01    5.0299157377E+06
