 # iter=         11  time[s]=   2.547411E-06  x[nm]  flux[1/s]
    0.0000000000E+00    8.1500917332E+06
    1.0000000000E+00    8.1481511766E+06
    2.0000000000E+00    8.1443248366E+06
    3.0000000000E+00    8.1387200928E+06
    4.0000000000E+00    8.1314958407E+06
    5.0000000000E+00    8.1227761635E+06
    6.0000000000E+00    8.1126475057E+06
    7.0000000000E+00    8.1011725256E+06
    8.0000000000E+00    8.0884008770E+06
    9.0000000000E+00    8.0744514091E+06
    1.0000000000E+01    8.0594726534E+06
    1.1000000000E+01    8.0436293565E+06
    1.2000000000E+01    8.0270107284E+06
    1.3000000000E+01    8.0096497136E+06
    1.4000000000E+01    7.9915568100E+06
    1.5000000000E+01    7.9727187160E+06
    1.6000000000E+01    7.9530969465E+06
    1.7000000000E+01    7.9326264266E+06
    1.8000000000E+01    7.9112140809E+06
    1.9000000000E+01    7.8887374429E+06
    2.0000000000E+01    7.8650433227E+06
    2.1000000000E+01    7.8400294785E+06
    2.2000000000E+01    7.8137138399E+06
    2.3000000000E+01    7.7861204104E+06
    2.4000000000E+01    7.7572775992E+06
    2.5000000000E+01    7.7272180638E+06
    2.6000000000E+01    7.6959785426E+06
    2.7000000000E+01    7.6635747777E+06
    2.8000000000E+01    7.6299116623E+06
    2.9000000000E+01    7.5948637422E+06
    3.0000000000E+01    7.5582847078E+06
    3.1000000000E+01    7.5200053189E+06
    3.2000000000E+01    7.4798308951E+06
    3.3000000000E+01    7.4375382488E+06
    3.4000000000E+01    7.3928719058E+06
    3.5000000000E+01    7.3455767252E+06
    3.6000000000E+01    7.2955592442E+06
    3.7000000000E+01    7.2427538984E+06
    3.8000000000E+01    7.1871013495E+06
    3.9000000000E+01    7.1285508810E+06
    4.0000000000E+01    7.0670634143E+06
    4.1000000000E+01    7.0026152716E+06
    4.2000000000E+01    6.9352028204E+06
    4.3000000000E+01    6.8648481285E+06
    4.4000000000E+01    6.7916057287E+06
    4.5000000000E+01    6.7155705230E+06
    4.6000000000E+01    6.6368867291E+06
    4.7000000000E+01    6.5553315704E+06
    4.8000000000E+01    6.4689544186E+06
    4.9000000000E+01    6.3753797081E+06
    5.0000000000E+01    6.2721769033E+06
    5.1000000000E+01    6.1597674054E+06
    5.2000000000E+01    6.0399231612E+06
    5.3000000000E+01    5.9148144653E+06
    5.4000000000E+01    5.7861996929E+06
    5.5000000000E+01    5.6542695152E+06
    5.6000000000E+01    5.5186207753E+06
    5.7000000000E+01    5.3787960096E+06
    5.8000000000E+01    5.2342766928E+06
    5.9000000000E+01    5.0844722587E+06
    6.0000000000E+01    4.9290179128E+06
    6.1000000000E+01    4.7689835979E+06
    6.2000000000E+01    4.6058543487E+06
    6.3000000000E+01    4.4413924577E+06
    6.4000000000E+01    4.2776212196E+06
    6.5000000000E+01    4.1167579541E+06
    6.6000000000E+01    3.9610752115E+06
    6.7000000000E+01    3.8117348905E+06
    6.8000000000E+01    3.6690732437E+06
    6.9000000000E+01    3.5331626481E+06
    7.0000000000E+01    3.4039441492E+06
    7.1000000000E+01    3.2812898383E+06
    7.2000000000E+01    3.1648940632E+06
    7.3000000000E+01    3.0543498126E+06
    7.4000000000E+01    2.9492033168E+06
    7.5000000000E+01    2.8489880509E+06
    7.6000000000E+01    2.7532437403E+06
    7.7000000000E+01    2.6615249443E+06
    7.8000000000E+01    2.5734230452E+06
    7.9000000000E+01    2.4887916204E+06
    8.0000000000E+01    2.4076369971E+06
    8.1000000000E+01    2.3300599866E+06
    8.2000000000E+01    2.2562493977E+06
    8.3000000000E+01    2.1864777620E+06
    8.4000000000E+01    2.1210964126E+06
    8.5000000000E+01    2.0604140686E+06
    8.6000000000E+01    2.0041743866E+06
    8.7000000000E+01    1.9520080959E+06
    8.8000000000E+01    1.9035225141E+06
    8.9000000000E+01    1.8583187387E+06
    9.0000000000E+01    1.8168023210E+06
    9.1000000000E+01    1.7791325448E+06
    9.2000000000E+01    1.7454558936E+06
    9.3000000000E+01    1.7159406127E+06
    9.4000000000E+01    1.6907782933E+06
    9.5000000000E+01    1.6701849650E+06
    9.6000000000E+01    1.6543998627E+06
    9.7000000000E+01    1.6436766781E+06
    9.8000000000E+01    1.6382525942E+06
