 # iter=         66  time[s]=   2.999395E-05  x[nm]  flux[1/s]
    0.0000000000E+00    5.5084375068E+06
    1.0000000000E+00    5.5084290162E+06
    2.0000000000E+00    5.5084121496E+06
    3.0000000000E+00    5.5083871240E+06
    4.0000000000E+00    5.5083542642E+06
    5.0000000000E+00    5.5083140086E+06
    6.0000000000E+00    5.5082668676E+06
    7.0000000000E+00    5.5082131868E+06
    8.0000000000E+00    5.5081532482E+06
    9.0000000000E+00    5.5080872892E+06
    1.0000000000E+01    5.5080154989E+06
    1.1000000000E+01    5.5079380145E+06
    1.2000000000E+01    5.5078550559E+06
    1.3000000000E+01    5.5077670277E+06
    1.4000000000E+01    5.5076743734E+06
    1.5000000000E+01    5.5075775756E+06
    1.6000000000E+01    5.5074771552E+06
    1.7000000000E+01    5.5073734337E+06
    1.8000000000E+01    5.5072665521E+06
    1.9000000000E+01    5.5071566072E+06
    2.0000000000E+01    5.5070436493E+06
    2.1000000000E+01    5.5069276807E+06
    2.2000000000E+01    5.5068086532E+06
    2.3000000000E+01    5.5066864662E+06
    2.4000000000E+01    5.5065609642E+06
    2.5000000000E+01    5.5064319350E+06
    2.6000000000E+01    5.5062991071E+06
    2.7000000000E+01    5.5061621478E+06
    2.8000000000E+01    5.5060206606E+06
    2.9000000000E+01    5.5058741832E+06
    3.0000000000E+01    5.5057222970E+06
    3.1000000000E+01    5.5055650214E+06
    3.2000000000E+01    5.5054024380E+06
    3.3000000000E+01    5.5052346388E+06
    3.4000000000E+01    5.5050617265E+06
    3.5000000000E+01    5.5048838142E+06
    3.6000000000E+01    5.5047010252E+06
    3.7000000000E+01    5.5045134929E+06
    3.8000000000E+01    5.5043213606E+06
    3.9000000000E+01    5.5041246746E+06
    4.0000000000E+01    5.5039231522E+06
    4.1000000000E+01    5.5037164488E+06
    4.2000000000E+01    5.5035041740E+06
    4.3000000000E+01    5.5032858881E+06
    4.4000000000E+01    5.5030610977E+06
    4.5000000000E+01    5.5028292515E+06
    4.6000000000E+01    5.5025897337E+06
    4.7000000000E+01    5.5023418581E+06
    4.8000000000E+01    5.5020848593E+06
    4.9000000000E+01    5.5018178834E+06
    5.0000000000E+01    5.5015401472E+06
    5.1000000000E+01    5.5012513963E+06
    5.2000000000E+01    5.5009514311E+06
    5.3000000000E+01    5.5006400625E+06
    5.4000000000E+01    5.5003171165E+06
    5.5000000000E+01    5.4999824386E+06
    5.6000000000E+01    5.4996359008E+06
    5.7000000000E+01    5.4992774084E+06
    5.8000000000E+01    5.4989069103E+06
    5.9000000000E+01    5.4985244103E+06
    6.0000000000E+01    5.4981299815E+06
    6.1000000000E+01    5.4977237838E+06
    6.2000000000E+01    5.4973060848E+06
    6.3000000000E+01    5.4968772846E+06
    6.4000000000E+01    5.4964379452E+06
    6.5000000000E+01    5.4959883246E+06
    6.6000000000E+01    5.4955223832E+06
    6.7000000000E+01    5.4950312169E+06
    6.8000000000E+01    5.4945047096E+06
    6.9000000000E+01    5.4939329508E+06
    7.0000000000E+01    5.4933181861E+06
    7.1000000000E+01    5.4926670462E+06
    7.2000000000E+01    5.4919881182E+06
    7.3000000000E+01    5.4912901414E+06
    7.4000000000E+01    5.4905764380E+06
    7.5000000000E+01    5.4898447216E+06
    7.6000000000E+01    5.4890921042E+06
    7.7000000000E+01    5.4883150102E+06
    7.8000000000E+01    5.4875089525E+06
    7.9000000000E+01    5.4866684354E+06
    8.0000000000E+01    5.4857951571E+06
    8.1000000000E+01    5.4848965129E+06
    8.2000000000E+01    5.4839834497E+06
    8.3000000000E+01    5.4830715999E+06
    8.4000000000E+01    5.4821819524E+06
    8.5000000000E+01    5.4813337178E+06
    8.6000000000E+01    5.4805351932E+06
    8.7000000000E+01    5.4797915283E+06
    8.8000000000E+01    5.4791062279E+06
    8.9000000000E+01    5.4784790748E+06
    9.0000000000E+01    5.4779070822E+06
    9.1000000000E+01    5.4773854474E+06
    9.2000000000E+01    5.4769108315E+06
    9.3000000000E+01    5.4764875673E+06
    9.4000000000E+01    5.4761268184E+06
    9.5000000000E+01    5.4758365283E+06
    9.6000000000E+01    5.4756061540E+06
    9.7000000000E+01    5.4754425773E+06
    9.8000000000E+01    5.4753553838E+06
