 # iter=         44  time[s]=   1.899395E-05  x[nm]  flux[1/s]
    0.0000000000E+00    5.6157146917E+06
    1.0000000000E+00    5.6156244992E+06
    2.0000000000E+00    5.6154453697E+06
    3.0000000000E+00    5.6151796818E+06
    4.0000000000E+00    5.6148310026E+06
    5.0000000000E+00    5.6144041516E+06
    6.0000000000E+00    5.6139045323E+06
    7.0000000000E+00    5.6133357028E+06
    8.0000000000E+00    5.6127006135E+06
    9.0000000000E+00    5.6120017139E+06
    1.0000000000E+01    5.6112409123E+06
    1.1000000000E+01    5.6104195631E+06
    1.2000000000E+01    5.6095406087E+06
    1.3000000000E+01    5.6086084840E+06
    1.4000000000E+01    5.6076280448E+06
    1.5000000000E+01    5.6066045834E+06
    1.6000000000E+01    5.6055435066E+06
    1.7000000000E+01    5.6044472997E+06
    1.8000000000E+01    5.6033172899E+06
    1.9000000000E+01    5.6021543093E+06
    2.0000000000E+01    5.6009586729E+06
    2.1000000000E+01    5.5997301538E+06
    2.2000000000E+01    5.5984679597E+06
    2.3000000000E+01    5.5971707075E+06
    2.4000000000E+01    5.5958363986E+06
    2.5000000000E+01    5.5944623928E+06
    2.6000000000E+01    5.5930453823E+06
    2.7000000000E+01    5.5915813656E+06
    2.8000000000E+01    5.5900656214E+06
    2.9000000000E+01    5.5884927230E+06
    3.0000000000E+01    5.5868607123E+06
    3.1000000000E+01    5.5851703313E+06
    3.2000000000E+01    5.5834224379E+06
    3.3000000000E+01    5.5816180044E+06
    3.4000000000E+01    5.5797581169E+06
    3.5000000000E+01    5.5778439733E+06
    3.6000000000E+01    5.5758768821E+06
    3.7000000000E+01    5.5738582604E+06
    3.8000000000E+01    5.5717893659E+06
    3.9000000000E+01    5.5696679727E+06
    4.0000000000E+01    5.5674903853E+06
    4.1000000000E+01    5.5652524095E+06
    4.2000000000E+01    5.5629493133E+06
    4.3000000000E+01    5.5605757818E+06
    4.4000000000E+01    5.5581258653E+06
    4.5000000000E+01    5.5555929171E+06
    4.6000000000E+01    5.5529695216E+06
    4.7000000000E+01    5.5502474074E+06
    4.8000000000E+01    5.5474173440E+06
    4.9000000000E+01    5.5444697280E+06
    5.0000000000E+01    5.5414006018E+06
    5.1000000000E+01    5.5382075312E+06
    5.2000000000E+01    5.5348881816E+06
    5.3000000000E+01    5.5314403605E+06
    5.4000000000E+01    5.5278620695E+06
    5.5000000000E+01    5.5241515699E+06
    5.6000000000E+01    5.5203074635E+06
    5.7000000000E+01    5.5163287932E+06
    5.8000000000E+01    5.5122151658E+06
    5.9000000000E+01    5.5079669035E+06
    6.0000000000E+01    5.5035852272E+06
    6.1000000000E+01    5.4990724775E+06
    6.2000000000E+01    5.4944323779E+06
    6.3000000000E+01    5.4896703429E+06
    6.4000000000E+01    5.4847927335E+06
    6.5000000000E+01    5.4797477480E+06
    6.6000000000E+01    5.4744406517E+06
    6.7000000000E+01    5.4687636519E+06
    6.8000000000E+01    5.4625996090E+06
    6.9000000000E+01    5.4559459640E+06
    7.0000000000E+01    5.4488699867E+06
    7.1000000000E+01    5.4414595234E+06
    7.2000000000E+01    5.4338133939E+06
    7.3000000000E+01    5.4259861585E+06
    7.4000000000E+01    5.4179593005E+06
    7.5000000000E+01    5.4097030701E+06
    7.6000000000E+01    5.4011809995E+06
    7.7000000000E+01    5.3923478891E+06
    7.8000000000E+01    5.3831467174E+06
    7.9000000000E+01    5.3735588664E+06
    8.0000000000E+01    5.3636529994E+06
    8.1000000000E+01    5.3535314212E+06
    8.2000000000E+01    5.3433408495E+06
    8.3000000000E+01    5.3332814059E+06
    8.4000000000E+01    5.3235910718E+06
    8.5000000000E+01    5.3143958513E+06
    8.6000000000E+01    5.3057633979E+06
    8.7000000000E+01    5.2977409711E+06
    8.8000000000E+01    5.2903482954E+06
    8.9000000000E+01    5.2835693208E+06
    9.0000000000E+01    5.2773649273E+06
    9.1000000000E+01    5.2716800805E+06
    9.2000000000E+01    5.2665057349E+06
    9.3000000000E+01    5.2619059089E+06
    9.4000000000E+01    5.2580162106E+06
    9.5000000000E+01    5.2548704038E+06
    9.6000000000E+01    5.2523677120E+06
    9.7000000000E+01    5.2505931971E+06
    9.8000000000E+01    5.2496494262E+06
