 # iter=         34  time[s]=   1.399395E-05  x[nm]  flux[1/s]
    0.0000000000E+00    5.8301828468E+06
    1.0000000000E+00    5.8299443746E+06
    2.0000000000E+00    5.8294709595E+06
    3.0000000000E+00    5.8287693111E+06
    4.0000000000E+00    5.8278495144E+06
    5.0000000000E+00    5.8267252223E+06
    6.0000000000E+00    5.8254103475E+06
    7.0000000000E+00    5.8239138872E+06
    8.0000000000E+00    5.8222434138E+06
    9.0000000000E+00    5.8204050260E+06
    1.0000000000E+01    5.8184032298E+06
    1.1000000000E+01    5.8162421116E+06
    1.2000000000E+01    5.8139320504E+06
    1.3000000000E+01    5.8114855189E+06
    1.4000000000E+01    5.8089162110E+06
    1.5000000000E+01    5.8062390929E+06
    1.6000000000E+01    5.8034648894E+06
    1.7000000000E+01    5.8005975710E+06
    1.8000000000E+01    5.7976397199E+06
    1.9000000000E+01    5.7945924674E+06
    2.0000000000E+01    5.7914554225E+06
    2.1000000000E+01    5.7882265990E+06
    2.2000000000E+01    5.7849023394E+06
    2.3000000000E+01    5.7814772378E+06
    2.4000000000E+01    5.7779440609E+06
    2.5000000000E+01    5.7742936667E+06
    2.6000000000E+01    5.7705149240E+06
    2.7000000000E+01    5.7665946300E+06
    2.8000000000E+01    5.7625175332E+06
    2.9000000000E+01    5.7582778054E+06
    3.0000000000E+01    5.7538771046E+06
    3.1000000000E+01    5.7493174051E+06
    3.2000000000E+01    5.7446009955E+06
    3.3000000000E+01    5.7397304757E+06
    3.4000000000E+01    5.7347087527E+06
    3.5000000000E+01    5.7295390375E+06
    3.6000000000E+01    5.7242248410E+06
    3.7000000000E+01    5.7187677282E+06
    3.8000000000E+01    5.7131590589E+06
    3.9000000000E+01    5.7073877078E+06
    4.0000000000E+01    5.7014410655E+06
    4.1000000000E+01    5.6953049152E+06
    4.2000000000E+01    5.6889632911E+06
    4.3000000000E+01    5.6823983123E+06
    4.4000000000E+01    5.6755899876E+06
    4.5000000000E+01    5.6685159849E+06
    4.6000000000E+01    5.6611513565E+06
    4.7000000000E+01    5.6534682092E+06
    4.8000000000E+01    5.6454453995E+06
    4.9000000000E+01    5.6370748769E+06
    5.0000000000E+01    5.6283488833E+06
    5.1000000000E+01    5.6192599495E+06
    5.2000000000E+01    5.6098010300E+06
    5.3000000000E+01    5.5999656716E+06
    5.4000000000E+01    5.5897482236E+06
    5.5000000000E+01    5.5791440983E+06
    5.6000000000E+01    5.5681500931E+06
    5.7000000000E+01    5.5567647847E+06
    5.8000000000E+01    5.5449890102E+06
    5.9000000000E+01    5.5328264471E+06
    6.0000000000E+01    5.5202843052E+06
    6.1000000000E+01    5.5073741407E+06
    6.2000000000E+01    5.4941127937E+06
    6.3000000000E+01    5.4804338365E+06
    6.4000000000E+01    5.4660893842E+06
    6.5000000000E+01    5.4507926104E+06
    6.6000000000E+01    5.4342199343E+06
    6.7000000000E+01    5.4162129654E+06
    6.8000000000E+01    5.3969331641E+06
    6.9000000000E+01    5.3765984752E+06
    7.0000000000E+01    5.3554796915E+06
    7.1000000000E+01    5.3337867303E+06
    7.2000000000E+01    5.3115233742E+06
    7.3000000000E+01    5.2886140708E+06
    7.4000000000E+01    5.2649677790E+06
    7.5000000000E+01    5.2404739836E+06
    7.6000000000E+01    5.2149967437E+06
    7.7000000000E+01    5.1883901097E+06
    7.8000000000E+01    5.1607475483E+06
    7.9000000000E+01    5.1322890068E+06
    8.0000000000E+01    5.1033284807E+06
    8.1000000000E+01    5.0742985804E+06
    8.2000000000E+01    5.0457636010E+06
    8.3000000000E+01    5.0183047472E+06
    8.4000000000E+01    4.9921862002E+06
    8.5000000000E+01    4.9675663197E+06
    8.6000000000E+01    4.9445624693E+06
    8.7000000000E+01    4.9232200498E+06
    8.8000000000E+01    4.9035010138E+06
    8.9000000000E+01    4.8853130754E+06
    9.0000000000E+01    4.8685266265E+06
    9.1000000000E+01    4.8530621620E+06
    9.2000000000E+01    4.8390264861E+06
    9.3000000000E+01    4.8266748908E+06
    9.4000000000E+01    4.8163458343E+06
    9.5000000000E+01    4.8078636621E+06
    9.6000000000E+01    4.8011140119E+06
    9.7000000000E+01    4.7963436846E+06
    9.8000000000E+01    4.7938189712E+06
