 # iter=         49  time[s]=   2.149395E-05  x[nm]  flux[1/s]
    0.0000000000E+00    5.5667005106E+06
    1.0000000000E+00    5.5666469398E+06
    2.0000000000E+00    5.5665405337E+06
    3.0000000000E+00    5.5663826844E+06
    4.0000000000E+00    5.5661754787E+06
    5.0000000000E+00    5.5659217346E+06
    6.0000000000E+00    5.5656246688E+06
    7.0000000000E+00    5.5652864243E+06
    8.0000000000E+00    5.5649087650E+06
    9.0000000000E+00    5.5644931654E+06
    1.0000000000E+01    5.5640407862E+06
    1.1000000000E+01    5.5635524526E+06
    1.2000000000E+01    5.5630297484E+06
    1.3000000000E+01    5.5624752729E+06
    1.4000000000E+01    5.5618918697E+06
    1.5000000000E+01    5.5612826365E+06
    1.6000000000E+01    5.5606508451E+06
    1.7000000000E+01    5.5599982034E+06
    1.8000000000E+01    5.5593255457E+06
    1.9000000000E+01    5.5586334197E+06
    2.0000000000E+01    5.5579220728E+06
    2.1000000000E+01    5.5571914388E+06
    2.2000000000E+01    5.5564411238E+06
    2.3000000000E+01    5.5556703922E+06
    2.4000000000E+01    5.5548781522E+06
    2.5000000000E+01    5.5540629413E+06
    2.6000000000E+01    5.5532229112E+06
    2.7000000000E+01    5.5523558130E+06
    2.8000000000E+01    5.5514589825E+06
    2.9000000000E+01    5.5505293249E+06
    3.0000000000E+01    5.5495648774E+06
    3.1000000000E+01    5.5485660507E+06
    3.2000000000E+01    5.5475333557E+06
    3.3000000000E+01    5.5464673711E+06
    3.4000000000E+01    5.5453687423E+06
    3.5000000000E+01    5.5442381813E+06
    3.6000000000E+01    5.5430764648E+06
    3.7000000000E+01    5.5418844342E+06
    3.8000000000E+01    5.5406629910E+06
    3.9000000000E+01    5.5394115469E+06
    4.0000000000E+01    5.5381280412E+06
    4.1000000000E+01    5.5368101300E+06
    4.2000000000E+01    5.5354551641E+06
    4.3000000000E+01    5.5340601650E+06
    4.4000000000E+01    5.5326217957E+06
    4.5000000000E+01    5.5311363268E+06
    4.6000000000E+01    5.5295995974E+06
    4.7000000000E+01    5.5280069673E+06
    4.8000000000E+01    5.5263532609E+06
    4.9000000000E+01    5.5246327079E+06
    5.0000000000E+01    5.5228417875E+06
    5.1000000000E+01    5.5209791150E+06
    5.2000000000E+01    5.5190433594E+06
    5.3000000000E+01    5.5170332659E+06
    5.4000000000E+01    5.5149476845E+06
    5.5000000000E+01    5.5127856054E+06
    5.6000000000E+01    5.5105462021E+06
    5.7000000000E+01    5.5082288869E+06
    5.8000000000E+01    5.5058333767E+06
    5.9000000000E+01    5.5033597758E+06
    6.0000000000E+01    5.5008086760E+06
    6.1000000000E+01    5.4981812774E+06
    6.2000000000E+01    5.4954795336E+06
    6.3000000000E+01    5.4927063227E+06
    6.4000000000E+01    5.4898656456E+06
    6.5000000000E+01    5.4869459688E+06
    6.6000000000E+01    5.4838956936E+06
    6.7000000000E+01    5.4806544500E+06
    6.8000000000E+01    5.4771539728E+06
    6.9000000000E+01    5.4733574704E+06
    7.0000000000E+01    5.4692994354E+06
    7.1000000000E+01    5.4650271557E+06
    7.2000000000E+01    5.4605995785E+06
    7.3000000000E+01    5.4560623292E+06
    7.4000000000E+01    5.4514158054E+06
    7.5000000000E+01    5.4466436940E+06
    7.6000000000E+01    5.4417259740E+06
    7.7000000000E+01    5.4366378531E+06
    7.8000000000E+01    5.4313481404E+06
    7.9000000000E+01    5.4258298546E+06
    8.0000000000E+01    5.4201131390E+06
    8.1000000000E+01    5.4142519230E+06
    8.2000000000E+01    5.4083247874E+06
    8.3000000000E+01    5.4024413184E+06
    8.4000000000E+01    5.3967431103E+06
    8.5000000000E+01    5.3913252080E+06
    8.6000000000E+01    5.3862329685E+06
    8.7000000000E+01    5.3814959695E+06
    8.8000000000E+01    5.3771313028E+06
    8.9000000000E+01    5.3731329545E+06
    9.0000000000E+01    5.3694795604E+06
    9.1000000000E+01    5.3661393485E+06
    9.2000000000E+01    5.3630990311E+06
    9.3000000000E+01    5.3603919832E+06
    9.4000000000E+01    5.3580942082E+06
    9.5000000000E+01    5.3562409294E+06
    9.6000000000E+01    5.3547679442E+06
    9.7000000000E+01    5.3537228402E+06
    9.8000000000E+01    5.3531664233E+06
