 # iter=          2  time[s]=   1.377964E-13  x[nm]  flux[1/s]
    0.0000000000E+00    1.2921509922E+07
    1.0000000000E+00    1.2727629990E+07
    2.0000000000E+00    1.2539535649E+07
    3.0000000000E+00    1.2359701890E+07
    4.0000000000E+00    1.2184473062E+07
    5.0000000000E+00    1.2008826723E+07
    6.0000000000E+00    1.1831235132E+07
    7.0000000000E+00    1.1652955874E+07
    8.0000000000E+00    1.1475138648E+07
    9.0000000000E+00    1.1298382142E+07
    1.0000000000E+01    1.1123111868E+07
    1.1000000000E+01    1.0949710607E+07
    1.2000000000E+01    1.0778529947E+07
    1.3000000000E+01    1.0609896657E+07
    1.4000000000E+01    1.0443893921E+07
    1.5000000000E+01    1.0279930130E+07
    1.6000000000E+01    1.0116937375E+07
    1.7000000000E+01    9.9538321860E+06
    1.8000000000E+01    9.7895690030E+06
    1.9000000000E+01    9.6231209130E+06
    2.0000000000E+01    9.4534574361E+06
    2.1000000000E+01    9.2795635252E+06
    2.2000000000E+01    9.1004641932E+06
    2.3000000000E+01    8.9152290847E+06
    2.4000000000E+01    8.7229758856E+06
    2.5000000000E+01    8.5229980370E+06
    2.6000000000E+01    8.3156233270E+06
    2.7000000000E+01    8.1024078180E+06
    2.8000000000E+01    7.8852255820E+06
    2.9000000000E+01    7.6658869775E+06
    3.0000000000E+01    7.4461336595E+06
    3.1000000000E+01    7.2276358962E+06
    3.2000000000E+01    7.0119904634E+06
    3.3000000000E+01    6.8007191039E+06
    3.4000000000E+01    6.5952676878E+06
    3.5000000000E+01    6.3970059394E+06
    3.6000000000E+01    6.2072184420E+06
    3.7000000000E+01    6.0267314004E+06
    3.8000000000E+01    5.8554655355E+06
    3.9000000000E+01    5.6928256827E+06
    4.0000000000E+01    5.5383287278E+06
    4.1000000000E+01    5.3929321232E+06
    4.2000000000E+01    5.2595134096E+06
    4.3000000000E+01    5.1414257406E+06
    4.4000000000E+01    5.0397181642E+06
    4.5000000000E+01    4.9474453240E+06
    4.6000000000E+01    4.8560118387E+06
    4.7000000000E+01    4.7623975847E+06
    4.8000000000E+01    4.6651428639E+06
    4.9000000000E+01    4.5628928273E+06
    5.0000000000E+01    4.4544042503E+06
    5.1000000000E+01    4.3385659033E+06
    5.2000000000E+01    4.2153670235E+06
    5.3000000000E+01    4.0873959342E+06
    5.4000000000E+01    3.9587738249E+06
    5.5000000000E+01    3.8333931042E+06
    5.6000000000E+01    3.7147407994E+06
    5.7000000000E+01    3.6058996302E+06
    5.8000000000E+01    3.5095604068E+06
    5.9000000000E+01    3.4279308337E+06
    6.0000000000E+01    3.3613880494E+06
    6.1000000000E+01    3.3078945073E+06
    6.2000000000E+01    3.2646167578E+06
    6.3000000000E+01    3.2288051923E+06
    6.4000000000E+01    3.1972060555E+06
    6.5000000000E+01    3.1660948985E+06
    6.6000000000E+01    3.1320109517E+06
    6.7000000000E+01    3.0919854922E+06
    6.8000000000E+01    3.0435252207E+06
    6.9000000000E+01    2.9845946602E+06
    7.0000000000E+01    2.9135978988E+06
    7.1000000000E+01    2.8293791845E+06
    7.2000000000E+01    2.7321877570E+06
    7.3000000000E+01    2.6248325826E+06
    7.4000000000E+01    2.5113701997E+06
    7.5000000000E+01    2.3955067728E+06
    7.6000000000E+01    2.2804918540E+06
    7.7000000000E+01    2.1691430715E+06
    7.8000000000E+01    2.0637308044E+06
    7.9000000000E+01    1.9648914594E+06
    8.0000000000E+01    1.8714801634E+06
    8.1000000000E+01    1.7819242649E+06
    8.2000000000E+01    1.6947973959E+06
    8.3000000000E+01    1.6093169267E+06
    8.4000000000E+01    1.5259235234E+06
    8.5000000000E+01    1.4451997387E+06
    8.6000000000E+01    1.3672195479E+06
    8.7000000000E+01    1.2920357347E+06
    8.8000000000E+01    1.2196922706E+06
    8.9000000000E+01    1.1502248892E+06
    9.0000000000E+01    1.0836616467E+06
    9.1000000000E+01    1.0200234882E+06
    9.2000000000E+01    9.5932480061E+05
    9.3000000000E+01    9.0157396546E+05
    9.4000000000E+01    8.4677390759E+05
    9.5000000000E+01    7.9492263723E+05
    9.6000000000E+01    7.4601378869E+05
    9.7000000000E+01    7.0003715458E+05
    9.8000000000E+01    6.5697950828E+05
