 # iter=         13  time[s]=   3.493954E-06  x[nm]  mu[J/mol]
    5.0000000000E-01   -3.9748000000E+04
    1.5000000000E+00   -3.9835995364E+04
    2.5000000000E+00   -3.9924772920E+04
    3.5000000000E+00   -4.0014332928E+04
    4.5000000000E+00   -4.0104665360E+04
    5.5000000000E+00   -4.0195751649E+04
    6.5000000000E+00   -4.0287573608E+04
    7.5000000000E+00   -4.0380121980E+04
    8.5000000000E+00   -4.0473398588E+04
    9.5000000000E+00   -4.0567415719E+04
    1.0500000000E+01   -4.0662190759E+04
    1.1500000000E+01   -4.0757740833E+04
    1.2500000000E+01   -4.0854081813E+04
    1.3500000000E+01   -4.0951228783E+04
    1.4500000000E+01   -4.1049196278E+04
    1.5500000000E+01   -4.1147998517E+04
    1.6500000000E+01   -4.1247649204E+04
    1.7500000000E+01   -4.1348161270E+04
    1.8500000000E+01   -4.1449546570E+04
    1.9500000000E+01   -4.1551815539E+04
    2.0500000000E+01   -4.1654976794E+04
    2.1500000000E+01   -4.1759036692E+04
    2.2500000000E+01   -4.1863999024E+04
    2.3500000000E+01   -4.1969866999E+04
    2.4500000000E+01   -4.2076647169E+04
    2.5500000000E+01   -4.2184350805E+04
    2.6500000000E+01   -4.2292994490E+04
    2.7500000000E+01   -4.2402600771E+04
    2.8500000000E+01   -4.2513198883E+04
    2.9500000000E+01   -4.2624825605E+04
    3.0500000000E+01   -4.2737525363E+04
    3.1500000000E+01   -4.2851350653E+04
    3.2500000000E+01   -4.2966362997E+04
    3.3500000000E+01   -4.3082634043E+04
    3.4500000000E+01   -4.3200246886E+04
    3.5500000000E+01   -4.3319297662E+04
    3.6500000000E+01   -4.3439897496E+04
    3.7500000000E+01   -4.3562174189E+04
    3.8500000000E+01   -4.3686268084E+04
    3.9500000000E+01   -4.3812325139E+04
    4.0500000000E+01   -4.3940493166E+04
    4.1500000000E+01   -4.4070921008E+04
    4.2500000000E+01   -4.4203757247E+04
    4.3500000000E+01   -4.4339148289E+04
    4.4500000000E+01   -4.4477235630E+04
    4.5500000000E+01   -4.4618152126E+04
    4.6500000000E+01   -4.4762017020E+04
    4.7500000000E+01   -4.4908929491E+04
    4.8500000000E+01   -4.5058960509E+04
    4.9500000000E+01   -4.5212142983E+04
    5.0500000000E+01   -4.5368468053E+04
    5.1500000000E+01   -4.5527868012E+04
    5.2500000000E+01   -4.5690209324E+04
    5.3500000000E+01   -4.5855269495E+04
    5.4500000000E+01   -4.6022683485E+04
    5.5500000000E+01   -4.6191897002E+04
    5.6500000000E+01   -4.6362165607E+04
    5.7500000000E+01   -4.6532886777E+04
    5.8500000000E+01   -4.6703856714E+04
    5.9500000000E+01   -4.6875079122E+04
    6.0500000000E+01   -4.7046631247E+04
    6.1500000000E+01   -4.7218664755E+04
    6.2500000000E+01   -4.7391409939E+04
    6.3500000000E+01   -4.7565154272E+04
    6.4500000000E+01   -4.7740122210E+04
    6.5500000000E+01   -4.7916340392E+04
    6.6500000000E+01   -4.8093585864E+04
    6.7500000000E+01   -4.8271371381E+04
    6.8500000000E+01   -4.8448949248E+04
    6.9500000000E+01   -4.8625352738E+04
    7.0500000000E+01   -4.8799571930E+04
    7.1500000000E+01   -4.8970771107E+04
    7.2500000000E+01   -4.9138389678E+04
    7.3500000000E+01   -4.9302142752E+04
    7.4500000000E+01   -4.9462033359E+04
    7.5500000000E+01   -4.9618312459E+04
    7.6500000000E+01   -4.9771404708E+04
    7.7500000000E+01   -4.9921854484E+04
    7.8500000000E+01   -5.0070294756E+04
    7.9500000000E+01   -5.0217435558E+04
    8.0500000000E+01   -5.0364069669E+04
    8.1500000000E+01   -5.0511063103E+04
    8.2500000000E+01   -5.0659281479E+04
    8.3500000000E+01   -5.0809529014E+04
    8.4500000000E+01   -5.0962554231E+04
    8.5500000000E+01   -5.1119053373E+04
    8.6500000000E+01   -5.1279655026E+04
    8.7500000000E+01   -5.1444897963E+04
    8.8500000000E+01   -5.1615317083E+04
    8.9500000000E+01   -5.1791609874E+04
    9.0500000000E+01   -5.1974788797E+04
    9.1500000000E+01   -5.2166285072E+04
    9.2500000000E+01   -5.2367922004E+04
    9.3500000000E+01   -5.2581937763E+04
    9.4500000000E+01   -5.2811229688E+04
    9.5500000000E+01   -5.3059660609E+04
    9.6500000000E+01   -5.3332524846E+04
    9.7500000000E+01   -5.3637309808E+04
    9.8500000000E+01   -5.3984967430E+04
    9.9500000000E+01   -5.4392000000E+04
