 # iter=         40  time[s]=   1.699395E-05  x[nm]  mu[J/mol]
    5.0000000000E-01   -3.9748000000E+04
    1.5000000000E+00   -3.9812719522E+04
    2.5000000000E+00   -3.9877867731E+04
    3.5000000000E+00   -3.9943451460E+04
    4.5000000000E+00   -4.0009474642E+04
    5.5000000000E+00   -4.0075938063E+04
    6.5000000000E+00   -4.0142839307E+04
    7.5000000000E+00   -4.0210174680E+04
    8.5000000000E+00   -4.0277942186E+04
    9.5000000000E+00   -4.0346142815E+04
    1.0500000000E+01   -4.0414780797E+04
    1.1500000000E+01   -4.0483863849E+04
    1.2500000000E+01   -4.0553402737E+04
    1.3500000000E+01   -4.0623409401E+04
    1.4500000000E+01   -4.0693895456E+04
    1.5500000000E+01   -4.0764871989E+04
    1.6500000000E+01   -4.0836349519E+04
    1.7500000000E+01   -4.0908338137E+04
    1.8500000000E+01   -4.0980847781E+04
    1.9500000000E+01   -4.1053888383E+04
    2.0500000000E+01   -4.1127469869E+04
    2.1500000000E+01   -4.1201602140E+04
    2.2500000000E+01   -4.1276295059E+04
    2.3500000000E+01   -4.1351558429E+04
    2.4500000000E+01   -4.1427401970E+04
    2.5500000000E+01   -4.1503835286E+04
    2.6500000000E+01   -4.1580867836E+04
    2.7500000000E+01   -4.1658508892E+04
    2.8500000000E+01   -4.1736767499E+04
    2.9500000000E+01   -4.1815652437E+04
    3.0500000000E+01   -4.1895172546E+04
    3.1500000000E+01   -4.1975337669E+04
    3.2500000000E+01   -4.2056159278E+04
    3.3500000000E+01   -4.2137650671E+04
    3.4500000000E+01   -4.2219827143E+04
    3.5500000000E+01   -4.2302706187E+04
    3.6500000000E+01   -4.2386307702E+04
    3.7500000000E+01   -4.2470654238E+04
    3.8500000000E+01   -4.2555771262E+04
    3.9500000000E+01   -4.2641687485E+04
    4.0500000000E+01   -4.2728435190E+04
    4.1500000000E+01   -4.2816050647E+04
    4.2500000000E+01   -4.2904574554E+04
    4.3500000000E+01   -4.2994052556E+04
    4.4500000000E+01   -4.3084535844E+04
    4.5500000000E+01   -4.3176081849E+04
    4.6500000000E+01   -4.3268755066E+04
    4.7500000000E+01   -4.3362628020E+04
    4.8500000000E+01   -4.3457782427E+04
    4.9500000000E+01   -4.3554310147E+04
    5.0500000000E+01   -4.3652311496E+04
    5.1500000000E+01   -4.3751892358E+04
    5.2500000000E+01   -4.3853163403E+04
    5.3500000000E+01   -4.3956240280E+04
    5.4500000000E+01   -4.4061243715E+04
    5.5500000000E+01   -4.4168299483E+04
    5.6500000000E+01   -4.4277538209E+04
    5.7500000000E+01   -4.4389094918E+04
    5.8500000000E+01   -4.4503108272E+04
    5.9500000000E+01   -4.4619719379E+04
    6.0500000000E+01   -4.4739070039E+04
    6.1500000000E+01   -4.4861300291E+04
    6.2500000000E+01   -4.4986545046E+04
    6.3500000000E+01   -4.5114929626E+04
    6.4500000000E+01   -4.5246564571E+04
    6.5500000000E+01   -4.5381547032E+04
    6.6500000000E+01   -4.5519967544E+04
    6.7500000000E+01   -4.5661914140E+04
    6.8500000000E+01   -4.5807469174E+04
    6.9500000000E+01   -4.5956671105E+04
    7.0500000000E+01   -4.6109447321E+04
    7.1500000000E+01   -4.6265561811E+04
    7.2500000000E+01   -4.6424676738E+04
    7.3500000000E+01   -4.6586659520E+04
    7.4500000000E+01   -4.6751679309E+04
    7.5500000000E+01   -4.6920045088E+04
    7.6500000000E+01   -4.7092192430E+04
    7.7500000000E+01   -4.7268717864E+04
    7.8500000000E+01   -4.7450428034E+04
    7.9500000000E+01   -4.7638326554E+04
    8.0500000000E+01   -4.7833432006E+04
    8.1500000000E+01   -4.8036557305E+04
    8.2500000000E+01   -4.8248134774E+04
    8.3500000000E+01   -4.8467989106E+04
    8.4500000000E+01   -4.8695126925E+04
    8.5500000000E+01   -4.8927997932E+04
    8.6500000000E+01   -4.9165141755E+04
    8.7500000000E+01   -4.9405685260E+04
    8.8500000000E+01   -4.9649735949E+04
    8.9500000000E+01   -4.9898596792E+04
    9.0500000000E+01   -5.0154881449E+04
    9.1500000000E+01   -5.0422899535E+04
    9.2500000000E+01   -5.0709048943E+04
    9.3500000000E+01   -5.1021477021E+04
    9.4500000000E+01   -5.1369308138E+04
    9.5500000000E+01   -5.1762275033E+04
    9.6500000000E+01   -5.2214983139E+04
    9.7500000000E+01   -5.2755628642E+04
    9.8500000000E+01   -5.3439670136E+04
    9.9500000000E+01   -5.4392000000E+04
