 # iter=         21  time[s]=   7.493954E-06  x[nm]  mu[J/mol]
    5.0000000000E-01   -3.9748000000E+04
    1.5000000000E+00   -3.9823405505E+04
    2.5000000000E+00   -3.9899388390E+04
    3.5000000000E+00   -3.9975952768E+04
    4.5000000000E+00   -4.0053097297E+04
    5.5000000000E+00   -4.0130814857E+04
    6.5000000000E+00   -4.0209094963E+04
    7.5000000000E+00   -4.0287929151E+04
    8.5000000000E+00   -4.0367314347E+04
    9.5000000000E+00   -4.0447253474E+04
    1.0500000000E+01   -4.0527755625E+04
    1.1500000000E+01   -4.0608833763E+04
    1.2500000000E+01   -4.0690501359E+04
    1.3500000000E+01   -4.0772771120E+04
    1.4500000000E+01   -4.0855654960E+04
    1.5500000000E+01   -4.0939164291E+04
    1.6500000000E+01   -4.1023310265E+04
    1.7500000000E+01   -4.1108103918E+04
    1.8500000000E+01   -4.1193556100E+04
    1.9500000000E+01   -4.1279677379E+04
    2.0500000000E+01   -4.1366477943E+04
    2.1500000000E+01   -4.1453967477E+04
    2.2500000000E+01   -4.1542155025E+04
    2.3500000000E+01   -4.1631048837E+04
    2.4500000000E+01   -4.1720656196E+04
    2.5500000000E+01   -4.1810983230E+04
    2.6500000000E+01   -4.1902035269E+04
    2.7500000000E+01   -4.1993818766E+04
    2.8500000000E+01   -4.2086342641E+04
    2.9500000000E+01   -4.2179618656E+04
    3.0500000000E+01   -4.2273661711E+04
    3.1500000000E+01   -4.2368490193E+04
    3.2500000000E+01   -4.2464126343E+04
    3.3500000000E+01   -4.2560596686E+04
    3.4500000000E+01   -4.2657932429E+04
    3.5500000000E+01   -4.2756169586E+04
    3.6500000000E+01   -4.2855349494E+04
    3.7500000000E+01   -4.2955519404E+04
    3.8500000000E+01   -4.3056733171E+04
    3.9500000000E+01   -4.3159052058E+04
    4.0500000000E+01   -4.3262545695E+04
    4.1500000000E+01   -4.3367293216E+04
    4.2500000000E+01   -4.3473384631E+04
    4.3500000000E+01   -4.3580921371E+04
    4.4500000000E+01   -4.3690012997E+04
    4.5500000000E+01   -4.3800773087E+04
    4.6500000000E+01   -4.3913318146E+04
    4.7500000000E+01   -4.4027767374E+04
    4.8500000000E+01   -4.4144242211E+04
    4.9500000000E+01   -4.4262865597E+04
    5.0500000000E+01   -4.4383760859E+04
    5.1500000000E+01   -4.4507050131E+04
    5.2500000000E+01   -4.4632852179E+04
    5.3500000000E+01   -4.4761279504E+04
    5.4500000000E+01   -4.4892434544E+04
    5.5500000000E+01   -4.5026404845E+04
    5.6500000000E+01   -4.5163257020E+04
    5.7500000000E+01   -4.5303032457E+04
    5.8500000000E+01   -4.5445744790E+04
    5.9500000000E+01   -4.5591377608E+04
    6.0500000000E+01   -4.5739881093E+04
    6.1500000000E+01   -4.5891147466E+04
    6.2500000000E+01   -4.6044968216E+04
    6.3500000000E+01   -4.6200984433E+04
    6.4500000000E+01   -4.6358689363E+04
    6.5500000000E+01   -4.6517678292E+04
    6.6500000000E+01   -4.6677857424E+04
    6.7500000000E+01   -4.6839308496E+04
    6.8500000000E+01   -4.7002186159E+04
    6.9500000000E+01   -4.7166725585E+04
    7.0500000000E+01   -4.7333255231E+04
    7.1500000000E+01   -4.7502208451E+04
    7.2500000000E+01   -4.7674050160E+04
    7.3500000000E+01   -4.7849138706E+04
    7.4500000000E+01   -4.8027624807E+04
    7.5500000000E+01   -4.8209397153E+04
    7.6500000000E+01   -4.8394027715E+04
    7.7500000000E+01   -4.8580734668E+04
    7.8500000000E+01   -4.8768479269E+04
    7.9500000000E+01   -4.8956246183E+04
    8.0500000000E+01   -4.9143269717E+04
    8.1500000000E+01   -4.9329110605E+04
    8.2500000000E+01   -4.9513738429E+04
    8.3500000000E+01   -4.9697536145E+04
    8.4500000000E+01   -4.9881241788E+04
    8.5500000000E+01   -5.0065919905E+04
    8.6500000000E+01   -5.0252984246E+04
    8.7500000000E+01   -5.0444281892E+04
    8.8500000000E+01   -5.0642069702E+04
    8.9500000000E+01   -5.0848829906E+04
    9.0500000000E+01   -5.1067156589E+04
    9.1500000000E+01   -5.1299681141E+04
    9.2500000000E+01   -5.1548912277E+04
    9.3500000000E+01   -5.1817708512E+04
    9.4500000000E+01   -5.2110606576E+04
    9.5500000000E+01   -5.2434826716E+04
    9.6500000000E+01   -5.2801151022E+04
    9.7500000000E+01   -5.3226380283E+04
    9.8500000000E+01   -5.3739082351E+04
    9.9500000000E+01   -5.4392000000E+04
