 # iter=         49  time[s]=   2.149395E-05  x[nm]  mu[J/mol]
    5.0000000000E-01   -3.9748000000E+04
    1.5000000000E+00   -3.9811450636E+04
    2.5000000000E+00   -3.9875314078E+04
    3.5000000000E+00   -3.9939597701E+04
    4.5000000000E+00   -4.0004306211E+04
    5.5000000000E+00   -4.0069441408E+04
    6.5000000000E+00   -4.0135002058E+04
    7.5000000000E+00   -4.0200985424E+04
    8.5000000000E+00   -4.0267390075E+04
    9.5000000000E+00   -4.0334217278E+04
    1.0500000000E+01   -4.0401471262E+04
    1.1500000000E+01   -4.0469159449E+04
    1.2500000000E+01   -4.0537292322E+04
    1.3500000000E+01   -4.0605881858E+04
    1.4500000000E+01   -4.0674939886E+04
    1.5500000000E+01   -4.0744477731E+04
    1.6500000000E+01   -4.0814506162E+04
    1.7500000000E+01   -4.0885035458E+04
    1.8500000000E+01   -4.0956075666E+04
    1.9500000000E+01   -4.1027636821E+04
    2.0500000000E+01   -4.1099728966E+04
    2.1500000000E+01   -4.1172362147E+04
    2.2500000000E+01   -4.1245546403E+04
    2.3500000000E+01   -4.1319291756E+04
    2.4500000000E+01   -4.1393608199E+04
    2.5500000000E+01   -4.1468505675E+04
    2.6500000000E+01   -4.1543994061E+04
    2.7500000000E+01   -4.1620083140E+04
    2.8500000000E+01   -4.1696782577E+04
    2.9500000000E+01   -4.1774101885E+04
    3.0500000000E+01   -4.1852050483E+04
    3.1500000000E+01   -4.1930638311E+04
    3.2500000000E+01   -4.2009876644E+04
    3.3500000000E+01   -4.2089778423E+04
    3.4500000000E+01   -4.2170358410E+04
    3.5500000000E+01   -4.2251633367E+04
    3.6500000000E+01   -4.2333622249E+04
    3.7500000000E+01   -4.2416346417E+04
    3.8500000000E+01   -4.2499829880E+04
    3.9500000000E+01   -4.2584099574E+04
    4.0500000000E+01   -4.2669185707E+04
    4.1500000000E+01   -4.2755122148E+04
    4.2500000000E+01   -4.2841946842E+04
    4.3500000000E+01   -4.2929702283E+04
    4.4500000000E+01   -4.3018436044E+04
    4.5500000000E+01   -4.3108201415E+04
    4.6500000000E+01   -4.3199058129E+04
    4.7500000000E+01   -4.3291073225E+04
    4.8500000000E+01   -4.3384322074E+04
    4.9500000000E+01   -4.3478889593E+04
    5.0500000000E+01   -4.3574870877E+04
    5.1500000000E+01   -4.3672369031E+04
    5.2500000000E+01   -4.3771492617E+04
    5.3500000000E+01   -4.3872355392E+04
    5.4500000000E+01   -4.3975076533E+04
    5.5500000000E+01   -4.4079780770E+04
    5.6500000000E+01   -4.4186598393E+04
    5.7500000000E+01   -4.4295665076E+04
    5.8500000000E+01   -4.4407121461E+04
    5.9500000000E+01   -4.4521112399E+04
    6.0500000000E+01   -4.4637785756E+04
    6.1500000000E+01   -4.4757290632E+04
    6.2500000000E+01   -4.4879774821E+04
    6.3500000000E+01   -4.5005381324E+04
    6.4500000000E+01   -4.5134243664E+04
    6.5500000000E+01   -4.5266480936E+04
    6.6500000000E+01   -4.5402201001E+04
    6.7500000000E+01   -4.5541509201E+04
    6.8500000000E+01   -4.5684512133E+04
    6.9500000000E+01   -4.5831312386E+04
    7.0500000000E+01   -4.5981961508E+04
    7.1500000000E+01   -4.6136386456E+04
    7.2500000000E+01   -4.6294339819E+04
    7.3500000000E+01   -4.6455513988E+04
    7.4500000000E+01   -4.6619854272E+04
    7.5500000000E+01   -4.6787594693E+04
    7.6500000000E+01   -4.6959104356E+04
    7.7500000000E+01   -4.7134898382E+04
    7.8500000000E+01   -4.7315681082E+04
    7.9500000000E+01   -4.7502402470E+04
    8.0500000000E+01   -4.7696198218E+04
    8.1500000000E+01   -4.7898160779E+04
    8.2500000000E+01   -4.8109111035E+04
    8.3500000000E+01   -4.8329379958E+04
    8.4500000000E+01   -4.8558520464E+04
    8.5500000000E+01   -4.8795187967E+04
    8.6500000000E+01   -4.9037667223E+04
    8.7500000000E+01   -4.9284594584E+04
    8.8500000000E+01   -4.9535480229E+04
    8.9500000000E+01   -4.9791109446E+04
    9.0500000000E+01   -5.0053714504E+04
    9.1500000000E+01   -5.0327278489E+04
    9.2500000000E+01   -5.0618151360E+04
    9.3500000000E+01   -5.0934975651E+04
    9.4500000000E+01   -5.1287896151E+04
    9.5500000000E+01   -5.1687715756E+04
    9.6500000000E+01   -5.2149439369E+04
    9.7500000000E+01   -5.2702133184E+04
    9.8500000000E+01   -5.3404615967E+04
    9.9500000000E+01   -5.4392000000E+04
