 # iter=         30  time[s]=   1.199395E-05  x[nm]  mu[J/mol]
    5.0000000000E-01   -3.9748000000E+04
    1.5000000000E+00   -3.9816288365E+04
    2.5000000000E+00   -3.9885052190E+04
    3.5000000000E+00   -3.9954297117E+04
    4.5000000000E+00   -4.0024025163E+04
    5.5000000000E+00   -4.0094234438E+04
    6.5000000000E+00   -4.0164919500E+04
    7.5000000000E+00   -4.0236074442E+04
    8.5000000000E+00   -4.0307696244E+04
    9.5000000000E+00   -4.0379785715E+04
    1.0500000000E+01   -4.0452347802E+04
    1.1500000000E+01   -4.0525391661E+04
    1.2500000000E+01   -4.0598928997E+04
    1.3500000000E+01   -4.0672971748E+04
    1.4500000000E+01   -4.0747531283E+04
    1.5500000000E+01   -4.0822618351E+04
    1.6500000000E+01   -4.0898243202E+04
    1.7500000000E+01   -4.0974415837E+04
    1.8500000000E+01   -4.1051146211E+04
    1.9500000000E+01   -4.1128444229E+04
    2.0500000000E+01   -4.1206319712E+04
    2.1500000000E+01   -4.1284782355E+04
    2.2500000000E+01   -4.1363841685E+04
    2.3500000000E+01   -4.1443507000E+04
    2.4500000000E+01   -4.1523787317E+04
    2.5500000000E+01   -4.1604691293E+04
    2.6500000000E+01   -4.1686227153E+04
    2.7500000000E+01   -4.1768402602E+04
    2.8500000000E+01   -4.1851224823E+04
    2.9500000000E+01   -4.1934701270E+04
    3.0500000000E+01   -4.2018840912E+04
    3.1500000000E+01   -4.2103654690E+04
    3.2500000000E+01   -4.2189155716E+04
    3.3500000000E+01   -4.2275359495E+04
    3.4500000000E+01   -4.2362284160E+04
    3.5500000000E+01   -4.2449950738E+04
    3.6500000000E+01   -4.2538383445E+04
    3.7500000000E+01   -4.2627610031E+04
    3.8500000000E+01   -4.2717662005E+04
    3.9500000000E+01   -4.2808575035E+04
    4.0500000000E+01   -4.2900389406E+04
    4.1500000000E+01   -4.2993150541E+04
    4.2500000000E+01   -4.3086909614E+04
    4.3500000000E+01   -4.3181724263E+04
    4.4500000000E+01   -4.3277659425E+04
    4.5500000000E+01   -4.3374788336E+04
    4.6500000000E+01   -4.3473193715E+04
    4.7500000000E+01   -4.3572968374E+04
    4.8500000000E+01   -4.3674212800E+04
    4.9500000000E+01   -4.3777032080E+04
    5.0500000000E+01   -4.3881535280E+04
    5.1500000000E+01   -4.3987835489E+04
    5.2500000000E+01   -4.4096049736E+04
    5.3500000000E+01   -4.4206298745E+04
    5.4500000000E+01   -4.4318706455E+04
    5.5500000000E+01   -4.4433399245E+04
    5.6500000000E+01   -4.4550504776E+04
    5.7500000000E+01   -4.4670150332E+04
    5.8500000000E+01   -4.4792460533E+04
    5.9500000000E+01   -4.4917554273E+04
    6.0500000000E+01   -4.5045540698E+04
    6.1500000000E+01   -4.5176514068E+04
    6.2500000000E+01   -4.5310550683E+04
    6.3500000000E+01   -4.5447710581E+04
    6.4500000000E+01   -4.5588041270E+04
    6.5500000000E+01   -4.5731576994E+04
    6.6500000000E+01   -4.5878321464E+04
    6.7500000000E+01   -4.6028199331E+04
    6.8500000000E+01   -4.6180999494E+04
    6.9500000000E+01   -4.6336355695E+04
    7.0500000000E+01   -4.6493941246E+04
    7.1500000000E+01   -4.6653714542E+04
    7.2500000000E+01   -4.6815845234E+04
    7.3500000000E+01   -4.6980597541E+04
    7.4500000000E+01   -4.7148344116E+04
    7.5500000000E+01   -4.7319591984E+04
    7.6500000000E+01   -4.7495014396E+04
    7.7500000000E+01   -4.7675390684E+04
    7.8500000000E+01   -4.7861435473E+04
    7.9500000000E+01   -4.8053646761E+04
    8.0500000000E+01   -4.8252189969E+04
    8.1500000000E+01   -4.8456755275E+04
    8.2500000000E+01   -4.8666438708E+04
    8.3500000000E+01   -4.8879945488E+04
    8.4500000000E+01   -4.9096056298E+04
    8.5500000000E+01   -4.9313947164E+04
    8.6500000000E+01   -4.9533429873E+04
    8.7500000000E+01   -4.9755104145E+04
    8.8500000000E+01   -4.9980367249E+04
    8.9500000000E+01   -5.0211489759E+04
    9.0500000000E+01   -5.0451880744E+04
    9.1500000000E+01   -5.0706218627E+04
    9.2500000000E+01   -5.0980128222E+04
    9.3500000000E+01   -5.1279783304E+04
    9.4500000000E+01   -5.1611469720E+04
    9.5500000000E+01   -5.1983025620E+04
    9.6500000000E+01   -5.2408427689E+04
    9.7500000000E+01   -5.2912607508E+04
    9.8500000000E+01   -5.3541388719E+04
    9.9500000000E+01   -5.4392000000E+04
