 # iter=         50  time[s]=   2.199395E-05  x[nm]  mu[J/mol]
    5.0000000000E-01   -3.9748000000E+04
    1.5000000000E+00   -3.9811369689E+04
    2.5000000000E+00   -3.9875151185E+04
    3.5000000000E+00   -3.9939351900E+04
    4.5000000000E+00   -4.0003976591E+04
    5.5000000000E+00   -4.0069027125E+04
    6.5000000000E+00   -4.0134502343E+04
    7.5000000000E+00   -4.0200399576E+04
    8.5000000000E+00   -4.0266717430E+04
    9.5000000000E+00   -4.0333457197E+04
    1.0500000000E+01   -4.0400623107E+04
    1.1500000000E+01   -4.0468222569E+04
    1.2500000000E+01   -4.0536266050E+04
    1.3500000000E+01   -4.0604765532E+04
    1.4500000000E+01   -4.0673732856E+04
    1.5500000000E+01   -4.0743179366E+04
    1.6500000000E+01   -4.0813115852E+04
    1.7500000000E+01   -4.0883552605E+04
    1.8500000000E+01   -4.0954499683E+04
    1.9500000000E+01   -4.1025967131E+04
    2.0500000000E+01   -4.1097964999E+04
    2.1500000000E+01   -4.1170503344E+04
    2.2500000000E+01   -4.1243592218E+04
    2.3500000000E+01   -4.1317241658E+04
    2.4500000000E+01   -4.1391461673E+04
    2.5500000000E+01   -4.1466262232E+04
    2.6500000000E+01   -4.1541653235E+04
    2.7500000000E+01   -4.1617644500E+04
    2.8500000000E+01   -4.1694245728E+04
    2.9500000000E+01   -4.1771466479E+04
    3.0500000000E+01   -4.1849316217E+04
    3.1500000000E+01   -4.1927804898E+04
    3.2500000000E+01   -4.2006943794E+04
    3.3500000000E+01   -4.2086745828E+04
    3.4500000000E+01   -4.2167225735E+04
    3.5500000000E+01   -4.2248400241E+04
    3.6500000000E+01   -4.2330288248E+04
    3.7500000000E+01   -4.2412911053E+04
    3.8500000000E+01   -4.2496292583E+04
    3.9500000000E+01   -4.2580459672E+04
    4.0500000000E+01   -4.2665442410E+04
    4.1500000000E+01   -4.2751274524E+04
    4.2500000000E+01   -4.2837993801E+04
    4.3500000000E+01   -4.2925642545E+04
    4.4500000000E+01   -4.3014268123E+04
    4.5500000000E+01   -4.3103923578E+04
    4.6500000000E+01   -4.3194668366E+04
    4.7500000000E+01   -4.3286569206E+04
    4.8500000000E+01   -4.3379701096E+04
    4.9500000000E+01   -4.3474148525E+04
    5.0500000000E+01   -4.3570006200E+04
    5.1500000000E+01   -4.3667377007E+04
    5.2500000000E+01   -4.3766369375E+04
    5.3500000000E+01   -4.3867096946E+04
    5.4500000000E+01   -4.3969678796E+04
    5.5500000000E+01   -4.4074239583E+04
    5.6500000000E+01   -4.4180909562E+04
    5.7500000000E+01   -4.4289824428E+04
    5.8500000000E+01   -4.4401124912E+04
    5.9500000000E+01   -4.4514956059E+04
    6.0500000000E+01   -4.4631466054E+04
    6.1500000000E+01   -4.4750804483E+04
    6.2500000000E+01   -4.4873119846E+04
    6.3500000000E+01   -4.4998556120E+04
    6.4500000000E+01   -4.5127248145E+04
    6.5500000000E+01   -4.5259316525E+04
    6.6500000000E+01   -4.5394870308E+04
    6.7500000000E+01   -4.5534015782E+04
    6.8500000000E+01   -4.5676860684E+04
    6.9500000000E+01   -4.5823510044E+04
    7.0500000000E+01   -4.5974021541E+04
    7.1500000000E+01   -4.6128331760E+04
    7.2500000000E+01   -4.6286203807E+04
    7.3500000000E+01   -4.6447325516E+04
    7.4500000000E+01   -4.6611626196E+04
    7.5500000000E+01   -4.6779332058E+04
    7.6500000000E+01   -4.6950808238E+04
    7.7500000000E+01   -4.7126565031E+04
    7.8500000000E+01   -4.7307300690E+04
    7.9500000000E+01   -4.7493958998E+04
    8.0500000000E+01   -4.7687678323E+04
    8.1500000000E+01   -4.7889566100E+04
    8.2500000000E+01   -4.8100465655E+04
    8.3500000000E+01   -4.8320738261E+04
    8.4500000000E+01   -4.8549973864E+04
    8.5500000000E+01   -4.8786850876E+04
    8.6500000000E+01   -4.9029645499E+04
    8.7500000000E+01   -4.9276965512E+04
    8.8500000000E+01   -4.9528282992E+04
    8.9500000000E+01   -4.9784346771E+04
    9.0500000000E+01   -5.0047362310E+04
    9.1500000000E+01   -5.0321290683E+04
    9.2500000000E+01   -5.0612473094E+04
    9.3500000000E+01   -5.0929577579E+04
    9.4500000000E+01   -5.1282811938E+04
    9.5500000000E+01   -5.1683052650E+04
    9.6500000000E+01   -5.2145336110E+04
    9.7500000000E+01   -5.2698779386E+04
    9.8500000000E+01   -5.3402411971E+04
    9.9500000000E+01   -5.4392000000E+04
