 # iter=         15  time[s]=   4.493954E-06  x[nm]  mu[J/mol]
    5.0000000000E-01   -3.9748000000E+04
    1.5000000000E+00   -3.9831897851E+04
    2.5000000000E+00   -3.9916508174E+04
    3.5000000000E+00   -4.0001833041E+04
    4.5000000000E+00   -4.0087866062E+04
    5.5000000000E+00   -4.0174592922E+04
    6.5000000000E+00   -4.0261997950E+04
    7.5000000000E+00   -4.0350071871E+04
    8.5000000000E+00   -4.0438814352E+04
    9.5000000000E+00   -4.0528234422E+04
    1.0500000000E+01   -4.0618347307E+04
    1.1500000000E+01   -4.0709169367E+04
    1.2500000000E+01   -4.0800715881E+04
    1.3500000000E+01   -4.0893001161E+04
    1.4500000000E+01   -4.0986038910E+04
    1.5500000000E+01   -4.1079842542E+04
    1.6500000000E+01   -4.1174425179E+04
    1.7500000000E+01   -4.1269799482E+04
    1.8500000000E+01   -4.1365977456E+04
    1.9500000000E+01   -4.1462970216E+04
    2.0500000000E+01   -4.1560787720E+04
    2.1500000000E+01   -4.1659438469E+04
    2.2500000000E+01   -4.1758929168E+04
    2.3500000000E+01   -4.1859264502E+04
    2.4500000000E+01   -4.1960448752E+04
    2.5500000000E+01   -4.2062488991E+04
    2.6500000000E+01   -4.2165396238E+04
    2.7500000000E+01   -4.2269185935E+04
    2.8500000000E+01   -4.2373878472E+04
    2.9500000000E+01   -4.2479499764E+04
    3.0500000000E+01   -4.2586081924E+04
    3.1500000000E+01   -4.2693663704E+04
    3.2500000000E+01   -4.2802290601E+04
    3.3500000000E+01   -4.2912015643E+04
    3.4500000000E+01   -4.3022900271E+04
    3.5500000000E+01   -4.3135015388E+04
    3.6500000000E+01   -4.3248442608E+04
    3.7500000000E+01   -4.3363275765E+04
    3.8500000000E+01   -4.3479622750E+04
    3.9500000000E+01   -4.3597605876E+04
    4.0500000000E+01   -4.3717357021E+04
    4.1500000000E+01   -4.3839011806E+04
    4.2500000000E+01   -4.3962707986E+04
    4.3500000000E+01   -4.4088584771E+04
    4.4500000000E+01   -4.4216781736E+04
    4.5500000000E+01   -4.4347437194E+04
    4.6500000000E+01   -4.4480685885E+04
    4.7500000000E+01   -4.4616655822E+04
    4.8500000000E+01   -4.4755464089E+04
    4.9500000000E+01   -4.4897211377E+04
    5.0500000000E+01   -4.5041975072E+04
    5.1500000000E+01   -4.5189800750E+04
    5.2500000000E+01   -4.5340698067E+04
    5.3500000000E+01   -4.5494629850E+04
    5.4500000000E+01   -4.5651506117E+04
    5.5500000000E+01   -4.5811171594E+04
    5.6500000000E+01   -4.5973357013E+04
    5.7500000000E+01   -4.6137635770E+04
    5.8500000000E+01   -4.6303385721E+04
    5.9500000000E+01   -4.6469974749E+04
    6.0500000000E+01   -4.6637100688E+04
    6.1500000000E+01   -4.6804746396E+04
    6.2500000000E+01   -4.6972979214E+04
    6.3500000000E+01   -4.7141938761E+04
    6.4500000000E+01   -4.7311842216E+04
    6.5500000000E+01   -4.7482988911E+04
    6.6500000000E+01   -4.7655687129E+04
    6.7500000000E+01   -4.7830120197E+04
    6.8500000000E+01   -4.8006246019E+04
    6.9500000000E+01   -4.8183767147E+04
    7.0500000000E+01   -4.8362113128E+04
    7.1500000000E+01   -4.8540446240E+04
    7.2500000000E+01   -4.8717750100E+04
    7.3500000000E+01   -4.8893056994E+04
    7.4500000000E+01   -4.9065640591E+04
    7.5500000000E+01   -4.9235050035E+04
    7.6500000000E+01   -4.9401134656E+04
    7.7500000000E+01   -4.9564043247E+04
    7.8500000000E+01   -4.9724158088E+04
    7.9500000000E+01   -4.9882031698E+04
    8.0500000000E+01   -5.0038349183E+04
    8.1500000000E+01   -5.0193914996E+04
    8.2500000000E+01   -5.0349663169E+04
    8.3500000000E+01   -5.0506660836E+04
    8.4500000000E+01   -5.0666024096E+04
    8.5500000000E+01   -5.0828832382E+04
    8.6500000000E+01   -5.0996125672E+04
    8.7500000000E+01   -5.1168899747E+04
    8.8500000000E+01   -5.1348065296E+04
    8.9500000000E+01   -5.1534446860E+04
    9.0500000000E+01   -5.1728976010E+04
    9.1500000000E+01   -5.1933002717E+04
    9.2500000000E+01   -5.2148546625E+04
    9.3500000000E+01   -5.2378328420E+04
    9.4500000000E+01   -5.2625845439E+04
    9.5500000000E+01   -5.2895808067E+04
    9.6500000000E+01   -5.3194835106E+04
    9.7500000000E+01   -5.3532593956E+04
    9.8500000000E+01   -5.3923833030E+04
    9.9500000000E+01   -5.4392000000E+04
