 # iter=          5  time[s]=   1.334207E-07  x[nm]  mu[J/mol]
    5.0000000000E-01   -3.9748000000E+04
    1.5000000000E+00   -3.9880646563E+04
    2.5000000000E+00   -4.0014889712E+04
    3.5000000000E+00   -4.0150536001E+04
    4.5000000000E+00   -4.0287375797E+04
    5.5000000000E+00   -4.0425230981E+04
    6.5000000000E+00   -4.0563982683E+04
    7.5000000000E+00   -4.0703554152E+04
    8.5000000000E+00   -4.0843890943E+04
    9.5000000000E+00   -4.0984953359E+04
    1.0500000000E+01   -4.1126707469E+04
    1.1500000000E+01   -4.1269120002E+04
    1.2500000000E+01   -4.1412153710E+04
    1.3500000000E+01   -4.1555762264E+04
    1.4500000000E+01   -4.1699885038E+04
    1.5500000000E+01   -4.1844442007E+04
    1.6500000000E+01   -4.1989335391E+04
    1.7500000000E+01   -4.2134477054E+04
    1.8500000000E+01   -4.2279799782E+04
    1.9500000000E+01   -4.2425259124E+04
    2.0500000000E+01   -4.2570834796E+04
    2.1500000000E+01   -4.2716530201E+04
    2.2500000000E+01   -4.2862361602E+04
    2.3500000000E+01   -4.3008356147E+04
    2.4500000000E+01   -4.3154551653E+04
    2.5500000000E+01   -4.3300996719E+04
    2.6500000000E+01   -4.3447751228E+04
    2.7500000000E+01   -4.3594885129E+04
    2.8500000000E+01   -4.3742469881E+04
    2.9500000000E+01   -4.3890572286E+04
    3.0500000000E+01   -4.4039249487E+04
    3.1500000000E+01   -4.4188549482E+04
    3.2500000000E+01   -4.4338511503E+04
    3.3500000000E+01   -4.4489166190E+04
    3.4500000000E+01   -4.4640535471E+04
    3.5500000000E+01   -4.4792632055E+04
    3.6500000000E+01   -4.4945458372E+04
    3.7500000000E+01   -4.5099004799E+04
    3.8500000000E+01   -4.5253247895E+04
    3.9500000000E+01   -4.5408143702E+04
    4.0500000000E+01   -4.5563572981E+04
    4.1500000000E+01   -4.5719345583E+04
    4.2500000000E+01   -4.5875191753E+04
    4.3500000000E+01   -4.6030790082E+04
    4.4500000000E+01   -4.6185768882E+04
    4.5500000000E+01   -4.6339707312E+04
    4.6500000000E+01   -4.6492331019E+04
    4.7500000000E+01   -4.6643676739E+04
    4.8500000000E+01   -4.6793936505E+04
    4.9500000000E+01   -4.6943324870E+04
    5.0500000000E+01   -4.7092072853E+04
    5.1500000000E+01   -4.7240429627E+04
    5.2500000000E+01   -4.7388668443E+04
    5.3500000000E+01   -4.7537083085E+04
    5.4500000000E+01   -4.7685937733E+04
    5.5500000000E+01   -4.7835412846E+04
    5.6500000000E+01   -4.7985593620E+04
    5.7500000000E+01   -4.8136473324E+04
    5.8500000000E+01   -4.8287952507E+04
    5.9500000000E+01   -4.8439833956E+04
    6.0500000000E+01   -4.8591816326E+04
    6.1500000000E+01   -4.8743538131E+04
    6.2500000000E+01   -4.8894666504E+04
    6.3500000000E+01   -4.9044947127E+04
    6.4500000000E+01   -4.9194192079E+04
    6.5500000000E+01   -4.9342290118E+04
    6.6500000000E+01   -4.9489224305E+04
    6.7500000000E+01   -4.9635057211E+04
    6.8500000000E+01   -4.9779908075E+04
    6.9500000000E+01   -4.9923938953E+04
    7.0500000000E+01   -5.0067349284E+04
    7.1500000000E+01   -5.0210377909E+04
    7.2500000000E+01   -5.0353311841E+04
    7.3500000000E+01   -5.0496477739E+04
    7.4500000000E+01   -5.0640166900E+04
    7.5500000000E+01   -5.0784568252E+04
    7.6500000000E+01   -5.0929769267E+04
    7.7500000000E+01   -5.1075766420E+04
    7.8500000000E+01   -5.1222469461E+04
    7.9500000000E+01   -5.1369701838E+04
    8.0500000000E+01   -5.1517245864E+04
    8.1500000000E+01   -5.1664906769E+04
    8.2500000000E+01   -5.1812570279E+04
    8.3500000000E+01   -5.1960201505E+04
    8.4500000000E+01   -5.2107826724E+04
    8.5500000000E+01   -5.2255473107E+04
    8.6500000000E+01   -5.2403157738E+04
    8.7500000000E+01   -5.2550885253E+04
    8.8500000000E+01   -5.2698662366E+04
    8.9500000000E+01   -5.2846501839E+04
    9.0500000000E+01   -5.2994430983E+04
    9.1500000000E+01   -5.3142507613E+04
    9.2500000000E+01   -5.3290848052E+04
    9.3500000000E+01   -5.3439673271E+04
    9.4500000000E+01   -5.3589379666E+04
    9.5500000000E+01   -5.3740639053E+04
    9.6500000000E+01   -5.3894527635E+04
    9.7500000000E+01   -5.4052676629E+04
    9.8500000000E+01   -5.4217430893E+04
    9.9500000000E+01   -5.4392000000E+04
