 # iter=         35  time[s]=   1.449395E-05  x[nm]  mu[J/mol]
    5.0000000000E-01   -3.9748000000E+04
    1.5000000000E+00   -3.9814100959E+04
    2.5000000000E+00   -3.9880648349E+04
    3.5000000000E+00   -3.9947648487E+04
    4.5000000000E+00   -4.0015104527E+04
    5.5000000000E+00   -4.0083016193E+04
    6.5000000000E+00   -4.0151379853E+04
    7.5000000000E+00   -4.0220190870E+04
    8.5000000000E+00   -4.0289446762E+04
    9.5000000000E+00   -4.0359148345E+04
    1.0500000000E+01   -4.0429300002E+04
    1.1500000000E+01   -4.0499909919E+04
    1.2500000000E+01   -4.0570989207E+04
    1.3500000000E+01   -4.0642549784E+04
    1.4500000000E+01   -4.0714603112E+04
    1.5500000000E+01   -4.0787160096E+04
    1.6500000000E+01   -4.0860231071E+04
    1.7500000000E+01   -4.0933826024E+04
    1.8500000000E+01   -4.1007954851E+04
    1.9500000000E+01   -4.1082627432E+04
    2.0500000000E+01   -4.1157853614E+04
    2.1500000000E+01   -4.1233643188E+04
    2.2500000000E+01   -4.1310005863E+04
    2.3500000000E+01   -4.1386951232E+04
    2.4500000000E+01   -4.1464488733E+04
    2.5500000000E+01   -4.1542627609E+04
    2.6500000000E+01   -4.1621376855E+04
    2.7500000000E+01   -4.1700745167E+04
    2.8500000000E+01   -4.1780740875E+04
    2.9500000000E+01   -4.1861372020E+04
    3.0500000000E+01   -4.1942647160E+04
    3.1500000000E+01   -4.2024576367E+04
    3.2500000000E+01   -4.2107171549E+04
    3.3500000000E+01   -4.2190446637E+04
    3.4500000000E+01   -4.2274417779E+04
    3.5500000000E+01   -4.2359103558E+04
    3.6500000000E+01   -4.2444525239E+04
    3.7500000000E+01   -4.2530707032E+04
    3.8500000000E+01   -4.2617676423E+04
    3.9500000000E+01   -4.2705464447E+04
    4.0500000000E+01   -4.2794106080E+04
    4.1500000000E+01   -4.2883640679E+04
    4.2500000000E+01   -4.2974112476E+04
    4.3500000000E+01   -4.3065571160E+04
    4.4500000000E+01   -4.3158072556E+04
    4.5500000000E+01   -4.3251679411E+04
    4.6500000000E+01   -4.3346462337E+04
    4.7500000000E+01   -4.3442500924E+04
    4.8500000000E+01   -4.3539884843E+04
    4.9500000000E+01   -4.3638712505E+04
    5.0500000000E+01   -4.3739088035E+04
    5.1500000000E+01   -4.3841119985E+04
    5.2500000000E+01   -4.3944921470E+04
    5.3500000000E+01   -4.4050610225E+04
    5.4500000000E+01   -4.4158308532E+04
    5.5500000000E+01   -4.4268142962E+04
    5.6500000000E+01   -4.4380243875E+04
    5.7500000000E+01   -4.4494744602E+04
    5.8500000000E+01   -4.4611780191E+04
    5.9500000000E+01   -4.4731485622E+04
    6.0500000000E+01   -4.4853993310E+04
    6.1500000000E+01   -4.4979429752E+04
    6.2500000000E+01   -4.5107911100E+04
    6.3500000000E+01   -4.5239537952E+04
    6.4500000000E+01   -4.5374396008E+04
    6.5500000000E+01   -4.5512560947E+04
    6.6500000000E+01   -4.5654102109E+04
    6.7500000000E+01   -4.5799079287E+04
    6.8500000000E+01   -4.5947507688E+04
    6.9500000000E+01   -4.6099296400E+04
    7.0500000000E+01   -4.6254197823E+04
    7.1500000000E+01   -4.6411853148E+04
    7.2500000000E+01   -4.6572087842E+04
    7.3500000000E+01   -4.6735027137E+04
    7.4500000000E+01   -4.6900935749E+04
    7.5500000000E+01   -4.7070191086E+04
    7.6500000000E+01   -4.7243311437E+04
    7.7500000000E+01   -4.7420996493E+04
    7.8500000000E+01   -4.7604131532E+04
    7.9500000000E+01   -4.7793637423E+04
    8.0500000000E+01   -4.7990265358E+04
    8.1500000000E+01   -4.8194448739E+04
    8.2500000000E+01   -4.8406123717E+04
    8.3500000000E+01   -4.8624531464E+04
    8.4500000000E+01   -4.8848312081E+04
    8.5500000000E+01   -4.9076034040E+04
    8.6500000000E+01   -4.9306671176E+04
    8.7500000000E+01   -4.9539940840E+04
    8.8500000000E+01   -4.9776545896E+04
    8.9500000000E+01   -5.0018238279E+04
    9.0500000000E+01   -5.0267978018E+04
    9.1500000000E+01   -5.0530349490E+04
    9.2500000000E+01   -5.0811610265E+04
    9.3500000000E+01   -5.1119206919E+04
    9.4500000000E+01   -5.1461118536E+04
    9.5500000000E+01   -5.1846127296E+04
    9.6500000000E+01   -5.2288562699E+04
    9.7500000000E+01   -5.2815503471E+04
    9.8500000000E+01   -5.3478673499E+04
    9.9500000000E+01   -5.4392000000E+04
