 # iter=         39  time[s]=   1.649395E-05  x[nm]  mu[J/mol]
    5.0000000000E-01   -3.9748000000E+04
    1.5000000000E+00   -3.9812945320E+04
    2.5000000000E+00   -3.9878322197E+04
    3.5000000000E+00   -3.9944137372E+04
    4.5000000000E+00   -4.0010394647E+04
    5.5000000000E+00   -4.0077094633E+04
    6.5000000000E+00   -4.0144234710E+04
    7.5000000000E+00   -4.0211811021E+04
    8.5000000000E+00   -4.0279821484E+04
    9.5000000000E+00   -4.0348267051E+04
    1.0500000000E+01   -4.0417151966E+04
    1.1500000000E+01   -4.0486484014E+04
    1.2500000000E+01   -4.0556274014E+04
    1.3500000000E+01   -4.0626533900E+04
    1.4500000000E+01   -4.0697275258E+04
    1.5500000000E+01   -4.0768509141E+04
    1.6500000000E+01   -4.0840246029E+04
    1.7500000000E+01   -4.0912495990E+04
    1.8500000000E+01   -4.0985268952E+04
    1.9500000000E+01   -4.1058574833E+04
    2.0500000000E+01   -4.1132423542E+04
    2.1500000000E+01   -4.1206824959E+04
    2.2500000000E+01   -4.1281788921E+04
    2.3500000000E+01   -4.1357325194E+04
    2.4500000000E+01   -4.1433443450E+04
    2.5500000000E+01   -4.1510153234E+04
    2.6500000000E+01   -4.1587463931E+04
    2.7500000000E+01   -4.1665384721E+04
    2.8500000000E+01   -4.1743924533E+04
    2.9500000000E+01   -4.1823092019E+04
    3.0500000000E+01   -4.1902895946E+04
    3.1500000000E+01   -4.1983346172E+04
    3.2500000000E+01   -4.2064454225E+04
    3.3500000000E+01   -4.2146233486E+04
    3.4500000000E+01   -4.2228699373E+04
    3.5500000000E+01   -4.2311869533E+04
    3.6500000000E+01   -4.2395764065E+04
    3.7500000000E+01   -4.2480405762E+04
    3.8500000000E+01   -4.2565820391E+04
    3.9500000000E+01   -4.2652037012E+04
    4.0500000000E+01   -4.2739088321E+04
    4.1500000000E+01   -4.2827011053E+04
    4.2500000000E+01   -4.2915846445E+04
    4.3500000000E+01   -4.3005640758E+04
    4.4500000000E+01   -4.3096445887E+04
    4.5500000000E+01   -4.3188320072E+04
    4.6500000000E+01   -4.3281328736E+04
    4.7500000000E+01   -4.3375545478E+04
    4.8500000000E+01   -4.3471053253E+04
    4.9500000000E+01   -4.3567945113E+04
    5.0500000000E+01   -4.3666322122E+04
    5.1500000000E+01   -4.3766290591E+04
    5.2500000000E+01   -4.3867961581E+04
    5.3500000000E+01   -4.3971451082E+04
    5.4500000000E+01   -4.4076880089E+04
    5.5500000000E+01   -4.4184374537E+04
    5.6500000000E+01   -4.4294065060E+04
    5.7500000000E+01   -4.4406086488E+04
    5.8500000000E+01   -4.4520577010E+04
    5.9500000000E+01   -4.4637676895E+04
    6.0500000000E+01   -4.4757526632E+04
    6.1500000000E+01   -4.4880264333E+04
    6.2500000000E+01   -4.5006022213E+04
    6.3500000000E+01   -4.5134921934E+04
    6.4500000000E+01   -4.5267069781E+04
    6.5500000000E+01   -4.5402559260E+04
    6.6500000000E+01   -4.5541477850E+04
    6.7500000000E+01   -4.5683909895E+04
    6.8500000000E+01   -4.5829930673E+04
    6.9500000000E+01   -4.5979561838E+04
    7.0500000000E+01   -4.6132704115E+04
    7.1500000000E+01   -4.6289091382E+04
    7.2500000000E+01   -4.6448394615E+04
    7.3500000000E+01   -4.6610525960E+04
    7.4500000000E+01   -4.6775679333E+04
    7.5500000000E+01   -4.6944174298E+04
    7.6500000000E+01   -4.7116459149E+04
    7.7500000000E+01   -4.7293146145E+04
    7.8500000000E+01   -4.7475060096E+04
    7.9500000000E+01   -4.7663202295E+04
    8.0500000000E+01   -4.7858555714E+04
    8.1500000000E+01   -4.8061876522E+04
    8.2500000000E+01   -4.8273520779E+04
    8.3500000000E+01   -4.8493218118E+04
    8.4500000000E+01   -4.8719893277E+04
    8.5500000000E+01   -4.8951991317E+04
    8.6500000000E+01   -4.9188115355E+04
    8.7500000000E+01   -4.9427486323E+04
    8.8500000000E+01   -4.9670315145E+04
    8.9500000000E+01   -4.9917985979E+04
    9.0500000000E+01   -5.0173173412E+04
    9.1500000000E+01   -5.0440239513E+04
    9.2500000000E+01   -5.0725572964E+04
    9.3500000000E+01   -5.1037216223E+04
    9.4500000000E+01   -5.1384107222E+04
    9.5500000000E+01   -5.1775806843E+04
    9.6500000000E+01   -5.2226866327E+04
    9.7500000000E+01   -5.2765311613E+04
    9.8500000000E+01   -5.3445994512E+04
    9.9500000000E+01   -5.4392000000E+04
