 # iter=         65  time[s]=   2.949395E-05  x[nm]  mu[J/mol]
    5.0000000000E-01   -3.9748000000E+04
    1.5000000000E+00   -3.9810798699E+04
    2.5000000000E+00   -3.9874002202E+04
    3.5000000000E+00   -3.9937618194E+04
    4.5000000000E+00   -4.0001651802E+04
    5.5000000000E+00   -4.0066105367E+04
    6.5000000000E+00   -4.0130978284E+04
    7.5000000000E+00   -4.0196268349E+04
    8.5000000000E+00   -4.0261974464E+04
    9.5000000000E+00   -4.0328098087E+04
    1.0500000000E+01   -4.0394643497E+04
    1.1500000000E+01   -4.0461618023E+04
    1.2500000000E+01   -4.0529032021E+04
    1.3500000000E+01   -4.0596897495E+04
    1.4500000000E+01   -4.0665226409E+04
    1.5500000000E+01   -4.0734030238E+04
    1.6500000000E+01   -4.0803319916E+04
    1.7500000000E+01   -4.0873105851E+04
    1.8500000000E+01   -4.0943398179E+04
    1.9500000000E+01   -4.1014207009E+04
    2.0500000000E+01   -4.1085542467E+04
    2.1500000000E+01   -4.1157414686E+04
    2.2500000000E+01   -4.1229833812E+04
    2.3500000000E+01   -4.1302809991E+04
    2.4500000000E+01   -4.1376353364E+04
    2.5500000000E+01   -4.1450474052E+04
    2.6500000000E+01   -4.1525182148E+04
    2.7500000000E+01   -4.1600487692E+04
    2.8500000000E+01   -4.1676400656E+04
    2.9500000000E+01   -4.1752930919E+04
    3.0500000000E+01   -4.1830088272E+04
    3.1500000000E+01   -4.1907882839E+04
    3.2500000000E+01   -4.1986325874E+04
    3.3500000000E+01   -4.2065430210E+04
    3.4500000000E+01   -4.2145210423E+04
    3.5500000000E+01   -4.2225682995E+04
    3.6500000000E+01   -4.2306866499E+04
    3.7500000000E+01   -4.2388781803E+04
    3.8500000000E+01   -4.2471452298E+04
    3.9500000000E+01   -4.2554904152E+04
    4.0500000000E+01   -4.2639166645E+04
    4.1500000000E+01   -4.2724272559E+04
    4.2500000000E+01   -4.2810258589E+04
    4.3500000000E+01   -4.2897165793E+04
    4.4500000000E+01   -4.2985040101E+04
    4.5500000000E+01   -4.3073932913E+04
    4.6500000000E+01   -4.3163901798E+04
    4.7500000000E+01   -4.3255011300E+04
    4.8500000000E+01   -4.3347333912E+04
    4.9500000000E+01   -4.3440951212E+04
    5.0500000000E+01   -4.3535955052E+04
    5.1500000000E+01   -4.3632446529E+04
    5.2500000000E+01   -4.3730533162E+04
    5.3500000000E+01   -4.3830327775E+04
    5.4500000000E+01   -4.3931948745E+04
    5.5500000000E+01   -4.4035520205E+04
    5.6500000000E+01   -4.4141172134E+04
    5.7500000000E+01   -4.4249040305E+04
    5.8500000000E+01   -4.4359266008E+04
    5.9500000000E+01   -4.4471995489E+04
    6.0500000000E+01   -4.4587378994E+04
    6.1500000000E+01   -4.4705569283E+04
    6.2500000000E+01   -4.4826719468E+04
    6.3500000000E+01   -4.4950979964E+04
    6.4500000000E+01   -4.5078494331E+04
    6.5500000000E+01   -4.5209393862E+04
    6.6500000000E+01   -4.5343796415E+04
    6.7500000000E+01   -4.5481814768E+04
    6.8500000000E+01   -4.5623564080E+04
    6.9500000000E+01   -4.5769162544E+04
    7.0500000000E+01   -4.5918704869E+04
    7.1500000000E+01   -4.6072191543E+04
    7.2500000000E+01   -4.6229461726E+04
    7.3500000000E+01   -4.6390200851E+04
    7.4500000000E+01   -4.6554233501E+04
    7.5500000000E+01   -4.6721711971E+04
    7.6500000000E+01   -4.6892974171E+04
    7.7500000000E+01   -4.7068497457E+04
    7.8500000000E+01   -4.7248938972E+04
    7.9500000000E+01   -4.7435194606E+04
    8.0500000000E+01   -4.7628407270E+04
    8.1500000000E+01   -4.7829776715E+04
    8.2500000000E+01   -4.8040296728E+04
    8.3500000000E+01   -4.8260534439E+04
    8.4500000000E+01   -4.8490338265E+04
    8.5500000000E+01   -4.8728579010E+04
    8.6500000000E+01   -4.8973506266E+04
    8.7500000000E+01   -4.9223536565E+04
    8.8500000000E+01   -4.9477875864E+04
    8.9500000000E+01   -4.9737006446E+04
    9.0500000000E+01   -5.0002935392E+04
    9.1500000000E+01   -5.0279464825E+04
    9.2500000000E+01   -5.0572856877E+04
    9.3500000000E+01   -5.0891938606E+04
    9.4500000000E+01   -5.1247352811E+04
    9.5500000000E+01   -5.1650508984E+04
    9.6500000000E+01   -5.2116685820E+04
    9.7500000000E+01   -5.2675346783E+04
    9.8500000000E+01   -5.3386992369E+04
    9.9500000000E+01   -5.4392000000E+04
