 # iter=         12  time[s]=   3.020137E-06  x[nm]  mu[J/mol]
    5.0000000000E-01   -3.9748000000E+04
    1.5000000000E+00   -3.9838332066E+04
    2.5000000000E+00   -3.9929487204E+04
    3.5000000000E+00   -4.0021464182E+04
    4.5000000000E+00   -4.0114250337E+04
    5.5000000000E+00   -4.0207824318E+04
    6.5000000000E+00   -4.0302166392E+04
    7.5000000000E+00   -4.0397267302E+04
    8.5000000000E+00   -4.0493130229E+04
    9.5000000000E+00   -4.0589769037E+04
    1.0500000000E+01   -4.0687201852E+04
    1.1500000000E+01   -4.0785445980E+04
    1.2500000000E+01   -4.0884517499E+04
    1.3500000000E+01   -4.0984431759E+04
    1.4500000000E+01   -4.1085203627E+04
    1.5500000000E+01   -4.1186847546E+04
    1.6500000000E+01   -4.1289377262E+04
    1.7500000000E+01   -4.1392805501E+04
    1.8500000000E+01   -4.1497143589E+04
    1.9500000000E+01   -4.1602401020E+04
    2.0500000000E+01   -4.1708584967E+04
    2.1500000000E+01   -4.1815699743E+04
    2.2500000000E+01   -4.1923747332E+04
    2.3500000000E+01   -4.2032731568E+04
    2.4500000000E+01   -4.2142661035E+04
    2.5500000000E+01   -4.2253549866E+04
    2.6500000000E+01   -4.2365418434E+04
    2.7500000000E+01   -4.2478294132E+04
    2.8500000000E+01   -4.2592212262E+04
    2.9500000000E+01   -4.2707216545E+04
    3.0500000000E+01   -4.2823359108E+04
    3.1500000000E+01   -4.2940701473E+04
    3.2500000000E+01   -4.3059315693E+04
    3.3500000000E+01   -4.3179285713E+04
    3.4500000000E+01   -4.3300709015E+04
    3.5500000000E+01   -4.3423698630E+04
    3.6500000000E+01   -4.3548385188E+04
    3.7500000000E+01   -4.3674913268E+04
    3.8500000000E+01   -4.3803434026E+04
    3.9500000000E+01   -4.3934100266E+04
    4.0500000000E+01   -4.4067065442E+04
    4.1500000000E+01   -4.4202482237E+04
    4.2500000000E+01   -4.4340500442E+04
    4.3500000000E+01   -4.4481263959E+04
    4.4500000000E+01   -4.4624906694E+04
    4.5500000000E+01   -4.4771547103E+04
    4.6500000000E+01   -4.4921281138E+04
    4.7500000000E+01   -4.5074173359E+04
    4.8500000000E+01   -4.5230246462E+04
    4.9500000000E+01   -4.5389477613E+04
    5.0500000000E+01   -4.5551777338E+04
    5.1500000000E+01   -4.5716982132E+04
    5.2500000000E+01   -4.5884821212E+04
    5.3500000000E+01   -4.6054867726E+04
    5.4500000000E+01   -4.6226487857E+04
    5.5500000000E+01   -4.6398888622E+04
    5.6500000000E+01   -4.6571517789E+04
    5.7500000000E+01   -4.6744230947E+04
    5.8500000000E+01   -4.6917041620E+04
    5.9500000000E+01   -4.7090037136E+04
    6.0500000000E+01   -4.7263380226E+04
    6.1500000000E+01   -4.7437312364E+04
    6.2500000000E+01   -4.7612103091E+04
    6.3500000000E+01   -4.7787918527E+04
    6.4500000000E+01   -4.7964699243E+04
    6.5500000000E+01   -4.8142130854E+04
    6.6500000000E+01   -4.8319637669E+04
    6.7500000000E+01   -4.8496399124E+04
    6.8500000000E+01   -4.8671419483E+04
    6.9500000000E+01   -4.8843733660E+04
    7.0500000000E+01   -4.9012600960E+04
    7.1500000000E+01   -4.9177554434E+04
    7.2500000000E+01   -4.9338399895E+04
    7.3500000000E+01   -4.9495216775E+04
    7.4500000000E+01   -4.9648301673E+04
    7.5500000000E+01   -4.9798097282E+04
    7.6500000000E+01   -4.9945144182E+04
    7.7500000000E+01   -5.0090053696E+04
    7.8500000000E+01   -5.0233498111E+04
    7.9500000000E+01   -5.0376215505E+04
    8.0500000000E+01   -5.0518993546E+04
    8.1500000000E+01   -5.0662600365E+04
    8.2500000000E+01   -5.0807735376E+04
    8.3500000000E+01   -5.0955038292E+04
    8.4500000000E+01   -5.1105093916E+04
    8.5500000000E+01   -5.1258422770E+04
    8.6500000000E+01   -5.1415462416E+04
    8.7500000000E+01   -5.1576626830E+04
    8.8500000000E+01   -5.1742431560E+04
    8.9500000000E+01   -5.1913615615E+04
    9.0500000000E+01   -5.2091232758E+04
    9.1500000000E+01   -5.2276633675E+04
    9.2500000000E+01   -5.2471461334E+04
    9.3500000000E+01   -5.2677752707E+04
    9.4500000000E+01   -5.2898139494E+04
    9.5500000000E+01   -5.3136097155E+04
    9.6500000000E+01   -5.3396331532E+04
    9.7500000000E+01   -5.3685394769E+04
    9.8500000000E+01   -5.4012681280E+04
    9.9500000000E+01   -5.4392000000E+04
