 # iter=          9  time[s]=   1.601959E-06  x[nm]  mu[J/mol]
    5.0000000000E-01   -3.9748000000E+04
    1.5000000000E+00   -3.9848341053E+04
    2.5000000000E+00   -3.9949687387E+04
    3.5000000000E+00   -4.0052025446E+04
    4.5000000000E+00   -4.0155324909E+04
    5.5000000000E+00   -4.0259548103E+04
    6.5000000000E+00   -4.0364666462E+04
    7.5000000000E+00   -4.0470669569E+04
    8.5000000000E+00   -4.0577564535E+04
    9.5000000000E+00   -4.0685367501E+04
    1.0500000000E+01   -4.0794094910E+04
    1.1500000000E+01   -4.0903762087E+04
    1.2500000000E+01   -4.1014383690E+04
    1.3500000000E+01   -4.1125973678E+04
    1.4500000000E+01   -4.1238545139E+04
    1.5500000000E+01   -4.1352109676E+04
    1.6500000000E+01   -4.1466676687E+04
    1.7500000000E+01   -4.1582252543E+04
    1.8500000000E+01   -4.1698839661E+04
    1.9500000000E+01   -4.1816435477E+04
    2.0500000000E+01   -4.1935032925E+04
    2.1500000000E+01   -4.2054627107E+04
    2.2500000000E+01   -4.2175219939E+04
    2.3500000000E+01   -4.2296821381E+04
    2.4500000000E+01   -4.2419450487E+04
    2.5500000000E+01   -4.2543136576E+04
    2.6500000000E+01   -4.2667920437E+04
    2.7500000000E+01   -4.2793853446E+04
    2.8500000000E+01   -4.2920998190E+04
    2.9500000000E+01   -4.3049429734E+04
    3.0500000000E+01   -4.3179237149E+04
    3.1500000000E+01   -4.3310525394E+04
    3.2500000000E+01   -4.3443417641E+04
    3.3500000000E+01   -4.3578056915E+04
    3.4500000000E+01   -4.3714599436E+04
    3.5500000000E+01   -4.3853205119E+04
    3.6500000000E+01   -4.3994032203E+04
    3.7500000000E+01   -4.4137235610E+04
    3.8500000000E+01   -4.4282964531E+04
    3.9500000000E+01   -4.4431359012E+04
    4.0500000000E+01   -4.4582545299E+04
    4.1500000000E+01   -4.4736629703E+04
    4.2500000000E+01   -4.4893690729E+04
    4.3500000000E+01   -4.5053769282E+04
    4.4500000000E+01   -4.5216857099E+04
    4.5500000000E+01   -4.5382892643E+04
    4.6500000000E+01   -4.5551727259E+04
    4.7500000000E+01   -4.5723111741E+04
    4.8500000000E+01   -4.5896657170E+04
    4.9500000000E+01   -4.6071801103E+04
    5.0500000000E+01   -4.6247771335E+04
    5.1500000000E+01   -4.6423689368E+04
    5.2500000000E+01   -4.6599015559E+04
    5.3500000000E+01   -4.6773637358E+04
    5.4500000000E+01   -4.6947580480E+04
    5.5500000000E+01   -4.7120946634E+04
    5.6500000000E+01   -4.7293912098E+04
    5.7500000000E+01   -4.7466726485E+04
    5.8500000000E+01   -4.7639642712E+04
    5.9500000000E+01   -4.7812795566E+04
    6.0500000000E+01   -4.7986108060E+04
    6.1500000000E+01   -4.8159281128E+04
    6.2500000000E+01   -4.8331798217E+04
    6.3500000000E+01   -4.8502948174E+04
    6.4500000000E+01   -4.8671892254E+04
    6.5500000000E+01   -4.8837839547E+04
    6.6500000000E+01   -4.9000201384E+04
    6.7500000000E+01   -4.9158620468E+04
    6.8500000000E+01   -4.9312960272E+04
    6.9500000000E+01   -4.9463305305E+04
    7.0500000000E+01   -4.9609916979E+04
    7.1500000000E+01   -4.9753172161E+04
    7.2500000000E+01   -4.9893519925E+04
    7.3500000000E+01   -5.0031455247E+04
    7.4500000000E+01   -5.0167506104E+04
    7.5500000000E+01   -5.0302231085E+04
    7.6500000000E+01   -5.0436220979E+04
    7.7500000000E+01   -5.0570057632E+04
    7.8500000000E+01   -5.0704257129E+04
    7.9500000000E+01   -5.0839255184E+04
    8.0500000000E+01   -5.0975417129E+04
    8.1500000000E+01   -5.1113040805E+04
    8.2500000000E+01   -5.1252353026E+04
    8.3500000000E+01   -5.1393503132E+04
    8.4500000000E+01   -5.1536604776E+04
    8.5500000000E+01   -5.1681806781E+04
    8.6500000000E+01   -5.1829358414E+04
    8.7500000000E+01   -5.1979639259E+04
    8.8500000000E+01   -5.2133177015E+04
    8.9500000000E+01   -5.2290610707E+04
    9.0500000000E+01   -5.2452680016E+04
    9.1500000000E+01   -5.2620287239E+04
    9.2500000000E+01   -5.2794556552E+04
    9.3500000000E+01   -5.2976903064E+04
    9.4500000000E+01   -5.3169128827E+04
    9.5500000000E+01   -5.3373558931E+04
    9.6500000000E+01   -5.3593237894E+04
    9.7500000000E+01   -5.3832216758E+04
    9.8500000000E+01   -5.4095972635E+04
    9.9500000000E+01   -5.4392000000E+04
