 # iter=          1  time[s]=   1.163910E-15  x[nm]  mu[J/mol]
    5.0000000000E-01   -3.9748000000E+04
    1.5000000000E+00   -3.9895919191E+04
    2.5000000000E+00   -4.0043838383E+04
    3.5000000000E+00   -4.0191757575E+04
    4.5000000000E+00   -4.0339676767E+04
    5.5000000000E+00   -4.0487595959E+04
    6.5000000000E+00   -4.0635515151E+04
    7.5000000000E+00   -4.0783434343E+04
    8.5000000000E+00   -4.0931353534E+04
    9.5000000000E+00   -4.1079272726E+04
    1.0500000000E+01   -4.1227191918E+04
    1.1500000000E+01   -4.1375111110E+04
    1.2500000000E+01   -4.1523030302E+04
    1.3500000000E+01   -4.1670949494E+04
    1.4500000000E+01   -4.1818868686E+04
    1.5500000000E+01   -4.1966787878E+04
    1.6500000000E+01   -4.2114707070E+04
    1.7500000000E+01   -4.2262626262E+04
    1.8500000000E+01   -4.2410545454E+04
    1.9500000000E+01   -4.2558464645E+04
    2.0500000000E+01   -4.2706383837E+04
    2.1500000000E+01   -4.2854303029E+04
    2.2500000000E+01   -4.3002222221E+04
    2.3500000000E+01   -4.3150141413E+04
    2.4500000000E+01   -4.3298060605E+04
    2.5500000000E+01   -4.3445979797E+04
    2.6500000000E+01   -4.3593898989E+04
    2.7500000000E+01   -4.3741818181E+04
    2.8500000000E+01   -4.3889737372E+04
    2.9500000000E+01   -4.4037656564E+04
    3.0500000000E+01   -4.4185575756E+04
    3.1500000000E+01   -4.4333494948E+04
    3.2500000000E+01   -4.4481414140E+04
    3.3500000000E+01   -4.4629333332E+04
    3.4500000000E+01   -4.4777252524E+04
    3.5500000000E+01   -4.4925171716E+04
    3.6500000000E+01   -4.5073090908E+04
    3.7500000000E+01   -4.5221010100E+04
    3.8500000000E+01   -4.5368929292E+04
    3.9500000000E+01   -4.5516848484E+04
    4.0500000000E+01   -4.5664767676E+04
    4.1500000000E+01   -4.5812686868E+04
    4.2500000000E+01   -4.5960606060E+04
    4.3500000000E+01   -4.6108525252E+04
    4.4500000000E+01   -4.6256444444E+04
    4.5500000000E+01   -4.6404363636E+04
    4.6500000000E+01   -4.6552282828E+04
    4.7500000000E+01   -4.6700202020E+04
    4.8500000000E+01   -4.6848121212E+04
    4.9500000000E+01   -4.6996040404E+04
    5.0500000000E+01   -4.7143959596E+04
    5.1500000000E+01   -4.7291878787E+04
    5.2500000000E+01   -4.7439797979E+04
    5.3500000000E+01   -4.7587717171E+04
    5.4500000000E+01   -4.7735636363E+04
    5.5500000000E+01   -4.7883555555E+04
    5.6500000000E+01   -4.8031474747E+04
    5.7500000000E+01   -4.8179393939E+04
    5.8500000000E+01   -4.8327313131E+04
    5.9500000000E+01   -4.8475232323E+04
    6.0500000000E+01   -4.8623151515E+04
    6.1500000000E+01   -4.8771070707E+04
    6.2500000000E+01   -4.8918989899E+04
    6.3500000000E+01   -4.9066909091E+04
    6.4500000000E+01   -4.9214828283E+04
    6.5500000000E+01   -4.9362747475E+04
    6.6500000000E+01   -4.9510666667E+04
    6.7500000000E+01   -4.9658585858E+04
    6.8500000000E+01   -4.9806505050E+04
    6.9500000000E+01   -4.9954424242E+04
    7.0500000000E+01   -5.0102343434E+04
    7.1500000000E+01   -5.0250262626E+04
    7.2500000000E+01   -5.0398181818E+04
    7.3500000000E+01   -5.0546101010E+04
    7.4500000000E+01   -5.0694020202E+04
    7.5500000000E+01   -5.0841939393E+04
    7.6500000000E+01   -5.0989858585E+04
    7.7500000000E+01   -5.1137777777E+04
    7.8500000000E+01   -5.1285696969E+04
    7.9500000000E+01   -5.1433616161E+04
    8.0500000000E+01   -5.1581535353E+04
    8.1500000000E+01   -5.1729454545E+04
    8.2500000000E+01   -5.1877373737E+04
    8.3500000000E+01   -5.2025292929E+04
    8.4500000000E+01   -5.2173212121E+04
    8.5500000000E+01   -5.2321131313E+04
    8.6500000000E+01   -5.2469050504E+04
    8.7500000000E+01   -5.2616969696E+04
    8.8500000000E+01   -5.2764888888E+04
    8.9500000000E+01   -5.2912808080E+04
    9.0500000000E+01   -5.3060727272E+04
    9.1500000000E+01   -5.3208646464E+04
    9.2500000000E+01   -5.3356565656E+04
    9.3500000000E+01   -5.3504484848E+04
    9.4500000000E+01   -5.3652404040E+04
    9.5500000000E+01   -5.3800323232E+04
    9.6500000000E+01   -5.3948242424E+04
    9.7500000000E+01   -5.4096161616E+04
    9.8500000000E+01   -5.4244080808E+04
    9.9500000000E+01   -5.4392000000E+04
