 # iter=         27  time[s]=   1.049395E-05  x[nm]  mu[J/mol]
    5.0000000000E-01   -3.9748000000E+04
    1.5000000000E+00   -3.9818126128E+04
    2.5000000000E+00   -3.9888752965E+04
    3.5000000000E+00   -3.9959885684E+04
    4.5000000000E+00   -4.0031525418E+04
    5.5000000000E+00   -4.0103668940E+04
    6.5000000000E+00   -4.0176309401E+04
    7.5000000000E+00   -4.0249440016E+04
    8.5000000000E+00   -4.0323057515E+04
    9.5000000000E+00   -4.0397162949E+04
    1.0500000000E+01   -4.0471762031E+04
    1.1500000000E+01   -4.0546864861E+04
    1.2500000000E+01   -4.0622483649E+04
    1.3500000000E+01   -4.0698630427E+04
    1.4500000000E+01   -4.0775316596E+04
    1.5500000000E+01   -4.0852552908E+04
    1.6500000000E+01   -4.0930349698E+04
    1.7500000000E+01   -4.1008717123E+04
    1.8500000000E+01   -4.1087665286E+04
    1.9500000000E+01   -4.1167204199E+04
    2.0500000000E+01   -4.1247343729E+04
    2.1500000000E+01   -4.1328093551E+04
    2.2500000000E+01   -4.1409463074E+04
    2.3500000000E+01   -4.1491461369E+04
    2.4500000000E+01   -4.1574097087E+04
    2.5500000000E+01   -4.1657378360E+04
    2.6500000000E+01   -4.1741312696E+04
    2.7500000000E+01   -4.1825906890E+04
    2.8500000000E+01   -4.1911167522E+04
    2.9500000000E+01   -4.1997102424E+04
    3.0500000000E+01   -4.2083721466E+04
    3.1500000000E+01   -4.2171036799E+04
    3.2500000000E+01   -4.2259063081E+04
    3.3500000000E+01   -4.2347817737E+04
    3.4500000000E+01   -4.2437321239E+04
    3.5500000000E+01   -4.2527597422E+04
    3.6500000000E+01   -4.2618673853E+04
    3.7500000000E+01   -4.2710582021E+04
    3.8500000000E+01   -4.2803357728E+04
    3.9500000000E+01   -4.2897041553E+04
    4.0500000000E+01   -4.2991679392E+04
    4.1500000000E+01   -4.3087323092E+04
    4.2500000000E+01   -4.3184031177E+04
    4.3500000000E+01   -4.3281869718E+04
    4.4500000000E+01   -4.3380913363E+04
    4.5500000000E+01   -4.3481246565E+04
    4.6500000000E+01   -4.3582963950E+04
    4.7500000000E+01   -4.3686167538E+04
    4.8500000000E+01   -4.3790963549E+04
    4.9500000000E+01   -4.3897461838E+04
    5.0500000000E+01   -4.4005775866E+04
    5.1500000000E+01   -4.4116022513E+04
    5.2500000000E+01   -4.4228321699E+04
    5.3500000000E+01   -4.4342795745E+04
    5.4500000000E+01   -4.4459568394E+04
    5.5500000000E+01   -4.4578763396E+04
    5.6500000000E+01   -4.4700502551E+04
    5.7500000000E+01   -4.4824903060E+04
    5.8500000000E+01   -4.4952074036E+04
    5.9500000000E+01   -4.5082112016E+04
    6.0500000000E+01   -4.5215095462E+04
    6.1500000000E+01   -4.5351083642E+04
    6.2500000000E+01   -4.5490116677E+04
    6.3500000000E+01   -4.5632217870E+04
    6.4500000000E+01   -4.5777390023E+04
    6.5500000000E+01   -4.5925585718E+04
    6.6500000000E+01   -4.6076657684E+04
    6.7500000000E+01   -4.6230310848E+04
    6.8500000000E+01   -4.6386124477E+04
    6.9500000000E+01   -4.6543822222E+04
    7.0500000000E+01   -4.6703425409E+04
    7.1500000000E+01   -4.6865101147E+04
    7.2500000000E+01   -4.7029103129E+04
    7.3500000000E+01   -4.7195788203E+04
    7.4500000000E+01   -4.7365639811E+04
    7.5500000000E+01   -4.7539284598E+04
    7.6500000000E+01   -4.7717397036E+04
    7.7500000000E+01   -4.7900534740E+04
    7.8500000000E+01   -4.8089024200E+04
    7.9500000000E+01   -4.8282863369E+04
    8.0500000000E+01   -4.8481609882E+04
    8.1500000000E+01   -4.8684315329E+04
    8.2500000000E+01   -4.8889761341E+04
    8.3500000000E+01   -4.9096862248E+04
    8.4500000000E+01   -4.9304898194E+04
    8.5500000000E+01   -4.9513697397E+04
    8.6500000000E+01   -4.9723742541E+04
    8.7500000000E+01   -4.9936153390E+04
    8.8500000000E+01   -5.0152710771E+04
    8.9500000000E+01   -5.0376010151E+04
    9.0500000000E+01   -5.0609637838E+04
    9.1500000000E+01   -5.0857971160E+04
    9.2500000000E+01   -5.1125858595E+04
    9.3500000000E+01   -5.1418329014E+04
    9.4500000000E+01   -5.1740596568E+04
    9.5500000000E+01   -5.2100280381E+04
    9.6500000000E+01   -5.2510856649E+04
    9.7500000000E+01   -5.2995125492E+04
    9.8500000000E+01   -5.3594135416E+04
    9.9500000000E+01   -5.4392000000E+04
