 # iter=         22  time[s]=   7.993954E-06  x[nm]  mu[J/mol]
    5.0000000000E-01   -3.9748000000E+04
    1.5000000000E+00   -3.9822348651E+04
    2.5000000000E+00   -3.9897258858E+04
    3.5000000000E+00   -3.9972734932E+04
    4.5000000000E+00   -4.0048776037E+04
    5.5000000000E+00   -4.0125375850E+04
    6.5000000000E+00   -4.0202524577E+04
    7.5000000000E+00   -4.0280214000E+04
    8.5000000000E+00   -4.0358440904E+04
    9.5000000000E+00   -4.0437207702E+04
    1.0500000000E+01   -4.0516522716E+04
    1.1500000000E+01   -4.0596398342E+04
    1.2500000000E+01   -4.0676847819E+04
    1.3500000000E+01   -4.0757883683E+04
    1.4500000000E+01   -4.0839517697E+04
    1.5500000000E+01   -4.0921761087E+04
    1.6500000000E+01   -4.1004624782E+04
    1.7500000000E+01   -4.1088119609E+04
    1.8500000000E+01   -4.1172256245E+04
    1.9500000000E+01   -4.1257045132E+04
    2.0500000000E+01   -4.1342496389E+04
    2.1500000000E+01   -4.1428619707E+04
    2.2500000000E+01   -4.1515424228E+04
    2.3500000000E+01   -4.1602918409E+04
    2.4500000000E+01   -4.1691109870E+04
    2.5500000000E+01   -4.1780005224E+04
    2.6500000000E+01   -4.1869610098E+04
    2.7500000000E+01   -4.1959930488E+04
    2.8500000000E+01   -4.2050974485E+04
    2.9500000000E+01   -4.2142752785E+04
    3.0500000000E+01   -4.2235278976E+04
    3.1500000000E+01   -4.2328569836E+04
    3.2500000000E+01   -4.2422645683E+04
    3.3500000000E+01   -4.2517530745E+04
    3.4500000000E+01   -4.2613253610E+04
    3.5500000000E+01   -4.2709847388E+04
    3.6500000000E+01   -4.2807350077E+04
    3.7500000000E+01   -4.2905805099E+04
    3.8500000000E+01   -4.3005261918E+04
    3.9500000000E+01   -4.3105776755E+04
    4.0500000000E+01   -4.3207413433E+04
    4.1500000000E+01   -4.3310244384E+04
    4.2500000000E+01   -4.3414351843E+04
    4.3500000000E+01   -4.3519829205E+04
    4.4500000000E+01   -4.3626779929E+04
    4.5500000000E+01   -4.3735313627E+04
    4.6500000000E+01   -4.3845543161E+04
    4.7500000000E+01   -4.3957584375E+04
    4.8500000000E+01   -4.4071555820E+04
    4.9500000000E+01   -4.4187578257E+04
    5.0500000000E+01   -4.4305773859E+04
    5.1500000000E+01   -4.4426265027E+04
    5.2500000000E+01   -4.4549172732E+04
    5.3500000000E+01   -4.4674614242E+04
    5.4500000000E+01   -4.4802700101E+04
    5.5500000000E+01   -4.4933530207E+04
    5.6500000000E+01   -4.5067188828E+04
    5.7500000000E+01   -4.5203738484E+04
    5.8500000000E+01   -4.5343217908E+04
    5.9500000000E+01   -4.5485638299E+04
    6.0500000000E+01   -4.5630983469E+04
    6.1500000000E+01   -4.5779204254E+04
    6.2500000000E+01   -4.5930185722E+04
    6.3500000000E+01   -4.6083702645E+04
    6.4500000000E+01   -4.6239374411E+04
    6.5500000000E+01   -4.6396705081E+04
    6.6500000000E+01   -4.6555374133E+04
    6.7500000000E+01   -4.6715364109E+04
    6.8500000000E+01   -4.6876786586E+04
    6.9500000000E+01   -4.7039828207E+04
    7.0500000000E+01   -4.7204761613E+04
    7.1500000000E+01   -4.7371960831E+04
    7.2500000000E+01   -4.7541905545E+04
    7.3500000000E+01   -4.7715084308E+04
    7.4500000000E+01   -4.7891851322E+04
    7.5500000000E+01   -4.8072340214E+04
    7.6500000000E+01   -4.8256403169E+04
    7.7500000000E+01   -4.8443549698E+04
    7.8500000000E+01   -4.8632914662E+04
    7.9500000000E+01   -4.8823419797E+04
    8.0500000000E+01   -4.9014079961E+04
    8.1500000000E+01   -4.9204190389E+04
    8.2500000000E+01   -4.9393416911E+04
    8.3500000000E+01   -4.9581876474E+04
    8.4500000000E+01   -4.9770116844E+04
    8.5500000000E+01   -4.9959067132E+04
    8.6500000000E+01   -5.0150034529E+04
    8.7500000000E+01   -5.0344769108E+04
    8.8500000000E+01   -5.0545551897E+04
    8.9500000000E+01   -5.0755062784E+04
    9.0500000000E+01   -5.0976178107E+04
    9.1500000000E+01   -5.1211897949E+04
    9.2500000000E+01   -5.1465146938E+04
    9.3500000000E+01   -5.1738977127E+04
    9.4500000000E+01   -5.2037852556E+04
    9.5500000000E+01   -5.2369201367E+04
    9.6500000000E+01   -5.2744467081E+04
    9.7500000000E+01   -5.3181552321E+04
    9.8500000000E+01   -5.3711330500E+04
    9.9500000000E+01   -5.4392000000E+04
