 # iter=         28  time[s]=   1.099395E-05  x[nm]  mu[J/mol]
    5.0000000000E-01   -3.9748000000E+04
    1.5000000000E+00   -3.9817462763E+04
    2.5000000000E+00   -3.9887417032E+04
    3.5000000000E+00   -3.9957868141E+04
    4.5000000000E+00   -4.0028817536E+04
    5.5000000000E+00   -4.0100262473E+04
    6.5000000000E+00   -4.0172196600E+04
    7.5000000000E+00   -4.0244613430E+04
    8.5000000000E+00   -4.0317509762E+04
    9.5000000000E+00   -4.0390886535E+04
    1.0500000000E+01   -4.0464749154E+04
    1.1500000000E+01   -4.0539107372E+04
    1.2500000000E+01   -4.0613973218E+04
    1.3500000000E+01   -4.0689358681E+04
    1.4500000000E+01   -4.0765275140E+04
    1.5500000000E+01   -4.0841733331E+04
    1.6500000000E+01   -4.0918743544E+04
    1.7500000000E+01   -4.0996315866E+04
    1.8500000000E+01   -4.1074460340E+04
    1.9500000000E+01   -4.1153186929E+04
    2.0500000000E+01   -4.1232505479E+04
    2.1500000000E+01   -4.1312425667E+04
    2.2500000000E+01   -4.1392956941E+04
    2.3500000000E+01   -4.1474108456E+04
    2.4500000000E+01   -4.1555888996E+04
    2.5500000000E+01   -4.1638306889E+04
    2.6500000000E+01   -4.1721369911E+04
    2.7500000000E+01   -4.1805085187E+04
    2.8500000000E+01   -4.1889459439E+04
    2.9500000000E+01   -4.1974500277E+04
    3.0500000000E+01   -4.2060217201E+04
    3.1500000000E+01   -4.2146621870E+04
    3.2500000000E+01   -4.2233728326E+04
    3.3500000000E+01   -4.2321553233E+04
    3.4500000000E+01   -4.2410116145E+04
    3.5500000000E+01   -4.2499439797E+04
    3.6500000000E+01   -4.2589550455E+04
    3.7500000000E+01   -4.2680478178E+04
    3.8500000000E+01   -4.2772257112E+04
    3.9500000000E+01   -4.2864925947E+04
    4.0500000000E+01   -4.2958528422E+04
    4.1500000000E+01   -4.3053113910E+04
    4.2500000000E+01   -4.3148738105E+04
    4.3500000000E+01   -4.3245463828E+04
    4.4500000000E+01   -4.3343361979E+04
    4.5500000000E+01   -4.3442512675E+04
    4.6500000000E+01   -4.3543006333E+04
    4.7500000000E+01   -4.3644942023E+04
    4.8500000000E+01   -4.3748424093E+04
    4.9500000000E+01   -4.3853560645E+04
    5.0500000000E+01   -4.3960463544E+04
    5.1500000000E+01   -4.4069248332E+04
    5.2500000000E+01   -4.4180033968E+04
    5.3500000000E+01   -4.4292942347E+04
    5.4500000000E+01   -4.4408097517E+04
    5.5500000000E+01   -4.4525624531E+04
    5.6500000000E+01   -4.4645647800E+04
    5.7500000000E+01   -4.4768288837E+04
    5.8500000000E+01   -4.4893663244E+04
    5.9500000000E+01   -4.5021876776E+04
    6.0500000000E+01   -4.5153020312E+04
    6.1500000000E+01   -4.5287165617E+04
    6.2500000000E+01   -4.5424366388E+04
    6.3500000000E+01   -4.5564660340E+04
    6.4500000000E+01   -4.5708069038E+04
    6.5500000000E+01   -4.5854585223E+04
    6.6500000000E+01   -4.6004128494E+04
    6.7500000000E+01   -4.6156490161E+04
    6.8500000000E+01   -4.6311304548E+04
    6.9500000000E+01   -4.6468198479E+04
    7.0500000000E+01   -4.6627063398E+04
    7.1500000000E+01   -4.6788028785E+04
    7.2500000000E+01   -4.6951318224E+04
    7.3500000000E+01   -4.7117253271E+04
    7.4500000000E+01   -4.7286274831E+04
    7.5500000000E+01   -4.7458972393E+04
    7.6500000000E+01   -4.7636050488E+04
    7.7500000000E+01   -4.7818178906E+04
    7.8500000000E+01   -4.8005838017E+04
    7.9500000000E+01   -4.8199219091E+04
    8.0500000000E+01   -4.8398106524E+04
    8.1500000000E+01   -4.8601760749E+04
    8.2500000000E+01   -4.8809004613E+04
    8.3500000000E+01   -4.9018619721E+04
    8.4500000000E+01   -4.9229690235E+04
    8.5500000000E+01   -4.9441803212E+04
    8.6500000000E+01   -4.9655218286E+04
    8.7500000000E+01   -4.9870892055E+04
    8.8500000000E+01   -5.0090482974E+04
    8.9500000000E+01   -5.0316476275E+04
    9.0500000000E+01   -5.0552429115E+04
    9.1500000000E+01   -5.0802866718E+04
    9.2500000000E+01   -5.1072927069E+04
    9.3500000000E+01   -5.1368055622E+04
    9.4500000000E+01   -5.1693804645E+04
    9.5500000000E+01   -5.2057824056E+04
    9.6500000000E+01   -5.2473799697E+04
    9.7500000000E+01   -5.2965323291E+04
    9.8500000000E+01   -5.3575145034E+04
    9.9500000000E+01   -5.4392000000E+04
