 # iter=         67  time[s]=   3.049395E-05  x[nm]  mu[J/mol]
    5.0000000000E-01   -3.9748000000E+04
    1.5000000000E+00   -3.9810771607E+04
    2.5000000000E+00   -3.9873947688E+04
    3.5000000000E+00   -3.9937535941E+04
    4.5000000000E+00   -4.0001541511E+04
    5.5000000000E+00   -4.0065966762E+04
    6.5000000000E+00   -4.0130811115E+04
    7.5000000000E+00   -4.0196072390E+04
    8.5000000000E+00   -4.0261749502E+04
    9.5000000000E+00   -4.0327843918E+04
    1.0500000000E+01   -4.0394359922E+04
    1.1500000000E+01   -4.0461304836E+04
    1.2500000000E+01   -4.0528689015E+04
    1.3500000000E+01   -4.0596524461E+04
    1.4500000000E+01   -4.0664823146E+04
    1.5500000000E+01   -4.0733596552E+04
    1.6500000000E+01   -4.0802855619E+04
    1.7500000000E+01   -4.0872610761E+04
    1.8500000000E+01   -4.0942872118E+04
    1.9500000000E+01   -4.1013649805E+04
    2.0500000000E+01   -4.1084953948E+04
    2.1500000000E+01   -4.1156794686E+04
    2.2500000000E+01   -4.1229182170E+04
    2.3500000000E+01   -4.1302126551E+04
    2.4500000000E+01   -4.1375637975E+04
    2.5500000000E+01   -4.1449726573E+04
    2.6500000000E+01   -4.1524402444E+04
    2.7500000000E+01   -4.1599675640E+04
    2.8500000000E+01   -4.1675556146E+04
    2.9500000000E+01   -4.1752053856E+04
    3.0500000000E+01   -4.1829178576E+04
    3.1500000000E+01   -4.1906940441E+04
    3.2500000000E+01   -4.1985350705E+04
    3.3500000000E+01   -4.2064422198E+04
    3.4500000000E+01   -4.2144169487E+04
    3.5500000000E+01   -4.2224609046E+04
    3.6500000000E+01   -4.2305759434E+04
    3.7500000000E+01   -4.2387641499E+04
    3.8500000000E+01   -4.2470278608E+04
    3.9500000000E+01   -4.2553696900E+04
    4.0500000000E+01   -4.2637925618E+04
    4.1500000000E+01   -4.2722997501E+04
    4.2500000000E+01   -4.2808949195E+04
    4.3500000000E+01   -4.2895821699E+04
    4.4500000000E+01   -4.2983660878E+04
    4.5500000000E+01   -4.3072518059E+04
    4.6500000000E+01   -4.3162450722E+04
    4.7500000000E+01   -4.3253523314E+04
    4.8500000000E+01   -4.3345808212E+04
    4.9500000000E+01   -4.3439386863E+04
    5.0500000000E+01   -4.3534350977E+04
    5.1500000000E+01   -4.3630801559E+04
    5.2500000000E+01   -4.3728846082E+04
    5.3500000000E+01   -4.3828597333E+04
    5.4500000000E+01   -4.3930173655E+04
    5.5500000000E+01   -4.4033699155E+04
    5.6500000000E+01   -4.4139303800E+04
    5.7500000000E+01   -4.4247123363E+04
    5.8500000000E+01   -4.4357299156E+04
    5.9500000000E+01   -4.4469977478E+04
    6.0500000000E+01   -4.4585308662E+04
    6.1500000000E+01   -4.4703445610E+04
    6.2500000000E+01   -4.4824541637E+04
    6.3500000000E+01   -4.4948747445E+04
    6.4500000000E+01   -4.5076206984E+04
    6.5500000000E+01   -4.5207052048E+04
    6.6500000000E+01   -4.5341400933E+04
    6.7500000000E+01   -4.5479366725E+04
    6.8500000000E+01   -4.5621064911E+04
    6.9500000000E+01   -4.5766614163E+04
    7.0500000000E+01   -4.5916110686E+04
    7.1500000000E+01   -4.6069557794E+04
    7.2500000000E+01   -4.6226798202E+04
    7.3500000000E+01   -4.6387518524E+04
    7.4500000000E+01   -4.6551538898E+04
    7.5500000000E+01   -4.6719007265E+04
    7.6500000000E+01   -4.6890260243E+04
    7.7500000000E+01   -4.7065773673E+04
    7.8500000000E+01   -4.7246202814E+04
    7.9500000000E+01   -4.7432441193E+04
    8.0500000000E+01   -4.7625631333E+04
    8.1500000000E+01   -4.7826976733E+04
    8.2500000000E+01   -4.8037477985E+04
    8.3500000000E+01   -4.8257711633E+04
    8.4500000000E+01   -4.8487538161E+04
    8.5500000000E+01   -4.8725838691E+04
    8.6500000000E+01   -4.8970863052E+04
    8.7500000000E+01   -4.9221019223E+04
    8.8500000000E+01   -4.9475500688E+04
    8.9500000000E+01   -4.9734776719E+04
    9.0500000000E+01   -5.0000844571E+04
    9.1500000000E+01   -5.0277498650E+04
    9.2500000000E+01   -5.0570996632E+04
    9.3500000000E+01   -5.0890172230E+04
    9.4500000000E+01   -5.1245688424E+04
    9.5500000000E+01   -5.1648980540E+04
    9.6500000000E+01   -5.2115339630E+04
    9.7500000000E+01   -5.2674245105E+04
    9.8500000000E+01   -5.3386266541E+04
    9.9500000000E+01   -5.4392000000E+04
