 # iter=         53  time[s]=   2.349395E-05  x[nm]  mu[J/mol]
    5.0000000000E-01   -3.9748000000E+04
    1.5000000000E+00   -3.9811172676E+04
    2.5000000000E+00   -3.9874754732E+04
    3.5000000000E+00   -3.9938753674E+04
    4.5000000000E+00   -4.0003174385E+04
    5.5000000000E+00   -4.0068018894E+04
    6.5000000000E+00   -4.0133286232E+04
    7.5000000000E+00   -4.0198973887E+04
    8.5000000000E+00   -4.0265080565E+04
    9.5000000000E+00   -4.0331607613E+04
    1.0500000000E+01   -4.0398559274E+04
    1.1500000000E+01   -4.0465942926E+04
    1.2500000000E+01   -4.0533768998E+04
    1.3500000000E+01   -4.0602049476E+04
    1.4500000000E+01   -4.0670796244E+04
    1.5500000000E+01   -4.0740020690E+04
    1.6500000000E+01   -4.0809733650E+04
    1.7500000000E+01   -4.0879945454E+04
    1.8500000000E+01   -4.0950666184E+04
    1.9500000000E+01   -4.1021905907E+04
    2.0500000000E+01   -4.1093674698E+04
    2.1500000000E+01   -4.1165982639E+04
    2.2500000000E+01   -4.1238839812E+04
    2.3500000000E+01   -4.1312256293E+04
    2.4500000000E+01   -4.1386242135E+04
    2.5500000000E+01   -4.1460807359E+04
    2.6500000000E+01   -4.1535961933E+04
    2.7500000000E+01   -4.1611715749E+04
    2.8500000000E+01   -4.1688078604E+04
    2.9500000000E+01   -4.1765060170E+04
    3.0500000000E+01   -4.1842670017E+04
    3.1500000000E+01   -4.1920918157E+04
    3.2500000000E+01   -4.1999815846E+04
    3.3500000000E+01   -4.2079375973E+04
    3.4500000000E+01   -4.2159613214E+04
    3.5500000000E+01   -4.2240544204E+04
    3.6500000000E+01   -4.2322187726E+04
    3.7500000000E+01   -4.2404564924E+04
    3.8500000000E+01   -4.2487699530E+04
    3.9500000000E+01   -4.2571618142E+04
    4.0500000000E+01   -4.2656350561E+04
    4.1500000000E+01   -4.2741930181E+04
    4.2500000000E+01   -4.2828394401E+04
    4.3500000000E+01   -4.2915785087E+04
    4.4500000000E+01   -4.3004149097E+04
    4.5500000000E+01   -4.3093538896E+04
    4.6500000000E+01   -4.3184013270E+04
    4.7500000000E+01   -4.3275638172E+04
    4.8500000000E+01   -4.3368487714E+04
    4.9500000000E+01   -4.3462645357E+04
    5.0500000000E+01   -4.3558204847E+04
    5.1500000000E+01   -4.3655268492E+04
    5.2500000000E+01   -4.3753944413E+04
    5.3500000000E+01   -4.3854345965E+04
    5.4500000000E+01   -4.3956591984E+04
    5.5500000000E+01   -4.4060806948E+04
    5.6500000000E+01   -4.4167121023E+04
    5.7500000000E+01   -4.4275669941E+04
    5.8500000000E+01   -4.4386594648E+04
    5.9500000000E+01   -4.4500040627E+04
    6.0500000000E+01   -4.4616156812E+04
    6.1500000000E+01   -4.4735093937E+04
    6.2500000000E+01   -4.4857002162E+04
    6.3500000000E+01   -4.4982027773E+04
    6.4500000000E+01   -4.5110308732E+04
    6.5500000000E+01   -4.5241969332E+04
    6.6500000000E+01   -4.5377121578E+04
    6.7500000000E+01   -4.5515874013E+04
    6.8500000000E+01   -4.5658337060E+04
    6.9500000000E+01   -4.5804621025E+04
    7.0500000000E+01   -4.5954797586E+04
    7.1500000000E+01   -4.6108826220E+04
    7.2500000000E+01   -4.6266496262E+04
    7.3500000000E+01   -4.6427488679E+04
    7.4500000000E+01   -4.6591694683E+04
    7.5500000000E+01   -4.6759318893E+04
    7.6500000000E+01   -4.6930716912E+04
    7.7500000000E+01   -4.7106387452E+04
    7.8500000000E+01   -4.7287014270E+04
    7.9500000000E+01   -4.7473525249E+04
    8.0500000000E+01   -4.7667063137E+04
    8.1500000000E+01   -4.7868769965E+04
    8.2500000000E+01   -4.8079542515E+04
    8.3500000000E+01   -4.8299814670E+04
    8.4500000000E+01   -4.8529266320E+04
    8.5500000000E+01   -4.8766636447E+04
    8.6500000000E+01   -4.9010185262E+04
    8.7500000000E+01   -4.9258452447E+04
    8.8500000000E+01   -4.9510817666E+04
    8.9500000000E+01   -4.9767939555E+04
    9.0500000000E+01   -5.0031956980E+04
    9.1500000000E+01   -5.0306776932E+04
    9.2500000000E+01   -5.0598716664E+04
    9.3500000000E+01   -5.0916503179E+04
    9.4500000000E+01   -5.1270496328E+04
    9.5500000000E+01   -5.1671753856E+04
    9.6500000000E+01   -5.2135391801E+04
    9.7500000000E+01   -5.2690649119E+04
    9.8500000000E+01   -5.3397065985E+04
    9.9500000000E+01   -5.4392000000E+04
