 # iter=         29  time[s]=   1.149395E-05  x[nm]  mu[J/mol]
    5.0000000000E-01   -3.9748000000E+04
    1.5000000000E+00   -3.9816851240E+04
    2.5000000000E+00   -3.9886185591E+04
    3.5000000000E+00   -3.9956008542E+04
    4.5000000000E+00   -4.0026321838E+04
    5.5000000000E+00   -4.0097123174E+04
    6.5000000000E+00   -4.0168406670E+04
    7.5000000000E+00   -4.0240166131E+04
    8.5000000000E+00   -4.0312398442E+04
    9.5000000000E+00   -4.0385104463E+04
    1.0500000000E+01   -4.0458289346E+04
    1.1500000000E+01   -4.0531962530E+04
    1.2500000000E+01   -4.0606135876E+04
    1.3500000000E+01   -4.0680821341E+04
    1.4500000000E+01   -4.0756030295E+04
    1.5500000000E+01   -4.0831773474E+04
    1.6500000000E+01   -4.0908061140E+04
    1.7500000000E+01   -4.0984903331E+04
    1.8500000000E+01   -4.1062310038E+04
    1.9500000000E+01   -4.1140291192E+04
    2.0500000000E+01   -4.1218856622E+04
    2.1500000000E+01   -4.1298016011E+04
    2.2500000000E+01   -4.1377778849E+04
    2.3500000000E+01   -4.1458154364E+04
    2.4500000000E+01   -4.1539151462E+04
    2.5500000000E+01   -4.1620778644E+04
    2.6500000000E+01   -4.1703043925E+04
    2.7500000000E+01   -4.1785954735E+04
    2.8500000000E+01   -4.1869518009E+04
    2.9500000000E+01   -4.1953741233E+04
    3.0500000000E+01   -4.2038633610E+04
    3.1500000000E+01   -4.2124206402E+04
    3.2500000000E+01   -4.2210473142E+04
    3.3500000000E+01   -4.2297449861E+04
    3.4500000000E+01   -4.2385155340E+04
    3.5500000000E+01   -4.2473611388E+04
    3.6500000000E+01   -4.2562843160E+04
    3.7500000000E+01   -4.2652879481E+04
    3.8500000000E+01   -4.2743753078E+04
    3.9500000000E+01   -4.2835501019E+04
    4.0500000000E+01   -4.2928165185E+04
    4.1500000000E+01   -4.3021792828E+04
    4.2500000000E+01   -4.3116437215E+04
    4.3500000000E+01   -4.3212158377E+04
    4.4500000000E+01   -4.3309024008E+04
    4.5500000000E+01   -4.3407110522E+04
    4.6500000000E+01   -4.3506504288E+04
    4.7500000000E+01   -4.3607301269E+04
    4.8500000000E+01   -4.3709603950E+04
    4.9500000000E+01   -4.3813518845E+04
    5.0500000000E+01   -4.3919156354E+04
    5.1500000000E+01   -4.4026630749E+04
    5.2500000000E+01   -4.4136060010E+04
    5.3500000000E+01   -4.4247565477E+04
    5.4500000000E+01   -4.4361271232E+04
    5.5500000000E+01   -4.4477303154E+04
    5.6500000000E+01   -4.4595787542E+04
    5.7500000000E+01   -4.4716849183E+04
    5.8500000000E+01   -4.4840608734E+04
    5.9500000000E+01   -4.4967179256E+04
    6.0500000000E+01   -4.5096661729E+04
    6.1500000000E+01   -4.5229139686E+04
    6.2500000000E+01   -4.5364678906E+04
    6.3500000000E+01   -4.5503328910E+04
    6.4500000000E+01   -4.5645125597E+04
    6.5500000000E+01   -4.5790087307E+04
    6.6500000000E+01   -4.5938182378E+04
    6.7500000000E+01   -4.6089275957E+04
    6.8500000000E+01   -4.6243082819E+04
    6.9500000000E+01   -4.6399202159E+04
    7.0500000000E+01   -4.6557399198E+04
    7.1500000000E+01   -4.6717734603E+04
    7.2500000000E+01   -4.6880405698E+04
    7.3500000000E+01   -4.7045703396E+04
    7.4500000000E+01   -4.7214032010E+04
    7.5500000000E+01   -4.7385937277E+04
    7.6500000000E+01   -4.7562119719E+04
    7.7500000000E+01   -4.7743322195E+04
    7.8500000000E+01   -4.7930153918E+04
    7.9500000000E+01   -4.8122971924E+04
    8.0500000000E+01   -4.8321763500E+04
    8.1500000000E+01   -4.8526010968E+04
    8.2500000000E+01   -4.8734648797E+04
    8.3500000000E+01   -4.8946387111E+04
    8.4500000000E+01   -4.9160144414E+04
    8.5500000000E+01   -4.9375289307E+04
    8.6500000000E+01   -4.9591854038E+04
    8.7500000000E+01   -4.9810620979E+04
    8.8500000000E+01   -5.0033120556E+04
    8.9500000000E+01   -5.0261730032E+04
    9.0500000000E+01   -5.0499942531E+04
    9.1500000000E+01   -5.0752380435E+04
    9.2500000000E+01   -5.1024442130E+04
    9.3500000000E+01   -5.1321956095E+04
    9.4500000000E+01   -5.1650835859E+04
    9.5500000000E+01   -5.2018801723E+04
    9.6500000000E+01   -5.2439705662E+04
    9.7500000000E+01   -5.2937852191E+04
    9.8500000000E+01   -5.3557580107E+04
    9.9500000000E+01   -5.4392000000E+04
