 # iter=         44  time[s]=   1.899395E-05  x[nm]  mu[J/mol]
    5.0000000000E-01   -3.9748000000E+04
    1.5000000000E+00   -3.9812011139E+04
    2.5000000000E+00   -3.9876442050E+04
    3.5000000000E+00   -3.9941299858E+04
    4.5000000000E+00   -4.0006588921E+04
    5.5000000000E+00   -4.0072310586E+04
    6.5000000000E+00   -4.0138463089E+04
    7.5000000000E+00   -4.0205043259E+04
    8.5000000000E+00   -4.0272049400E+04
    9.5000000000E+00   -4.0339482644E+04
    1.0500000000E+01   -4.0407347202E+04
    1.1500000000E+01   -4.0475650611E+04
    1.2500000000E+01   -4.0544403471E+04
    1.3500000000E+01   -4.0613617744E+04
    1.4500000000E+01   -4.0683305153E+04
    1.5500000000E+01   -4.0753476911E+04
    1.6500000000E+01   -4.0824143666E+04
    1.7500000000E+01   -4.0895315602E+04
    1.8500000000E+01   -4.0967002709E+04
    1.9500000000E+01   -4.1039214970E+04
    2.0500000000E+01   -4.1111962371E+04
    2.1500000000E+01   -4.1185254887E+04
    2.2500000000E+01   -4.1259102476E+04
    2.3500000000E+01   -4.1333515060E+04
    2.4500000000E+01   -4.1408502507E+04
    2.5500000000E+01   -4.1484074613E+04
    2.6500000000E+01   -4.1560241068E+04
    2.7500000000E+01   -4.1637011431E+04
    2.8500000000E+01   -4.1714395099E+04
    2.9500000000E+01   -4.1792401260E+04
    3.0500000000E+01   -4.1871039049E+04
    3.1500000000E+01   -4.1950318321E+04
    3.2500000000E+01   -4.2030250415E+04
    3.3500000000E+01   -4.2110848403E+04
    3.4500000000E+01   -4.2192127256E+04
    3.5500000000E+01   -4.2274104026E+04
    3.6500000000E+01   -4.2356798054E+04
    3.7500000000E+01   -4.2440231185E+04
    3.8500000000E+01   -4.2524428030E+04
    3.9500000000E+01   -4.2609416264E+04
    4.0500000000E+01   -4.2695226968E+04
    4.1500000000E+01   -4.2781895023E+04
    4.2500000000E+01   -4.2869459536E+04
    4.3500000000E+01   -4.2957964331E+04
    4.4500000000E+01   -4.3047458509E+04
    4.5500000000E+01   -4.3137997111E+04
    4.6500000000E+01   -4.3229641878E+04
    4.7500000000E+01   -4.3322462166E+04
    4.8500000000E+01   -4.3416536020E+04
    4.9500000000E+01   -4.3511951419E+04
    5.0500000000E+01   -4.3608805959E+04
    5.1500000000E+01   -4.3707204109E+04
    5.2500000000E+01   -4.3807255341E+04
    5.3500000000E+01   -4.3909074240E+04
    5.4500000000E+01   -4.4012780672E+04
    5.5500000000E+01   -4.4118499855E+04
    5.6500000000E+01   -4.4226362277E+04
    5.7500000000E+01   -4.4336503414E+04
    5.8500000000E+01   -4.4449063161E+04
    5.9500000000E+01   -4.4564184903E+04
    6.0500000000E+01   -4.4682014085E+04
    6.1500000000E+01   -4.4802696146E+04
    6.2500000000E+01   -4.4926373638E+04
    6.3500000000E+01   -4.5053182320E+04
    6.4500000000E+01   -4.5183246013E+04
    6.5500000000E+01   -4.5316673733E+04
    6.6500000000E+01   -4.5453565441E+04
    6.7500000000E+01   -4.5594019506E+04
    6.8500000000E+01   -4.5738133878E+04
    6.9500000000E+01   -4.5885989015E+04
    7.0500000000E+01   -4.6037587827E+04
    7.1500000000E+01   -4.6192787816E+04
    7.2500000000E+01   -4.6351278904E+04
    7.3500000000E+01   -4.6512809750E+04
    7.4500000000E+01   -4.6677436089E+04
    7.5500000000E+01   -4.6845432705E+04
    7.6500000000E+01   -4.7017197055E+04
    7.7500000000E+01   -4.7193278841E+04
    7.8500000000E+01   -4.7374425979E+04
    7.9500000000E+01   -4.7561624399E+04
    8.0500000000E+01   -4.7755975971E+04
    8.1500000000E+01   -4.7958458685E+04
    8.2500000000E+01   -4.8169730304E+04
    8.3500000000E+01   -4.8389904921E+04
    8.4500000000E+01   -4.8618282211E+04
    8.5500000000E+01   -4.8853389971E+04
    8.6500000000E+01   -4.9093600365E+04
    8.7500000000E+01   -4.9337757016E+04
    8.8500000000E+01   -4.9585635104E+04
    8.9500000000E+01   -4.9838261557E+04
    9.0500000000E+01   -5.0098045803E+04
    9.1500000000E+01   -5.0369120191E+04
    9.2500000000E+01   -5.0657876778E+04
    9.3500000000E+01   -5.0972760754E+04
    9.4500000000E+01   -5.1323473163E+04
    9.5500000000E+01   -5.1720323593E+04
    9.6500000000E+01   -5.2178118939E+04
    9.7500000000E+01   -5.2725558795E+04
    9.8500000000E+01   -5.3419989711E+04
    9.9500000000E+01   -5.4392000000E+04
