 # iter=         59  time[s]=   2.649395E-05  x[nm]  mu[J/mol]
    5.0000000000E-01   -3.9748000000E+04
    1.5000000000E+00   -3.9810926720E+04
    2.5000000000E+00   -3.9874259806E+04
    3.5000000000E+00   -3.9938006882E+04
    4.5000000000E+00   -4.0002172989E+04
    5.5000000000E+00   -4.0066760363E+04
    6.5000000000E+00   -4.0131768272E+04
    7.5000000000E+00   -4.0197194406E+04
    8.5000000000E+00   -4.0263037599E+04
    9.5000000000E+00   -4.0329299269E+04
    1.0500000000E+01   -4.0395983683E+04
    1.1500000000E+01   -4.0463098183E+04
    1.2500000000E+01   -4.0530653151E+04
    1.3500000000E+01   -4.0598660584E+04
    1.4500000000E+01   -4.0667132418E+04
    1.5500000000E+01   -4.0736080099E+04
    1.6500000000E+01   -4.0805514524E+04
    1.7500000000E+01   -4.0875446075E+04
    1.8500000000E+01   -4.0945884868E+04
    1.9500000000E+01   -4.1016840997E+04
    2.0500000000E+01   -4.1088324570E+04
    2.1500000000E+01   -4.1160345703E+04
    2.2500000000E+01   -4.1232914519E+04
    2.3500000000E+01   -4.1306041139E+04
    2.4500000000E+01   -4.1379735675E+04
    2.5500000000E+01   -4.1454008214E+04
    2.6500000000E+01   -4.1528868804E+04
    2.7500000000E+01   -4.1604327436E+04
    2.8500000000E+01   -4.1680394022E+04
    2.9500000000E+01   -4.1757078370E+04
    3.0500000000E+01   -4.1834390195E+04
    3.1500000000E+01   -4.1912339579E+04
    3.2500000000E+01   -4.1990937775E+04
    3.3500000000E+01   -4.2070197634E+04
    3.4500000000E+01   -4.2150133762E+04
    3.5500000000E+01   -4.2230762692E+04
    3.6500000000E+01   -4.2312103067E+04
    3.7500000000E+01   -4.2394175847E+04
    3.8500000000E+01   -4.2477004535E+04
    3.9500000000E+01   -4.2560615444E+04
    4.0500000000E+01   -4.2645038028E+04
    4.1500000000E+01   -4.2730305276E+04
    4.2500000000E+01   -4.2816454120E+04
    4.3500000000E+01   -4.2903525889E+04
    4.4500000000E+01   -4.2991566827E+04
    4.5500000000E+01   -4.3080628693E+04
    4.6500000000E+01   -4.3170769464E+04
    4.7500000000E+01   -4.3262054163E+04
    4.8500000000E+01   -4.3354555825E+04
    4.9500000000E+01   -4.3448356664E+04
    5.0500000000E+01   -4.3543549187E+04
    5.1500000000E+01   -4.3640234923E+04
    5.2500000000E+01   -4.3738521602E+04
    5.3500000000E+01   -4.3838522227E+04
    5.4500000000E+01   -4.3940355333E+04
    5.5500000000E+01   -4.4044145170E+04
    5.6500000000E+01   -4.4150021786E+04
    5.7500000000E+01   -4.4258120943E+04
    5.8500000000E+01   -4.4368583821E+04
    5.9500000000E+01   -4.4481556416E+04
    6.0500000000E+01   -4.4597188541E+04
    6.1500000000E+01   -4.4715632283E+04
    6.2500000000E+01   -4.4837039772E+04
    6.3500000000E+01   -4.4961560046E+04
    6.4500000000E+01   -4.5089334797E+04
    6.5500000000E+01   -4.5220492931E+04
    6.6500000000E+01   -4.5355150264E+04
    6.7500000000E+01   -4.5493418124E+04
    6.8500000000E+01   -4.5635410100E+04
    6.9500000000E+01   -4.5781241953E+04
    7.0500000000E+01   -4.5931001028E+04
    7.1500000000E+01   -4.6084674163E+04
    7.2500000000E+01   -4.6242083629E+04
    7.3500000000E+01   -4.6402910743E+04
    7.4500000000E+01   -4.6567001861E+04
    7.5500000000E+01   -4.6734528894E+04
    7.6500000000E+01   -4.6905835783E+04
    7.7500000000E+01   -4.7081407107E+04
    7.8500000000E+01   -4.7261908989E+04
    7.9500000000E+01   -4.7448248438E+04
    8.0500000000E+01   -4.7641569477E+04
    8.1500000000E+01   -4.7843053331E+04
    8.2500000000E+01   -4.8053661232E+04
    8.3500000000E+01   -4.8273915383E+04
    8.4500000000E+01   -4.8503606909E+04
    8.5500000000E+01   -4.8741559187E+04
    8.6500000000E+01   -4.8986022515E+04
    8.7500000000E+01   -4.9235454568E+04
    8.8500000000E+01   -4.9489120466E+04
    8.9500000000E+01   -4.9747563561E+04
    9.0500000000E+01   -5.0012836853E+04
    9.1500000000E+01   -5.0288778707E+04
    9.2500000000E+01   -5.0581671486E+04
    9.3500000000E+01   -5.0900309726E+04
    9.4500000000E+01   -5.1255240259E+04
    9.5500000000E+01   -5.1657751120E+04
    9.6500000000E+01   -5.2123063652E+04
    9.7500000000E+01   -5.2680565404E+04
    9.8500000000E+01   -5.3390429528E+04
    9.9500000000E+01   -5.4392000000E+04
