 # iter=         41  time[s]=   1.749395E-05  x[nm]  mu[J/mol]
    5.0000000000E-01   -3.9748000000E+04
    1.5000000000E+00   -3.9812514944E+04
    2.5000000000E+00   -3.9877455988E+04
    3.5000000000E+00   -3.9942830047E+04
    4.5000000000E+00   -4.0008641173E+04
    5.5000000000E+00   -4.0074890315E+04
    6.5000000000E+00   -4.0141575243E+04
    7.5000000000E+00   -4.0208692410E+04
    8.5000000000E+00   -4.0276239904E+04
    9.5000000000E+00   -4.0344218752E+04
    1.0500000000E+01   -4.0412633174E+04
    1.1500000000E+01   -4.0481490832E+04
    1.2500000000E+01   -4.0550802441E+04
    1.3500000000E+01   -4.0620579947E+04
    1.4500000000E+01   -4.0690834995E+04
    1.5500000000E+01   -4.0761578706E+04
    1.6500000000E+01   -4.0832821633E+04
    1.7500000000E+01   -4.0904573892E+04
    1.8500000000E+01   -4.0976845432E+04
    1.9500000000E+01   -4.1049646201E+04
    2.0500000000E+01   -4.1122986137E+04
    2.1500000000E+01   -4.1196875164E+04
    2.2500000000E+01   -4.1271323170E+04
    2.3500000000E+01   -4.1346339992E+04
    2.4500000000E+01   -4.1421935392E+04
    2.5500000000E+01   -4.1498119029E+04
    2.6500000000E+01   -4.1574900429E+04
    2.7500000000E+01   -4.1652288948E+04
    2.8500000000E+01   -4.1730293733E+04
    2.9500000000E+01   -4.1808923681E+04
    3.0500000000E+01   -4.1888187709E+04
    3.1500000000E+01   -4.1968095653E+04
    3.2500000000E+01   -4.2048658941E+04
    3.3500000000E+01   -4.2129890797E+04
    3.4500000000E+01   -4.2211806418E+04
    3.5500000000E+01   -4.2294423160E+04
    3.6500000000E+01   -4.2377760751E+04
    3.7500000000E+01   -4.2461841527E+04
    3.8500000000E+01   -4.2546690698E+04
    3.9500000000E+01   -4.2632336662E+04
    4.0500000000E+01   -4.2718811346E+04
    4.1500000000E+01   -4.2806150603E+04
    4.2500000000E+01   -4.2894394659E+04
    4.3500000000E+01   -4.2983588615E+04
    4.4500000000E+01   -4.3073783041E+04
    4.5500000000E+01   -4.3165034655E+04
    4.6500000000E+01   -4.3257407132E+04
    4.7500000000E+01   -4.3350972053E+04
    4.8500000000E+01   -4.3445810038E+04
    4.9500000000E+01   -4.3542011843E+04
    5.0500000000E+01   -4.3639677053E+04
    5.1500000000E+01   -4.3738911162E+04
    5.2500000000E+01   -4.3839824492E+04
    5.3500000000E+01   -4.3942532380E+04
    5.4500000000E+01   -4.4047155308E+04
    5.5500000000E+01   -4.4153818899E+04
    5.6500000000E+01   -4.4262653752E+04
    5.7500000000E+01   -4.4373795048E+04
    5.8500000000E+01   -4.4487381843E+04
    5.9500000000E+01   -4.4603555954E+04
    6.0500000000E+01   -4.4722460308E+04
    6.1500000000E+01   -4.4844236598E+04
    6.2500000000E+01   -4.4969022068E+04
    6.3500000000E+01   -4.5096945210E+04
    6.4500000000E+01   -4.5228120447E+04
    6.5500000000E+01   -4.5362648280E+04
    6.6500000000E+01   -4.5500621960E+04
    6.7500000000E+01   -4.5642132694E+04
    6.8500000000E+01   -4.5787268218E+04
    6.9500000000E+01   -4.5936080772E+04
    7.0500000000E+01   -4.6088520935E+04
    7.1500000000E+01   -4.6244380272E+04
    7.2500000000E+01   -4.6403320647E+04
    7.3500000000E+01   -4.6565171112E+04
    7.4500000000E+01   -4.6730073390E+04
    7.5500000000E+01   -4.6898327068E+04
    7.6500000000E+01   -4.7070356436E+04
    7.7500000000E+01   -4.7246744118E+04
    7.8500000000E+01   -4.7428279733E+04
    7.9500000000E+01   -4.7615965569E+04
    8.0500000000E+01   -4.7810848903E+04
    8.1500000000E+01   -4.8013792319E+04
    8.2500000000E+01   -4.8225295426E+04
    8.3500000000E+01   -4.8445267994E+04
    8.4500000000E+01   -4.8672796398E+04
    8.5500000000E+01   -4.8906343060E+04
    8.6500000000E+01   -4.9144393834E+04
    8.7500000000E+01   -4.9385991750E+04
    8.8500000000E+01   -4.9631149288E+04
    8.9500000000E+01   -4.9881093063E+04
    9.0500000000E+01   -5.0138379859E+04
    9.1500000000E+01   -5.0407269873E+04
    9.2500000000E+01   -5.0694164725E+04
    9.3500000000E+01   -5.1007302854E+04
    9.4500000000E+01   -5.1355976632E+04
    9.5500000000E+01   -5.1750079656E+04
    9.6500000000E+01   -5.2204270395E+04
    9.7500000000E+01   -5.2746895170E+04
    9.8500000000E+01   -5.3433960451E+04
    9.9500000000E+01   -5.4392000000E+04
