 # iter=          4  time[s]=   1.899061E-09  x[nm]  mu[J/mol]
    5.0000000000E-01   -3.9748000000E+04
    1.5000000000E+00   -3.9894958712E+04
    2.5000000000E+00   -4.0042657556E+04
    3.5000000000E+00   -4.0190515945E+04
    4.5000000000E+00   -4.0338384998E+04
    5.5000000000E+00   -4.0486234126E+04
    6.5000000000E+00   -4.0634065596E+04
    7.5000000000E+00   -4.0781887487E+04
    8.5000000000E+00   -4.0929708302E+04
    9.5000000000E+00   -4.1077538470E+04
    1.0500000000E+01   -4.1225383671E+04
    1.1500000000E+01   -4.1373248688E+04
    1.2500000000E+01   -4.1521137355E+04
    1.3500000000E+01   -4.1669051020E+04
    1.4500000000E+01   -4.1816984344E+04
    1.5500000000E+01   -4.1964919327E+04
    1.6500000000E+01   -4.2112843050E+04
    1.7500000000E+01   -4.2260751904E+04
    1.8500000000E+01   -4.2408645672E+04
    1.9500000000E+01   -4.2556526473E+04
    2.0500000000E+01   -4.2704400732E+04
    2.1500000000E+01   -4.2852272209E+04
    2.2500000000E+01   -4.3000142762E+04
    2.3500000000E+01   -4.3148013814E+04
    2.4500000000E+01   -4.3295886968E+04
    2.5500000000E+01   -4.3443765039E+04
    2.6500000000E+01   -4.3591652886E+04
    2.7500000000E+01   -4.3739553584E+04
    2.8500000000E+01   -4.3887468987E+04
    2.9500000000E+01   -4.4035398442E+04
    3.0500000000E+01   -4.4183340833E+04
    3.1500000000E+01   -4.4331295112E+04
    3.2500000000E+01   -4.4479260387E+04
    3.3500000000E+01   -4.4627235913E+04
    3.4500000000E+01   -4.4775221080E+04
    3.5500000000E+01   -4.4923215412E+04
    3.6500000000E+01   -4.5071218697E+04
    3.7500000000E+01   -4.5219232548E+04
    3.8500000000E+01   -4.5367270182E+04
    3.9500000000E+01   -4.5515329015E+04
    4.0500000000E+01   -4.5663400845E+04
    4.1500000000E+01   -4.5811477971E+04
    4.2500000000E+01   -4.5959551519E+04
    4.3500000000E+01   -4.6107624496E+04
    4.4500000000E+01   -4.6255683058E+04
    4.5500000000E+01   -4.6403684713E+04
    4.6500000000E+01   -4.6551625839E+04
    4.7500000000E+01   -4.6699543452E+04
    4.8500000000E+01   -4.6847451534E+04
    4.9500000000E+01   -4.6995352656E+04
    5.0500000000E+01   -4.7143248268E+04
    5.1500000000E+01   -4.7291140226E+04
    5.2500000000E+01   -4.7439035327E+04
    5.3500000000E+01   -4.7586943897E+04
    5.4500000000E+01   -4.7734872218E+04
    5.5500000000E+01   -4.7882818771E+04
    5.6500000000E+01   -4.8030781145E+04
    5.7500000000E+01   -4.8178757448E+04
    5.8500000000E+01   -4.8326746298E+04
    5.9500000000E+01   -4.8474745831E+04
    6.0500000000E+01   -4.8622747658E+04
    6.1500000000E+01   -4.8770740433E+04
    6.2500000000E+01   -4.8918718541E+04
    6.3500000000E+01   -4.9066681051E+04
    6.4500000000E+01   -4.9214624040E+04
    6.5500000000E+01   -4.9362543729E+04
    6.6500000000E+01   -4.9510440685E+04
    6.7500000000E+01   -4.9658317103E+04
    6.8500000000E+01   -4.9806175266E+04
    6.9500000000E+01   -4.9954017442E+04
    7.0500000000E+01   -5.0101845907E+04
    7.1500000000E+01   -5.0249663447E+04
    7.2500000000E+01   -5.0397479296E+04
    7.3500000000E+01   -5.0545308958E+04
    7.4500000000E+01   -5.0693161140E+04
    7.5500000000E+01   -5.0841034786E+04
    7.6500000000E+01   -5.0988927757E+04
    7.7500000000E+01   -5.1136838167E+04
    7.8500000000E+01   -5.1284763078E+04
    7.9500000000E+01   -5.1432693494E+04
    8.0500000000E+01   -5.1580621024E+04
    8.1500000000E+01   -5.1728540971E+04
    8.2500000000E+01   -5.1876453794E+04
    8.3500000000E+01   -5.2024365128E+04
    8.4500000000E+01   -5.2172276114E+04
    8.5500000000E+01   -5.2320191514E+04
    8.6500000000E+01   -5.2468107899E+04
    8.7500000000E+01   -5.2616024896E+04
    8.8500000000E+01   -5.2763942450E+04
    8.9500000000E+01   -5.2911860519E+04
    9.0500000000E+01   -5.3059779063E+04
    9.1500000000E+01   -5.3207698042E+04
    9.2500000000E+01   -5.3355617418E+04
    9.3500000000E+01   -5.3503537152E+04
    9.4500000000E+01   -5.3651457207E+04
    9.5500000000E+01   -5.3799377545E+04
    9.6500000000E+01   -5.3947298160E+04
    9.7500000000E+01   -5.4095220186E+04
    9.8500000000E+01   -5.4243181297E+04
    9.9500000000E+01   -5.4392000000E+04
