 # iter=         64  time[s]=   2.899395E-05  x[nm]  mu[J/mol]
    5.0000000000E-01   -3.9748000000E+04
    1.5000000000E+00   -3.9810814646E+04
    2.5000000000E+00   -3.9874034291E+04
    3.5000000000E+00   -3.9937666611E+04
    4.5000000000E+00   -4.0001716724E+04
    5.5000000000E+00   -4.0066186956E+04
    6.5000000000E+00   -4.0131076686E+04
    7.5000000000E+00   -4.0196383700E+04
    8.5000000000E+00   -4.0262106887E+04
    9.5000000000E+00   -4.0328247703E+04
    1.0500000000E+01   -4.0394810426E+04
    1.1500000000E+01   -4.0461802383E+04
    1.2500000000E+01   -4.0529233937E+04
    1.3500000000E+01   -4.0597117088E+04
    1.4500000000E+01   -4.0665463798E+04
    1.5500000000E+01   -4.0734285539E+04
    1.6500000000E+01   -4.0803593239E+04
    1.7500000000E+01   -4.0873397303E+04
    1.8500000000E+01   -4.0943707865E+04
    1.9500000000E+01   -4.1014535033E+04
    2.0500000000E+01   -4.1085888928E+04
    2.1500000000E+01   -4.1157779683E+04
    2.2500000000E+01   -4.1230217440E+04
    2.3500000000E+01   -4.1303212343E+04
    2.4500000000E+01   -4.1376774529E+04
    2.5500000000E+01   -4.1450914115E+04
    2.6500000000E+01   -4.1525641186E+04
    2.7500000000E+01   -4.1600965779E+04
    2.8500000000E+01   -4.1676897857E+04
    2.9500000000E+01   -4.1753447292E+04
    3.0500000000E+01   -4.1830623862E+04
    3.1500000000E+01   -4.1908437689E+04
    3.2500000000E+01   -4.1986900024E+04
    3.3500000000E+01   -4.2066023705E+04
    3.4500000000E+01   -4.2145823309E+04
    3.5500000000E+01   -4.2226315326E+04
    3.6500000000E+01   -4.2307518337E+04
    3.7500000000E+01   -4.2389453221E+04
    3.8500000000E+01   -4.2472143382E+04
    3.9500000000E+01   -4.2555615008E+04
    4.0500000000E+01   -4.2639897399E+04
    4.1500000000E+01   -4.2725023363E+04
    4.2500000000E+01   -4.2811029625E+04
    4.3500000000E+01   -4.2897957275E+04
    4.4500000000E+01   -4.2985852282E+04
    4.5500000000E+01   -4.3074766092E+04
    4.6500000000E+01   -4.3164756323E+04
    4.7500000000E+01   -4.3255887579E+04
    4.8500000000E+01   -4.3348232419E+04
    4.9500000000E+01   -4.3441872501E+04
    5.0500000000E+01   -4.3536899759E+04
    5.1500000000E+01   -4.3633415343E+04
    5.2500000000E+01   -4.3731526800E+04
    5.3500000000E+01   -4.3831346976E+04
    5.4500000000E+01   -4.3932994267E+04
    5.5500000000E+01   -4.4036592821E+04
    5.6500000000E+01   -4.4142272626E+04
    5.7500000000E+01   -4.4250169454E+04
    5.8500000000E+01   -4.4360424582E+04
    5.9500000000E+01   -4.4473184225E+04
    6.0500000000E+01   -4.4588598575E+04
    6.1500000000E+01   -4.4706820311E+04
    6.2500000000E+01   -4.4828002423E+04
    6.3500000000E+01   -4.4952295157E+04
    6.4500000000E+01   -4.5079841843E+04
    6.5500000000E+01   -4.5210773478E+04
    6.6500000000E+01   -4.5345207662E+04
    6.7500000000E+01   -4.5483256993E+04
    6.8500000000E+01   -4.5625036438E+04
    6.9500000000E+01   -4.5770663899E+04
    7.0500000000E+01   -4.5920233198E+04
    7.1500000000E+01   -4.6073743144E+04
    7.2500000000E+01   -4.6231030806E+04
    7.3500000000E+01   -4.6391780968E+04
    7.4500000000E+01   -4.6555820859E+04
    7.5500000000E+01   -4.6723305305E+04
    7.6500000000E+01   -4.6894572971E+04
    7.7500000000E+01   -4.7070102109E+04
    7.8500000000E+01   -4.7250550973E+04
    7.9500000000E+01   -4.7436816843E+04
    8.0500000000E+01   -4.7630042834E+04
    8.1500000000E+01   -4.7831426460E+04
    8.2500000000E+01   -4.8041957491E+04
    8.3500000000E+01   -4.8262197499E+04
    8.4500000000E+01   -4.8491987791E+04
    8.5500000000E+01   -4.8730193140E+04
    8.6500000000E+01   -4.8975063061E+04
    8.7500000000E+01   -4.9225019146E+04
    8.8500000000E+01   -4.9479274705E+04
    8.9500000000E+01   -4.9738319664E+04
    9.0500000000E+01   -5.0004166869E+04
    9.1500000000E+01   -5.0280622979E+04
    9.2500000000E+01   -5.0573952721E+04
    9.3500000000E+01   -5.0892979199E+04
    9.4500000000E+01   -5.1248333310E+04
    9.5500000000E+01   -5.1651409361E+04
    9.6500000000E+01   -5.2117478810E+04
    9.7500000000E+01   -5.2675995713E+04
    9.8500000000E+01   -5.3387419872E+04
    9.9500000000E+01   -5.4392000000E+04
