 # iter=         37  time[s]=   1.549395E-05  x[nm]  mu[J/mol]
    5.0000000000E-01   -3.9748000000E+04
    1.5000000000E+00   -3.9813468388E+04
    2.5000000000E+00   -3.9879375025E+04
    3.5000000000E+00   -3.9945726454E+04
    4.5000000000E+00   -4.0012526178E+04
    5.5000000000E+00   -4.0079774404E+04
    6.5000000000E+00   -4.0147468048E+04
    7.5000000000E+00   -4.0215602890E+04
    8.5000000000E+00   -4.0284176658E+04
    9.5000000000E+00   -4.0353190229E+04
    1.0500000000E+01   -4.0422647898E+04
    1.1500000000E+01   -4.0492557619E+04
    1.2500000000E+01   -4.0562930339E+04
    1.3500000000E+01   -4.0633777985E+04
    1.4500000000E+01   -4.0705112080E+04
    1.5500000000E+01   -4.0776943602E+04
    1.6500000000E+01   -4.0849282959E+04
    1.7500000000E+01   -4.0922140173E+04
    1.8500000000E+01   -4.0995525150E+04
    1.9500000000E+01   -4.1069447789E+04
    2.0500000000E+01   -4.1143917964E+04
    2.1500000000E+01   -4.1218945512E+04
    2.2500000000E+01   -4.1294540209E+04
    2.3500000000E+01   -4.1370711739E+04
    2.4500000000E+01   -4.1447469669E+04
    2.5500000000E+01   -4.1524823407E+04
    2.6500000000E+01   -4.1602782161E+04
    2.7500000000E+01   -4.1681354895E+04
    2.8500000000E+01   -4.1760550273E+04
    2.9500000000E+01   -4.1840376654E+04
    3.0500000000E+01   -4.1920842676E+04
    3.1500000000E+01   -4.2001958265E+04
    3.2500000000E+01   -4.2083735104E+04
    3.3500000000E+01   -4.2166186797E+04
    3.4500000000E+01   -4.2249329069E+04
    3.5500000000E+01   -4.2333179961E+04
    3.6500000000E+01   -4.2417760069E+04
    3.7500000000E+01   -4.2503092791E+04
    3.8500000000E+01   -4.2589204634E+04
    3.9500000000E+01   -4.2676125517E+04
    4.0500000000E+01   -4.2763889124E+04
    4.1500000000E+01   -4.2852533333E+04
    4.2500000000E+01   -4.2942100683E+04
    4.3500000000E+01   -4.3032638929E+04
    4.4500000000E+01   -4.3124201674E+04
    4.5500000000E+01   -4.3216849121E+04
    4.6500000000E+01   -4.3310648949E+04
    4.7500000000E+01   -4.3405677360E+04
    4.8500000000E+01   -4.3502020310E+04
    4.9500000000E+01   -4.3599773432E+04
    5.0500000000E+01   -4.3699039317E+04
    5.1500000000E+01   -4.3799925271E+04
    5.2500000000E+01   -4.3902543277E+04
    5.3500000000E+01   -4.4007010118E+04
    5.4500000000E+01   -4.4113447393E+04
    5.5500000000E+01   -4.4221981368E+04
    5.6500000000E+01   -4.4332742626E+04
    5.7500000000E+01   -4.4445865429E+04
    5.8500000000E+01   -4.4561486706E+04
    5.9500000000E+01   -4.4679744551E+04
    6.0500000000E+01   -4.4800776095E+04
    6.1500000000E+01   -4.4924714578E+04
    6.2500000000E+01   -4.5051685435E+04
    6.3500000000E+01   -4.5181801199E+04
    6.4500000000E+01   -4.5315158645E+04
    6.5500000000E+01   -4.5451843037E+04
    6.6500000000E+01   -4.5591934260E+04
    6.7500000000E+01   -4.5735507269E+04
    6.8500000000E+01   -4.5882615208E+04
    6.9500000000E+01   -4.6033234172E+04
    7.0500000000E+01   -4.6187199880E+04
    7.1500000000E+01   -4.6344185782E+04
    7.2500000000E+01   -4.6503913287E+04
    7.3500000000E+01   -4.6666399869E+04
    7.4500000000E+01   -4.6831879508E+04
    7.5500000000E+01   -4.7000697159E+04
    7.6500000000E+01   -4.7173331739E+04
    7.7500000000E+01   -4.7350433583E+04
    7.8500000000E+01   -4.7532863873E+04
    7.9500000000E+01   -4.7721602368E+04
    8.0500000000E+01   -4.7917535793E+04
    8.1500000000E+01   -4.8121280953E+04
    8.2500000000E+01   -4.8333009579E+04
    8.3500000000E+01   -4.8552227846E+04
    8.4500000000E+01   -4.8777701659E+04
    8.5500000000E+01   -4.9007903267E+04
    8.6500000000E+01   -4.9241595355E+04
    8.7500000000E+01   -4.9478221391E+04
    8.8500000000E+01   -4.9718223949E+04
    8.9500000000E+01   -4.9963163213E+04
    9.0500000000E+01   -5.0215848028E+04
    9.1500000000E+01   -5.0480751830E+04
    9.2500000000E+01   -5.0764221414E+04
    9.3500000000E+01   -5.1074040521E+04
    9.4500000000E+01   -5.1418712841E+04
    9.5500000000E+01   -5.1807425186E+04
    9.6500000000E+01   -5.2254618520E+04
    9.7500000000E+01   -5.2787905893E+04
    9.8500000000E+01   -5.3460726844E+04
    9.9500000000E+01   -5.4392000000E+04
