 # iter=         32  time[s]=   1.299395E-05  x[nm]  mu[J/mol]
    5.0000000000E-01   -3.9748000000E+04
    1.5000000000E+00   -3.9815296474E+04
    2.5000000000E+00   -3.9883055104E+04
    3.5000000000E+00   -3.9951281819E+04
    4.5000000000E+00   -4.0019979141E+04
    5.5000000000E+00   -4.0089145904E+04
    6.5000000000E+00   -4.0158777469E+04
    7.5000000000E+00   -4.0228868472E+04
    8.5000000000E+00   -4.0299416103E+04
    9.5000000000E+00   -4.0370421135E+04
    1.0500000000E+01   -4.0441888211E+04
    1.1500000000E+01   -4.0513826019E+04
    1.2500000000E+01   -4.0586245991E+04
    1.3500000000E+01   -4.0659160044E+04
    1.4500000000E+01   -4.0732579572E+04
    1.5500000000E+01   -4.0806515371E+04
    1.6500000000E+01   -4.0880977703E+04
    1.7500000000E+01   -4.0955976537E+04
    1.8500000000E+01   -4.1031521784E+04
    1.9500000000E+01   -4.1107623322E+04
    2.0500000000E+01   -4.1184290970E+04
    2.1500000000E+01   -4.1261534457E+04
    2.2500000000E+01   -4.1339363384E+04
    2.3500000000E+01   -4.1417787179E+04
    2.4500000000E+01   -4.1496815048E+04
    2.5500000000E+01   -4.1576455917E+04
    2.6500000000E+01   -4.1656718369E+04
    2.7500000000E+01   -4.1737610571E+04
    2.8500000000E+01   -4.1819140210E+04
    2.9500000000E+01   -4.1901314878E+04
    3.0500000000E+01   -4.1984143248E+04
    3.1500000000E+01   -4.2067635793E+04
    3.2500000000E+01   -4.2151804998E+04
    3.3500000000E+01   -4.2236665563E+04
    3.4500000000E+01   -4.2322234618E+04
    3.5500000000E+01   -4.2408531968E+04
    3.6500000000E+01   -4.2495580363E+04
    3.7500000000E+01   -4.2583405809E+04
    3.8500000000E+01   -4.2672037861E+04
    3.9500000000E+01   -4.2761509935E+04
    4.0500000000E+01   -4.2851859738E+04
    4.1500000000E+01   -4.2943129747E+04
    4.2500000000E+01   -4.3035367767E+04
    4.3500000000E+01   -4.3128627576E+04
    4.4500000000E+01   -4.3222969683E+04
    4.5500000000E+01   -4.3318462220E+04
    4.6500000000E+01   -4.3415182011E+04
    4.7500000000E+01   -4.3513215788E+04
    4.8500000000E+01   -4.3612659673E+04
    4.9500000000E+01   -4.3713616185E+04
    5.0500000000E+01   -4.3816192093E+04
    5.1500000000E+01   -4.3920498402E+04
    5.2500000000E+01   -4.4026650387E+04
    5.3500000000E+01   -4.4134767503E+04
    5.4500000000E+01   -4.4244973112E+04
    5.5500000000E+01   -4.4357393972E+04
    5.6500000000E+01   -4.4472159408E+04
    5.7500000000E+01   -4.4589400078E+04
    5.8500000000E+01   -4.4709246200E+04
    5.9500000000E+01   -4.4831825121E+04
    6.0500000000E+01   -4.4957258047E+04
    6.1500000000E+01   -4.5085655764E+04
    6.2500000000E+01   -4.5217113330E+04
    6.3500000000E+01   -4.5351709290E+04
    6.4500000000E+01   -4.5489508739E+04
    6.5500000000E+01   -4.5630567218E+04
    6.6500000000E+01   -4.5774928528E+04
    6.7500000000E+01   -4.5922596503E+04
    6.8500000000E+01   -4.6073479295E+04
    6.9500000000E+01   -4.6227336589E+04
    7.0500000000E+01   -4.6383793680E+04
    7.1500000000E+01   -4.6542609686E+04
    7.2500000000E+01   -4.6703845587E+04
    7.3500000000E+01   -4.6867721558E+04
    7.4500000000E+01   -4.7034558537E+04
    7.5500000000E+01   -4.7204801061E+04
    7.6500000000E+01   -4.7379049918E+04
    7.7500000000E+01   -4.7558084133E+04
    7.8500000000E+01   -4.7742748756E+04
    7.9500000000E+01   -4.7933762617E+04
    8.0500000000E+01   -4.8131579084E+04
    8.1500000000E+01   -4.8336243053E+04
    8.2500000000E+01   -4.8547220615E+04
    8.3500000000E+01   -4.8763357370E+04
    8.4500000000E+01   -4.8983266951E+04
    8.5500000000E+01   -4.9205817938E+04
    8.6500000000E+01   -4.9430429988E+04
    8.7500000000E+01   -4.9657328495E+04
    8.8500000000E+01   -4.9887633846E+04
    8.9500000000E+01   -5.0123405356E+04
    9.0500000000E+01   -5.0367863865E+04
    9.1500000000E+01   -5.0625707243E+04
    9.2500000000E+01   -5.0902906460E+04
    9.3500000000E+01   -5.1206225519E+04
    9.4500000000E+01   -5.1542681652E+04
    9.5500000000E+01   -5.1920448637E+04
    9.6500000000E+01   -5.2353673867E+04
    9.7500000000E+01   -5.2868320173E+04
    9.8500000000E+01   -5.3512870048E+04
    9.9500000000E+01   -5.4392000000E+04
