 # iter=         54  time[s]=   2.399395E-05  x[nm]  mu[J/mol]
    5.0000000000E-01   -3.9748000000E+04
    1.5000000000E+00   -3.9811119872E+04
    2.5000000000E+00   -3.9874648476E+04
    3.5000000000E+00   -3.9938593342E+04
    4.5000000000E+00   -4.0002959388E+04
    5.5000000000E+00   -4.0067748686E+04
    6.5000000000E+00   -4.0132960319E+04
    7.5000000000E+00   -4.0198591817E+04
    8.5000000000E+00   -4.0264641914E+04
    9.5000000000E+00   -4.0331111970E+04
    1.0500000000E+01   -4.0398006236E+04
    1.1500000000E+01   -4.0465332079E+04
    1.2500000000E+01   -4.0533099917E+04
    1.3500000000E+01   -4.0601321741E+04
    1.4500000000E+01   -4.0670009446E+04
    1.5500000000E+01   -4.0739174429E+04
    1.6500000000E+01   -4.0808827542E+04
    1.7500000000E+01   -4.0878979125E+04
    1.8500000000E+01   -4.0949639266E+04
    1.9500000000E+01   -4.1020818039E+04
    2.0500000000E+01   -4.1092525524E+04
    2.1500000000E+01   -4.1164771812E+04
    2.2500000000E+01   -4.1237566993E+04
    2.3500000000E+01   -4.1310921153E+04
    2.4500000000E+01   -4.1384844357E+04
    2.5500000000E+01   -4.1459346641E+04
    2.6500000000E+01   -4.1534437988E+04
    2.7500000000E+01   -4.1610128314E+04
    2.8500000000E+01   -4.1686427439E+04
    2.9500000000E+01   -4.1763345064E+04
    3.0500000000E+01   -4.1840890793E+04
    3.1500000000E+01   -4.1919074647E+04
    3.2500000000E+01   -4.1997907885E+04
    3.3500000000E+01   -4.2077403385E+04
    3.4500000000E+01   -4.2157575807E+04
    3.5500000000E+01   -4.2238441765E+04
    3.6500000000E+01   -4.2320020011E+04
    3.7500000000E+01   -4.2402331646E+04
    3.8500000000E+01   -4.2485400354E+04
    3.9500000000E+01   -4.2569252671E+04
    4.0500000000E+01   -4.2653918322E+04
    4.1500000000E+01   -4.2739430611E+04
    4.2500000000E+01   -4.2825826839E+04
    4.3500000000E+01   -4.2913148752E+04
    4.4500000000E+01   -4.3001443077E+04
    4.5500000000E+01   -4.3090762123E+04
    4.6500000000E+01   -4.3181164503E+04
    4.7500000000E+01   -4.3272715966E+04
    4.8500000000E+01   -4.3365490391E+04
    4.9500000000E+01   -4.3459570967E+04
    5.0500000000E+01   -4.3555051178E+04
    5.1500000000E+01   -4.3652033169E+04
    5.2500000000E+01   -4.3750624979E+04
    5.3500000000E+01   -4.3850939888E+04
    5.4500000000E+01   -4.3953096665E+04
    5.5500000000E+01   -4.4057219739E+04
    5.6500000000E+01   -4.4163439255E+04
    5.7500000000E+01   -4.4271890950E+04
    5.8500000000E+01   -4.4382715823E+04
    5.9500000000E+01   -4.4496059472E+04
    6.0500000000E+01   -4.4612071025E+04
    6.1500000000E+01   -4.4730901512E+04
    6.2500000000E+01   -4.4852701526E+04
    6.3500000000E+01   -4.4977617957E+04
    6.4500000000E+01   -4.5105789582E+04
    6.5500000000E+01   -4.5237341686E+04
    6.6500000000E+01   -4.5372387080E+04
    6.7500000000E+01   -4.5511034907E+04
    6.8500000000E+01   -4.5653396287E+04
    6.9500000000E+01   -4.5799582793E+04
    7.0500000000E+01   -4.5949669637E+04
    7.1500000000E+01   -4.6103622290E+04
    7.2500000000E+01   -4.6261237184E+04
    7.3500000000E+01   -4.6422194507E+04
    7.4500000000E+01   -4.6586375541E+04
    7.5500000000E+01   -4.6753978450E+04
    7.6500000000E+01   -4.6925356309E+04
    7.7500000000E+01   -4.7101004766E+04
    7.8500000000E+01   -4.7281603751E+04
    7.9500000000E+01   -4.7468076742E+04
    8.0500000000E+01   -4.7661567147E+04
    8.1500000000E+01   -4.7863225796E+04
    8.2500000000E+01   -4.8073963522E+04
    8.3500000000E+01   -4.8294233389E+04
    8.4500000000E+01   -4.8523739288E+04
    8.5500000000E+01   -4.8761237520E+04
    8.6500000000E+01   -4.9004985221E+04
    8.7500000000E+01   -4.9253504170E+04
    8.8500000000E+01   -4.9506149352E+04
    8.9500000000E+01   -4.9763554894E+04
    9.0500000000E+01   -5.0027841488E+04
    9.1500000000E+01   -5.0302901496E+04
    9.2500000000E+01   -5.0595045137E+04
    9.3500000000E+01   -5.0913014478E+04
    9.4500000000E+01   -5.1267209788E+04
    9.5500000000E+01   -5.1668737897E+04
    9.6500000000E+01   -5.2132736901E+04
    9.7500000000E+01   -5.2688477980E+04
    9.8500000000E+01   -5.3395637640E+04
    9.9500000000E+01   -5.4392000000E+04
