 # iter=         45  time[s]=   1.949395E-05  x[nm]  mu[J/mol]
    5.0000000000E-01   -3.9748000000E+04
    1.5000000000E+00   -3.9811874633E+04
    2.5000000000E+00   -3.9876167335E+04
    3.5000000000E+00   -3.9940885290E+04
    4.5000000000E+00   -4.0006032938E+04
    5.5000000000E+00   -4.0071611738E+04
    6.5000000000E+00   -4.0137620052E+04
    7.5000000000E+00   -4.0204054814E+04
    8.5000000000E+00   -4.0270914390E+04
    9.5000000000E+00   -4.0338199944E+04
    1.0500000000E+01   -4.0405915688E+04
    1.1500000000E+01   -4.0474069127E+04
    1.2500000000E+01   -4.0542670834E+04
    1.3500000000E+01   -4.0611732773E+04
    1.4500000000E+01   -4.0681266692E+04
    1.5500000000E+01   -4.0751283829E+04
    1.6500000000E+01   -4.0821794862E+04
    1.7500000000E+01   -4.0892809995E+04
    1.8500000000E+01   -4.0964339231E+04
    1.9500000000E+01   -4.1036392564E+04
    2.0500000000E+01   -4.1108979994E+04
    2.1500000000E+01   -4.1182111512E+04
    2.2500000000E+01   -4.1255797095E+04
    2.3500000000E+01   -4.1330046689E+04
    2.4500000000E+01   -4.1404870192E+04
    2.5500000000E+01   -4.1480277435E+04
    2.6500000000E+01   -4.1556278154E+04
    2.7500000000E+01   -4.1632881964E+04
    2.8500000000E+01   -4.1710098326E+04
    2.9500000000E+01   -4.1787936509E+04
    3.0500000000E+01   -4.1866405713E+04
    3.1500000000E+01   -4.1945515807E+04
    3.2500000000E+01   -4.2025278111E+04
    3.3500000000E+01   -4.2105705661E+04
    3.4500000000E+01   -4.2186813374E+04
    3.5500000000E+01   -4.2268618228E+04
    3.6500000000E+01   -4.2351139462E+04
    3.7500000000E+01   -4.2434398800E+04
    3.8500000000E+01   -4.2518420700E+04
    3.9500000000E+01   -4.2603232650E+04
    4.0500000000E+01   -4.2688865512E+04
    4.1500000000E+01   -4.2775353914E+04
    4.2500000000E+01   -4.2862736672E+04
    4.3500000000E+01   -4.2951057277E+04
    4.4500000000E+01   -4.3040364450E+04
    4.5500000000E+01   -4.3130712791E+04
    4.6500000000E+01   -4.3222163541E+04
    4.7500000000E+01   -4.3314785477E+04
    4.8500000000E+01   -4.3408655975E+04
    4.9500000000E+01   -4.3503862256E+04
    5.0500000000E+01   -4.3600501338E+04
    5.1500000000E+01   -4.3698677383E+04
    5.2500000000E+01   -4.3798499637E+04
    5.3500000000E+01   -4.3900082483E+04
    5.4500000000E+01   -4.4003545618E+04
    5.5500000000E+01   -4.4109014146E+04
    5.6500000000E+01   -4.4216618513E+04
    5.7500000000E+01   -4.4326494253E+04
    5.8500000000E+01   -4.4438781463E+04
    5.9500000000E+01   -4.4553623909E+04
    6.0500000000E+01   -4.4671167659E+04
    6.1500000000E+01   -4.4791559093E+04
    6.2500000000E+01   -4.4914942100E+04
    6.3500000000E+01   -4.5041454282E+04
    6.4500000000E+01   -4.5171221913E+04
    6.5500000000E+01   -4.5304356401E+04
    6.6500000000E+01   -4.5440959573E+04
    6.7500000000E+01   -4.5581131585E+04
    6.8500000000E+01   -4.5724972654E+04
    6.9500000000E+01   -4.5872569508E+04
    7.0500000000E+01   -4.6023937899E+04
    7.1500000000E+01   -4.6178952643E+04
    7.2500000000E+01   -4.6337316682E+04
    7.3500000000E+01   -4.6498761313E+04
    7.4500000000E+01   -4.6663316024E+04
    7.5500000000E+01   -4.6831247447E+04
    7.6500000000E+01   -4.7002945992E+04
    7.7500000000E+01   -4.7178952750E+04
    7.8500000000E+01   -4.7360004736E+04
    7.9500000000E+01   -4.7547080545E+04
    8.0500000000E+01   -4.7741292801E+04
    8.1500000000E+01   -4.7943648930E+04
    8.2500000000E+01   -4.8154847666E+04
    8.3500000000E+01   -4.8375057014E+04
    8.4500000000E+01   -4.8603637363E+04
    8.5500000000E+01   -4.8839142388E+04
    8.6500000000E+01   -4.9079918776E+04
    8.7500000000E+01   -4.9324758164E+04
    8.8500000000E+01   -4.9573371099E+04
    8.9500000000E+01   -4.9826727502E+04
    9.0500000000E+01   -5.0087194987E+04
    9.1500000000E+01   -5.0358870085E+04
    9.2500000000E+01   -5.0648137655E+04
    9.3500000000E+01   -5.0963494269E+04
    9.4500000000E+01   -5.1314750171E+04
    9.5500000000E+01   -5.1712332296E+04
    9.6500000000E+01   -5.2171092499E+04
    9.7500000000E+01   -5.2719822114E+04
    9.8500000000E+01   -5.3416228215E+04
    9.9500000000E+01   -5.4392000000E+04
