 # iter=         56  time[s]=   2.499395E-05  x[nm]  mu[J/mol]
    5.0000000000E-01   -3.9748000000E+04
    1.5000000000E+00   -3.9811029903E+04
    2.5000000000E+00   -3.9874467435E+04
    3.5000000000E+00   -3.9938320169E+04
    4.5000000000E+00   -4.0002593080E+04
    5.5000000000E+00   -4.0067288317E+04
    6.5000000000E+00   -4.0132405049E+04
    7.5000000000E+00   -4.0197940880E+04
    8.5000000000E+00   -4.0263894589E+04
    9.5000000000E+00   -4.0330267564E+04
    1.0500000000E+01   -4.0397064063E+04
    1.1500000000E+01   -4.0464291441E+04
    1.2500000000E+01   -4.0531960099E+04
    1.3500000000E+01   -4.0600082029E+04
    1.4500000000E+01   -4.0668669147E+04
    1.5500000000E+01   -4.0737732873E+04
    1.6500000000E+01   -4.0807284078E+04
    1.7500000000E+01   -4.0877333121E+04
    1.8500000000E+01   -4.0947890105E+04
    1.9500000000E+01   -4.1018965111E+04
    2.0500000000E+01   -4.1090568234E+04
    2.1500000000E+01   -4.1162709574E+04
    2.2500000000E+01   -4.1235399239E+04
    2.3500000000E+01   -4.1308647329E+04
    2.4500000000E+01   -4.1382463931E+04
    2.5500000000E+01   -4.1456859105E+04
    2.6500000000E+01   -4.1531842866E+04
    2.7500000000E+01   -4.1607425163E+04
    2.8500000000E+01   -4.1683615859E+04
    2.9500000000E+01   -4.1760424706E+04
    3.0500000000E+01   -4.1837861358E+04
    3.1500000000E+01   -4.1915935865E+04
    3.2500000000E+01   -4.1994659482E+04
    3.3500000000E+01   -4.2074045073E+04
    3.4500000000E+01   -4.2154107273E+04
    3.5500000000E+01   -4.2234862658E+04
    3.6500000000E+01   -4.2316329927E+04
    3.7500000000E+01   -4.2398530116E+04
    3.8500000000E+01   -4.2481486824E+04
    3.9500000000E+01   -4.2565226480E+04
    4.0500000000E+01   -4.2649778684E+04
    4.1500000000E+01   -4.2735176591E+04
    4.2500000000E+01   -4.2821457329E+04
    4.3500000000E+01   -4.2908662449E+04
    4.4500000000E+01   -4.2996838451E+04
    4.5500000000E+01   -4.3086037387E+04
    4.6500000000E+01   -4.3176317571E+04
    4.7500000000E+01   -4.3267744412E+04
    4.8500000000E+01   -4.3360391393E+04
    4.9500000000E+01   -4.3454341246E+04
    5.0500000000E+01   -4.3549687003E+04
    5.1500000000E+01   -4.3646530527E+04
    5.2500000000E+01   -4.3744979713E+04
    5.3500000000E+01   -4.3845147712E+04
    5.4500000000E+01   -4.3947153184E+04
    5.5500000000E+01   -4.4051120476E+04
    5.6500000000E+01   -4.4157179686E+04
    5.7500000000E+01   -4.4265466567E+04
    5.8500000000E+01   -4.4376122202E+04
    5.9500000000E+01   -4.4489292380E+04
    6.0500000000E+01   -4.4605126550E+04
    6.1500000000E+01   -4.4723776243E+04
    6.2500000000E+01   -4.4845392776E+04
    6.3500000000E+01   -4.4970124051E+04
    6.4500000000E+01   -4.5098110215E+04
    6.5500000000E+01   -4.5229478242E+04
    6.6500000000E+01   -4.5364342333E+04
    6.7500000000E+01   -4.5502812649E+04
    6.8500000000E+01   -4.5645001475E+04
    6.9500000000E+01   -4.5791022420E+04
    7.0500000000E+01   -4.5940956498E+04
    7.1500000000E+01   -4.6094779249E+04
    7.2500000000E+01   -4.6252299182E+04
    7.3500000000E+01   -4.6413196225E+04
    7.4500000000E+01   -4.6577335103E+04
    7.5500000000E+01   -4.6744902274E+04
    7.6500000000E+01   -4.6916246539E+04
    7.7500000000E+01   -4.7091858362E+04
    7.8500000000E+01   -4.7272411205E+04
    7.9500000000E+01   -4.7458820934E+04
    8.0500000000E+01   -4.7652231593E+04
    8.1500000000E+01   -4.7853808526E+04
    8.2500000000E+01   -4.8064486233E+04
    8.3500000000E+01   -4.8284750187E+04
    8.4500000000E+01   -4.8514345022E+04
    8.5500000000E+01   -4.8752057580E+04
    8.6500000000E+01   -4.8996140946E+04
    8.7500000000E+01   -4.9245086758E+04
    8.8500000000E+01   -4.9498208059E+04
    8.9500000000E+01   -4.9756096907E+04
    9.0500000000E+01   -5.0020842700E+04
    9.1500000000E+01   -5.0296312747E+04
    9.2500000000E+01   -5.0588804701E+04
    9.3500000000E+01   -5.0907085582E+04
    9.4500000000E+01   -5.1261624182E+04
    9.5500000000E+01   -5.1663611418E+04
    9.6500000000E+01   -5.2128223666E+04
    9.7500000000E+01   -5.2684786597E+04
    9.8500000000E+01   -5.3393208454E+04
    9.9500000000E+01   -5.4392000000E+04
