 # iter=         33  time[s]=   1.349395E-05  x[nm]  mu[J/mol]
    5.0000000000E-01   -3.9748000000E+04
    1.5000000000E+00   -3.9814861708E+04
    2.5000000000E+00   -3.9882179813E+04
    3.5000000000E+00   -3.9949960382E+04
    4.5000000000E+00   -4.0018206161E+04
    5.5000000000E+00   -4.0086916306E+04
    6.5000000000E+00   -4.0156086538E+04
    7.5000000000E+00   -4.0225711750E+04
    8.5000000000E+00   -4.0295789240E+04
    9.5000000000E+00   -4.0366319787E+04
    1.0500000000E+01   -4.0437307925E+04
    1.1500000000E+01   -4.0508762151E+04
    1.2500000000E+01   -4.0580693778E+04
    1.3500000000E+01   -4.0653114721E+04
    1.4500000000E+01   -4.0726036393E+04
    1.5500000000E+01   -4.0799469624E+04
    1.6500000000E+01   -4.0873424694E+04
    1.7500000000E+01   -4.0947911571E+04
    1.8500000000E+01   -4.1022940156E+04
    1.9500000000E+01   -4.1098520322E+04
    2.0500000000E+01   -4.1174661897E+04
    2.1500000000E+01   -4.1251374627E+04
    2.2500000000E+01   -4.1328668150E+04
    2.3500000000E+01   -4.1406551953E+04
    2.4500000000E+01   -4.1485035326E+04
    2.5500000000E+01   -4.1564127310E+04
    2.6500000000E+01   -4.1643836641E+04
    2.7500000000E+01   -4.1724171680E+04
    2.8500000000E+01   -4.1805140350E+04
    2.9500000000E+01   -4.1886750373E+04
    3.0500000000E+01   -4.1969010347E+04
    3.1500000000E+01   -4.2051930577E+04
    3.2500000000E+01   -4.2135523319E+04
    3.3500000000E+01   -4.2219802967E+04
    3.4500000000E+01   -4.2304786266E+04
    3.5500000000E+01   -4.2390492547E+04
    3.6500000000E+01   -4.2476943983E+04
    3.7500000000E+01   -4.2564165889E+04
    3.8500000000E+01   -4.2652187032E+04
    3.9500000000E+01   -4.2741039923E+04
    4.0500000000E+01   -4.2830761229E+04
    4.1500000000E+01   -4.2921392241E+04
    4.2500000000E+01   -4.3012979405E+04
    4.3500000000E+01   -4.3105574946E+04
    4.4500000000E+01   -4.3199237589E+04
    4.5500000000E+01   -4.3294033418E+04
    4.6500000000E+01   -4.3390036891E+04
    4.7500000000E+01   -4.3487332047E+04
    4.8500000000E+01   -4.3586012798E+04
    4.9500000000E+01   -4.3686180351E+04
    5.0500000000E+01   -4.3787940502E+04
    5.1500000000E+01   -4.3891403352E+04
    5.2500000000E+01   -4.3996683393E+04
    5.3500000000E+01   -4.4103899470E+04
    5.4500000000E+01   -4.4213174594E+04
    5.5500000000E+01   -4.4324635523E+04
    5.6500000000E+01   -4.4438412068E+04
    5.7500000000E+01   -4.4554636012E+04
    5.8500000000E+01   -4.4673439549E+04
    5.9500000000E+01   -4.4794953091E+04
    6.0500000000E+01   -4.4919302305E+04
    6.1500000000E+01   -4.5046604179E+04
    6.2500000000E+01   -4.5176961948E+04
    6.3500000000E+01   -4.5310462030E+04
    6.4500000000E+01   -4.5447176896E+04
    6.5500000000E+01   -4.5587170019E+04
    6.6500000000E+01   -4.5730495804E+04
    6.7500000000E+01   -4.5877183352E+04
    6.8500000000E+01   -4.6027185374E+04
    6.9500000000E+01   -4.6180318225E+04
    7.0500000000E+01   -4.6336239338E+04
    7.1500000000E+01   -4.6494641607E+04
    7.2500000000E+01   -4.6655504767E+04
    7.3500000000E+01   -4.6819026359E+04
    7.4500000000E+01   -4.6985506154E+04
    7.5500000000E+01   -4.7155363333E+04
    7.6500000000E+01   -4.7329167343E+04
    7.7500000000E+01   -4.7507674559E+04
    7.8500000000E+01   -4.7691758787E+04
    7.9500000000E+01   -4.7882223323E+04
    8.0500000000E+01   -4.8079636172E+04
    8.1500000000E+01   -4.8284189394E+04
    8.2500000000E+01   -4.8495522272E+04
    8.3500000000E+01   -4.8712600007E+04
    8.4500000000E+01   -4.8934013515E+04
    8.5500000000E+01   -4.9158510330E+04
    8.6500000000E+01   -4.9385342545E+04
    8.7500000000E+01   -4.9614555179E+04
    8.8500000000E+01   -4.9847128070E+04
    8.9500000000E+01   -5.0085016282E+04
    9.0500000000E+01   -5.0331348843E+04
    9.1500000000E+01   -5.0590799161E+04
    9.2500000000E+01   -5.0869460585E+04
    9.3500000000E+01   -5.1174349720E+04
    9.4500000000E+01   -5.1512826419E+04
    9.5500000000E+01   -5.1893260929E+04
    9.6500000000E+01   -5.2329866052E+04
    9.7500000000E+01   -5.2849026553E+04
    9.8500000000E+01   -5.3500401366E+04
    9.9500000000E+01   -5.4392000000E+04
