 # iter=         61  time[s]=   2.749395E-05  x[nm]  mu[J/mol]
    5.0000000000E-01   -3.9748000000E+04
    1.5000000000E+00   -3.9810874450E+04
    2.5000000000E+00   -3.9874154629E+04
    3.5000000000E+00   -3.9937848183E+04
    4.5000000000E+00   -4.0001960190E+04
    5.5000000000E+00   -4.0066492929E+04
    6.5000000000E+00   -4.0131445718E+04
    7.5000000000E+00   -4.0196816293E+04
    8.5000000000E+00   -4.0262603512E+04
    9.5000000000E+00   -4.0328808812E+04
    1.0500000000E+01   -4.0395436464E+04
    1.1500000000E+01   -4.0462493805E+04
    1.2500000000E+01   -4.0529991205E+04
    1.3500000000E+01   -4.0597940663E+04
    1.4500000000E+01   -4.0666354130E+04
    1.5500000000E+01   -4.0735243060E+04
    1.6500000000E+01   -4.0804618367E+04
    1.7500000000E+01   -4.0874490443E+04
    1.8500000000E+01   -4.0944869412E+04
    1.9500000000E+01   -4.1015765375E+04
    2.0500000000E+01   -4.1087188446E+04
    2.1500000000E+01   -4.1159148748E+04
    2.2500000000E+01   -4.1231656414E+04
    2.3500000000E+01   -4.1304721575E+04
    2.4500000000E+01   -4.1378354354E+04
    2.5500000000E+01   -4.1452564853E+04
    2.6500000000E+01   -4.1527363137E+04
    2.7500000000E+01   -4.1602759218E+04
    2.8500000000E+01   -4.1678763033E+04
    2.9500000000E+01   -4.1755384419E+04
    3.0500000000E+01   -4.1832633121E+04
    3.1500000000E+01   -4.1910519238E+04
    3.2500000000E+01   -4.1989054023E+04
    3.3500000000E+01   -4.2068250319E+04
    3.4500000000E+01   -4.2148122721E+04
    3.5500000000E+01   -4.2228687740E+04
    3.6500000000E+01   -4.2309963991E+04
    3.7500000000E+01   -4.2391972394E+04
    3.8500000000E+01   -4.2474736407E+04
    3.9500000000E+01   -4.2558282284E+04
    4.0500000000E+01   -4.2642639407E+04
    4.1500000000E+01   -4.2727840679E+04
    4.2500000000E+01   -4.2813922938E+04
    4.3500000000E+01   -4.2900927398E+04
    4.4500000000E+01   -4.2988900176E+04
    4.5500000000E+01   -4.3077892884E+04
    4.6500000000E+01   -4.3167963331E+04
    4.7500000000E+01   -4.3259176343E+04
    4.8500000000E+01   -4.3351604733E+04
    4.9500000000E+01   -4.3445330456E+04
    5.0500000000E+01   -4.3540445750E+04
    5.1500000000E+01   -4.3637051970E+04
    5.2500000000E+01   -4.3735256761E+04
    5.3500000000E+01   -4.3835173053E+04
    5.4500000000E+01   -4.3936919315E+04
    5.5500000000E+01   -4.4040619751E+04
    5.6500000000E+01   -4.4146404381E+04
    5.7500000000E+01   -4.4254408971E+04
    5.8500000000E+01   -4.4364774748E+04
    5.9500000000E+01   -4.4477647811E+04
    6.0500000000E+01   -4.4593178151E+04
    6.1500000000E+01   -4.4711518133E+04
    6.2500000000E+01   -4.4832820291E+04
    6.3500000000E+01   -4.4957234231E+04
    6.4500000000E+01   -4.5084902412E+04
    6.5500000000E+01   -4.5215954718E+04
    6.6500000000E+01   -4.5350507793E+04
    6.7500000000E+01   -4.5488673555E+04
    6.8500000000E+01   -4.5630566243E+04
    6.9500000000E+01   -4.5776302639E+04
    7.0500000000E+01   -4.5925973160E+04
    7.1500000000E+01   -4.6079570269E+04
    7.2500000000E+01   -4.6236923156E+04
    7.3500000000E+01   -4.6397714513E+04
    7.4500000000E+01   -4.6561781663E+04
    7.5500000000E+01   -4.6729288704E+04
    7.6500000000E+01   -4.6900577123E+04
    7.7500000000E+01   -4.7076128540E+04
    7.8500000000E+01   -4.7256605395E+04
    7.9500000000E+01   -4.7442910171E+04
    8.0500000000E+01   -4.7636186579E+04
    8.1500000000E+01   -4.7837623569E+04
    8.2500000000E+01   -4.8048195745E+04
    8.3500000000E+01   -4.8268443742E+04
    8.4500000000E+01   -4.8498182131E+04
    8.5500000000E+01   -4.8736253380E+04
    8.6500000000E+01   -4.8980907132E+04
    8.7500000000E+01   -4.9230584124E+04
    8.8500000000E+01   -4.9484525280E+04
    8.9500000000E+01   -4.9743249100E+04
    9.0500000000E+01   -5.0008789937E+04
    9.1500000000E+01   -5.0284971405E+04
    9.2500000000E+01   -5.0578067772E+04
    9.3500000000E+01   -5.0896887069E+04
    9.4500000000E+01   -5.1252015427E+04
    9.5500000000E+01   -5.1654790345E+04
    9.6500000000E+01   -5.2120456375E+04
    9.7500000000E+01   -5.2678432174E+04
    9.8500000000E+01   -5.3389024724E+04
    9.9500000000E+01   -5.4392000000E+04
