 # iter=         52  time[s]=   2.299395E-05  x[nm]  mu[J/mol]
    5.0000000000E-01   -3.9748000000E+04
    1.5000000000E+00   -3.9811231466E+04
    2.5000000000E+00   -3.9874873035E+04
    3.5000000000E+00   -3.9938932185E+04
    4.5000000000E+00   -4.0003413761E+04
    5.5000000000E+00   -4.0068319744E+04
    6.5000000000E+00   -4.0133649108E+04
    7.5000000000E+00   -4.0199399293E+04
    8.5000000000E+00   -4.0265568976E+04
    9.5000000000E+00   -4.0332159487E+04
    1.0500000000E+01   -4.0399175065E+04
    1.1500000000E+01   -4.0466623096E+04
    1.2500000000E+01   -4.0534514021E+04
    1.3500000000E+01   -4.0602859823E+04
    1.4500000000E+01   -4.0671672376E+04
    1.5500000000E+01   -4.0740963053E+04
    1.6500000000E+01   -4.0810742676E+04
    1.7500000000E+01   -4.0881021564E+04
    1.8500000000E+01   -4.0951809790E+04
    1.9500000000E+01   -4.1023117416E+04
    2.0500000000E+01   -4.1094954508E+04
    2.1500000000E+01   -4.1167331141E+04
    2.2500000000E+01   -4.1240257388E+04
    2.3500000000E+01   -4.1313743313E+04
    2.4500000000E+01   -4.1387798958E+04
    2.5500000000E+01   -4.1462434325E+04
    2.6500000000E+01   -4.1537659363E+04
    2.7500000000E+01   -4.1613483942E+04
    2.8500000000E+01   -4.1689917832E+04
    2.9500000000E+01   -4.1766970669E+04
    3.0500000000E+01   -4.1844651993E+04
    3.1500000000E+01   -4.1922971798E+04
    3.2500000000E+01   -4.2001941343E+04
    3.3500000000E+01   -4.2081573528E+04
    3.4500000000E+01   -4.2161883046E+04
    3.5500000000E+01   -4.2242886558E+04
    3.6500000000E+01   -4.2324602883E+04
    3.7500000000E+01   -4.2407053207E+04
    3.8500000000E+01   -4.2490261323E+04
    3.9500000000E+01   -4.2574253896E+04
    4.0500000000E+01   -4.2659060814E+04
    4.1500000000E+01   -4.2744715568E+04
    4.2500000000E+01   -4.2831255672E+04
    4.3500000000E+01   -4.2918723123E+04
    4.4500000000E+01   -4.3007164928E+04
    4.5500000000E+01   -4.3096633723E+04
    4.6500000000E+01   -4.3187188493E+04
    4.7500000000E+01   -4.3278895417E+04
    4.8500000000E+01   -4.3371828871E+04
    4.9500000000E+01   -4.3466072616E+04
    5.0500000000E+01   -4.3561720692E+04
    5.1500000000E+01   -4.3658875581E+04
    5.2500000000E+01   -4.3757645499E+04
    5.3500000000E+01   -4.3858143884E+04
    5.4500000000E+01   -4.3960489644E+04
    5.5500000000E+01   -4.4064807311E+04
    5.6500000000E+01   -4.4171227078E+04
    5.7500000000E+01   -4.4279884669E+04
    5.8500000000E+01   -4.4390920967E+04
    5.9500000000E+01   -4.4504481326E+04
    6.0500000000E+01   -4.4620714462E+04
    6.1500000000E+01   -4.4739770773E+04
    6.2500000000E+01   -4.4861799930E+04
    6.3500000000E+01   -4.4986947540E+04
    6.4500000000E+01   -4.5115350647E+04
    6.5500000000E+01   -4.5247132441E+04
    6.6500000000E+01   -4.5382404036E+04
    6.7500000000E+01   -4.5521273305E+04
    6.8500000000E+01   -4.5663849885E+04
    6.9500000000E+01   -4.5810242598E+04
    7.0500000000E+01   -4.5960519083E+04
    7.1500000000E+01   -4.6114632070E+04
    7.2500000000E+01   -4.6272363007E+04
    7.3500000000E+01   -4.6433394266E+04
    7.4500000000E+01   -4.6597628270E+04
    7.5500000000E+01   -4.6765276485E+04
    7.6500000000E+01   -4.6936697339E+04
    7.7500000000E+01   -4.7112392976E+04
    7.8500000000E+01   -4.7293051443E+04
    7.9500000000E+01   -4.7479605464E+04
    8.0500000000E+01   -4.7673196798E+04
    8.1500000000E+01   -4.7874957438E+04
    8.2500000000E+01   -4.8085768387E+04
    8.3500000000E+01   -4.8306042032E+04
    8.4500000000E+01   -4.8535431477E+04
    8.5500000000E+01   -4.8772656954E+04
    8.6500000000E+01   -4.9015982711E+04
    8.7500000000E+01   -4.9263968537E+04
    8.8500000000E+01   -4.9516021618E+04
    8.9500000000E+01   -4.9772827714E+04
    9.0500000000E+01   -5.0036545767E+04
    9.1500000000E+01   -5.0311098985E+04
    9.2500000000E+01   -5.0602812150E+04
    9.3500000000E+01   -5.0920395129E+04
    9.4500000000E+01   -5.1274162599E+04
    9.5500000000E+01   -5.1675117905E+04
    9.6500000000E+01   -5.2138352874E+04
    9.7500000000E+01   -5.2693070371E+04
    9.8500000000E+01   -5.3398658511E+04
    9.9500000000E+01   -5.4392000000E+04
