 # iter=         42  time[s]=   1.799395E-05  x[nm]  mu[J/mol]
    5.0000000000E-01   -3.9748000000E+04
    1.5000000000E+00   -3.9812329788E+04
    2.5000000000E+00   -3.9877083342E+04
    3.5000000000E+00   -3.9942267655E+04
    4.5000000000E+00   -4.0007886890E+04
    5.5000000000E+00   -4.0073942139E+04
    6.5000000000E+00   -4.0140431345E+04
    7.5000000000E+00   -4.0207351096E+04
    8.5000000000E+00   -4.0274699557E+04
    9.5000000000E+00   -4.0342477794E+04
    1.0500000000E+01   -4.0410690018E+04
    1.1500000000E+01   -4.0479343843E+04
    1.2500000000E+01   -4.0548449944E+04
    1.3500000000E+01   -4.0618020269E+04
    1.4500000000E+01   -4.0688066493E+04
    1.5500000000E+01   -4.0758599767E+04
    1.6500000000E+01   -4.0829630680E+04
    1.7500000000E+01   -4.0901169369E+04
    1.8500000000E+01   -4.0973225799E+04
    1.9500000000E+01   -4.1045809929E+04
    2.0500000000E+01   -4.1118931713E+04
    2.1500000000E+01   -4.1192601094E+04
    2.2500000000E+01   -4.1266827984E+04
    2.3500000000E+01   -4.1341622251E+04
    2.4500000000E+01   -4.1416993697E+04
    2.5500000000E+01   -4.1492952030E+04
    2.6500000000E+01   -4.1569506836E+04
    2.7500000000E+01   -4.1646667548E+04
    2.8500000000E+01   -4.1724443402E+04
    2.9500000000E+01   -4.1802843405E+04
    3.0500000000E+01   -4.1881876548E+04
    3.1500000000E+01   -4.1961552668E+04
    3.2500000000E+01   -4.2041883156E+04
    3.3500000000E+01   -4.2122881177E+04
    3.4500000000E+01   -4.2204561842E+04
    3.5500000000E+01   -4.2286942388E+04
    3.6500000000E+01   -4.2370042398E+04
    3.7500000000E+01   -4.2453884022E+04
    3.8500000000E+01   -4.2538492240E+04
    3.9500000000E+01   -4.2623895181E+04
    4.0500000000E+01   -4.2710124453E+04
    4.1500000000E+01   -4.2797215545E+04
    4.2500000000E+01   -4.2885208262E+04
    4.3500000000E+01   -4.2974147229E+04
    4.4500000000E+01   -4.3064082464E+04
    4.5500000000E+01   -4.3155070056E+04
    4.6500000000E+01   -4.3247172956E+04
    4.7500000000E+01   -4.3340461910E+04
    4.8500000000E+01   -4.3435016573E+04
    4.9500000000E+01   -4.3530926685E+04
    5.0500000000E+01   -4.3628291131E+04
    5.1500000000E+01   -4.3727215043E+04
    5.2500000000E+01   -4.3827808427E+04
    5.3500000000E+01   -4.3930186344E+04
    5.4500000000E+01   -4.4034469050E+04
    5.5500000000E+01   -4.4140782024E+04
    5.6500000000E+01   -4.4249255832E+04
    5.7500000000E+01   -4.4360025777E+04
    5.8500000000E+01   -4.4473231245E+04
    5.9500000000E+01   -4.4589014658E+04
    6.0500000000E+01   -4.4707519908E+04
    6.1500000000E+01   -4.4828890120E+04
    6.2500000000E+01   -4.4953264558E+04
    6.3500000000E+01   -4.5080774472E+04
    6.4500000000E+01   -4.5211537782E+04
    6.5500000000E+01   -4.5345658070E+04
    6.6500000000E+01   -4.5483231035E+04
    6.7500000000E+01   -4.5624350623E+04
    6.8500000000E+01   -4.5769108748E+04
    6.9500000000E+01   -4.5917568956E+04
    7.0500000000E+01   -4.6069701906E+04
    7.1500000000E+01   -4.6225323755E+04
    7.2500000000E+01   -4.6384102409E+04
    7.3500000000E+01   -4.6545834734E+04
    7.4500000000E+01   -4.6710633431E+04
    7.5500000000E+01   -4.6878789560E+04
    7.6500000000E+01   -4.7050717396E+04
    7.7500000000E+01   -4.7226987251E+04
    7.8500000000E+01   -4.7408373219E+04
    7.9500000000E+01   -4.7595873686E+04
    8.0500000000E+01   -4.7790558740E+04
    8.1500000000E+01   -4.7993334519E+04
    8.2500000000E+01   -4.8204760014E+04
    8.3500000000E+01   -4.8424821007E+04
    8.4500000000E+01   -4.8652679851E+04
    8.5500000000E+01   -4.8886817414E+04
    8.6500000000E+01   -4.9125674431E+04
    8.7500000000E+01   -4.9368219383E+04
    8.8500000000E+01   -4.9614377941E+04
    8.9500000000E+01   -4.9865305274E+04
    9.0500000000E+01   -5.0123505248E+04
    9.1500000000E+01   -5.0393191988E+04
    9.2500000000E+01   -5.0680766703E+04
    9.3500000000E+01   -5.0994546824E+04
    9.4500000000E+01   -5.1343975849E+04
    9.5500000000E+01   -5.1739097045E+04
    9.6500000000E+01   -5.2194620361E+04
    9.7500000000E+01   -5.2739024658E+04
    9.8500000000E+01   -5.3428810521E+04
    9.9500000000E+01   -5.4392000000E+04
