 # iter=         70  time[s]=   3.199395E-05  x[nm]  mu[J/mol]
    5.0000000000E-01   -3.9748000000E+04
    1.5000000000E+00   -3.9810740660E+04
    2.5000000000E+00   -3.9873885416E+04
    3.5000000000E+00   -3.9937441982E+04
    4.5000000000E+00   -4.0001415525E+04
    5.5000000000E+00   -4.0065808434E+04
    6.5000000000E+00   -4.0130620160E+04
    7.5000000000E+00   -4.0195848549E+04
    8.5000000000E+00   -4.0261492532E+04
    9.5000000000E+00   -4.0327553589E+04
    1.0500000000E+01   -4.0394036004E+04
    1.1500000000E+01   -4.0460947097E+04
    1.2500000000E+01   -4.0528297217E+04
    1.3500000000E+01   -4.0596098368E+04
    1.4500000000E+01   -4.0664362529E+04
    1.5500000000E+01   -4.0733101190E+04
    1.6500000000E+01   -4.0802325297E+04
    1.7500000000E+01   -4.0872045274E+04
    1.8500000000E+01   -4.0942271264E+04
    1.9500000000E+01   -4.1013013386E+04
    2.0500000000E+01   -4.1084281771E+04
    2.1500000000E+01   -4.1156086563E+04
    2.2500000000E+01   -4.1228437916E+04
    2.3500000000E+01   -4.1301345989E+04
    2.4500000000E+01   -4.1374820935E+04
    2.5500000000E+01   -4.1448872894E+04
    2.6500000000E+01   -4.1523511974E+04
    2.7500000000E+01   -4.1598748240E+04
    2.8500000000E+01   -4.1674591691E+04
    2.9500000000E+01   -4.1751052239E+04
    3.0500000000E+01   -4.1828139707E+04
    3.1500000000E+01   -4.1905864242E+04
    3.2500000000E+01   -4.1984237097E+04
    3.3500000000E+01   -4.2063271101E+04
    3.4500000000E+01   -4.2142980813E+04
    3.5500000000E+01   -4.2223382694E+04
    3.6500000000E+01   -4.2304495287E+04
    3.7500000000E+01   -4.2386339419E+04
    3.8500000000E+01   -4.2468938430E+04
    3.9500000000E+01   -4.2552318425E+04
    4.0500000000E+01   -4.2636508605E+04
    4.1500000000E+01   -4.2721541661E+04
    4.2500000000E+01   -4.2807454181E+04
    4.3500000000E+01   -4.2894287101E+04
    4.4500000000E+01   -4.2982086210E+04
    4.5500000000E+01   -4.3070902750E+04
    4.6500000000E+01   -4.3160794103E+04
    4.7500000000E+01   -4.3251824602E+04
    4.8500000000E+01   -4.3344066495E+04
    4.9500000000E+01   -4.3437601077E+04
    5.0500000000E+01   -4.3532519899E+04
    5.1500000000E+01   -4.3628923857E+04
    5.2500000000E+01   -4.3726920373E+04
    5.3500000000E+01   -4.3826622191E+04
    5.4500000000E+01   -4.3928147615E+04
    5.5500000000E+01   -4.4031620724E+04
    5.6500000000E+01   -4.4137171468E+04
    5.7500000000E+01   -4.4244935622E+04
    5.8500000000E+01   -4.4355054522E+04
    5.9500000000E+01   -4.4467674527E+04
    6.0500000000E+01   -4.4582946070E+04
    6.1500000000E+01   -4.4701022212E+04
    6.2500000000E+01   -4.4822056499E+04
    6.3500000000E+01   -4.4946199959E+04
    6.4500000000E+01   -4.5073596984E+04
    6.5500000000E+01   -4.5204379941E+04
    6.6500000000E+01   -4.5338667628E+04
    6.7500000000E+01   -4.5476573483E+04
    6.8500000000E+01   -4.5618213361E+04
    6.9500000000E+01   -4.5763706478E+04
    7.0500000000E+01   -4.5913150710E+04
    7.1500000000E+01   -4.6066552582E+04
    7.2500000000E+01   -4.6223758852E+04
    7.3500000000E+01   -4.6384457617E+04
    7.4500000000E+01   -4.6548464003E+04
    7.5500000000E+01   -4.6715920903E+04
    7.6500000000E+01   -4.6887163447E+04
    7.7500000000E+01   -4.7062665750E+04
    7.8500000000E+01   -4.7243080926E+04
    7.9500000000E+01   -4.7429299799E+04
    8.0500000000E+01   -4.7622464387E+04
    8.1500000000E+01   -4.7823782397E+04
    8.2500000000E+01   -4.8034262155E+04
    8.3500000000E+01   -4.8254490921E+04
    8.4500000000E+01   -4.8484342934E+04
    8.5500000000E+01   -4.8722711219E+04
    8.6500000000E+01   -4.8967846046E+04
    8.7500000000E+01   -4.9218145688E+04
    8.8500000000E+01   -4.9472789401E+04
    8.9500000000E+01   -4.9732231561E+04
    9.0500000000E+01   -4.9998458151E+04
    9.1500000000E+01   -5.0275254741E+04
    9.2500000000E+01   -5.0568873843E+04
    9.3500000000E+01   -5.0888156676E+04
    9.4500000000E+01   -5.1243789219E+04
    9.5500000000E+01   -5.1647236360E+04
    9.6500000000E+01   -5.2113803362E+04
    9.7500000000E+01   -5.2672987802E+04
    9.8500000000E+01   -5.3385438086E+04
    9.9500000000E+01   -5.4392000000E+04
