 # iter=         26  time[s]=   9.993954E-06  x[nm]  mu[J/mol]
    5.0000000000E-01   -3.9748000000E+04
    1.5000000000E+00   -3.9818844710E+04
    2.5000000000E+00   -3.9890200209E+04
    3.5000000000E+00   -3.9962071507E+04
    4.5000000000E+00   -4.0034459399E+04
    5.5000000000E+00   -4.0107360138E+04
    6.5000000000E+00   -4.0180766348E+04
    7.5000000000E+00   -4.0254670944E+04
    8.5000000000E+00   -4.0329070606E+04
    9.5000000000E+00   -4.0403966539E+04
    1.0500000000E+01   -4.0479364825E+04
    1.1500000000E+01   -4.0555275950E+04
    1.2500000000E+01   -4.0631712311E+04
    1.3500000000E+01   -4.0708686001E+04
    1.4500000000E+01   -4.0786208455E+04
    1.5500000000E+01   -4.0864290465E+04
    1.6500000000E+01   -4.0942942427E+04
    1.7500000000E+01   -4.1022174589E+04
    1.8500000000E+01   -4.1101997132E+04
    1.9500000000E+01   -4.1182420124E+04
    2.0500000000E+01   -4.1263453467E+04
    2.1500000000E+01   -4.1345106835E+04
    2.2500000000E+01   -4.1427389595E+04
    2.3500000000E+01   -4.1510310730E+04
    2.4500000000E+01   -4.1593878738E+04
    2.5500000000E+01   -4.1678101529E+04
    2.6500000000E+01   -4.1762986309E+04
    2.7500000000E+01   -4.1848539530E+04
    2.8500000000E+01   -4.1934767743E+04
    2.9500000000E+01   -4.2021679103E+04
    3.0500000000E+01   -4.2109283949E+04
    3.1500000000E+01   -4.2197595027E+04
    3.2500000000E+01   -4.2286627746E+04
    3.3500000000E+01   -4.2376400442E+04
    3.4500000000E+01   -4.2466934685E+04
    3.5500000000E+01   -4.2558255620E+04
    3.6500000000E+01   -4.2650392311E+04
    3.7500000000E+01   -4.2743377932E+04
    3.8500000000E+01   -4.2837250212E+04
    3.9500000000E+01   -4.2932051935E+04
    4.0500000000E+01   -4.3027831523E+04
    4.1500000000E+01   -4.3124643708E+04
    4.2500000000E+01   -4.3222550328E+04
    4.3500000000E+01   -4.3321621262E+04
    4.4500000000E+01   -4.3421935556E+04
    4.5500000000E+01   -4.3523582656E+04
    4.6500000000E+01   -4.3626661349E+04
    4.7500000000E+01   -4.3731276307E+04
    4.8500000000E+01   -4.3837535808E+04
    4.9500000000E+01   -4.3945551637E+04
    5.0500000000E+01   -4.4055438963E+04
    5.1500000000E+01   -4.4167316045E+04
    5.2500000000E+01   -4.4281303697E+04
    5.3500000000E+01   -4.4397524452E+04
    5.4500000000E+01   -4.4516101332E+04
    5.5500000000E+01   -4.4637156129E+04
    5.6500000000E+01   -4.4760807048E+04
    5.7500000000E+01   -4.4887165590E+04
    5.8500000000E+01   -4.5016332503E+04
    5.9500000000E+01   -4.5148392643E+04
    6.0500000000E+01   -4.5283410476E+04
    6.1500000000E+01   -4.5421430472E+04
    6.2500000000E+01   -4.5562477741E+04
    6.3500000000E+01   -4.5706557495E+04
    6.4500000000E+01   -4.5853641783E+04
    6.5500000000E+01   -4.6003626249E+04
    6.6500000000E+01   -4.6156277257E+04
    6.7500000000E+01   -4.6311204743E+04
    6.8500000000E+01   -4.6468013951E+04
    6.9500000000E+01   -4.6626576736E+04
    7.0500000000E+01   -4.6787000889E+04
    7.1500000000E+01   -4.6949483680E+04
    7.2500000000E+01   -4.7114313512E+04
    7.3500000000E+01   -4.7281888215E+04
    7.4500000000E+01   -4.7452740164E+04
    7.5500000000E+01   -4.7627504347E+04
    7.6500000000E+01   -4.7806777831E+04
    7.7500000000E+01   -4.7990974082E+04
    7.8500000000E+01   -4.8180236525E+04
    7.9500000000E+01   -4.8374341025E+04
    8.0500000000E+01   -4.8572599617E+04
    8.1500000000E+01   -4.8773912455E+04
    8.2500000000E+01   -4.8977109423E+04
    8.3500000000E+01   -4.9181279173E+04
    8.4500000000E+01   -4.9385931726E+04
    8.5500000000E+01   -4.9591150824E+04
    8.6500000000E+01   -4.9797626671E+04
    8.7500000000E+01   -5.0006629269E+04
    8.8500000000E+01   -5.0220056408E+04
    8.9500000000E+01   -5.0440609845E+04
    9.0500000000E+01   -5.0671857785E+04
    9.1500000000E+01   -5.0917974973E+04
    9.2500000000E+01   -5.1183492869E+04
    9.3500000000E+01   -5.1473000548E+04
    9.4500000000E+01   -5.1791412326E+04
    9.5500000000E+01   -5.2146344440E+04
    9.6500000000E+01   -5.2551011795E+04
    9.7500000000E+01   -5.3027351464E+04
    9.8500000000E+01   -5.3614592955E+04
    9.9500000000E+01   -5.4392000000E+04
