 # iter=         57  time[s]=   2.549395E-05  x[nm]  mu[J/mol]
    5.0000000000E-01   -3.9748000000E+04
    1.5000000000E+00   -3.9810991713E+04
    2.5000000000E+00   -3.9874390588E+04
    3.5000000000E+00   -3.9938204215E+04
    4.5000000000E+00   -4.0002437596E+04
    5.5000000000E+00   -4.0067092909E+04
    6.5000000000E+00   -4.0132169361E+04
    7.5000000000E+00   -4.0197664589E+04
    8.5000000000E+00   -4.0263577391E+04
    9.5000000000E+00   -4.0329909167E+04
    1.0500000000E+01   -4.0396664176E+04
    1.1500000000E+01   -4.0463849770E+04
    1.2500000000E+01   -4.0531476342E+04
    1.3500000000E+01   -4.0599555887E+04
    1.4500000000E+01   -4.0668100327E+04
    1.5500000000E+01   -4.0737121092E+04
    1.6500000000E+01   -4.0806629063E+04
    1.7500000000E+01   -4.0876634607E+04
    1.8500000000E+01   -4.0947147832E+04
    1.9500000000E+01   -4.1018178824E+04
    2.0500000000E+01   -4.1089737681E+04
    2.1500000000E+01   -4.1161834512E+04
    2.2500000000E+01   -4.1234479428E+04
    2.3500000000E+01   -4.1307682537E+04
    2.4500000000E+01   -4.1381453937E+04
    2.5500000000E+01   -4.1455803696E+04
    2.6500000000E+01   -4.1530741842E+04
    2.7500000000E+01   -4.1606278340E+04
    2.8500000000E+01   -4.1682423071E+04
    2.9500000000E+01   -4.1759185807E+04
    3.0500000000E+01   -4.1836576225E+04
    3.1500000000E+01   -4.1914604387E+04
    3.2500000000E+01   -4.1993281545E+04
    3.3500000000E+01   -4.2072620561E+04
    3.4500000000E+01   -4.2152636058E+04
    3.5500000000E+01   -4.2233344595E+04
    3.6500000000E+01   -4.2314764851E+04
    3.7500000000E+01   -4.2396917833E+04
    3.8500000000E+01   -4.2479827105E+04
    3.9500000000E+01   -4.2563519052E+04
    4.0500000000E+01   -4.2648023221E+04
    4.1500000000E+01   -4.2733372704E+04
    4.2500000000E+01   -4.2819604556E+04
    4.3500000000E+01   -4.2906760247E+04
    4.4500000000E+01   -4.2994886180E+04
    4.5500000000E+01   -4.3084034299E+04
    4.6500000000E+01   -4.3174262794E+04
    4.7500000000E+01   -4.3265636928E+04
    4.8500000000E+01   -4.3358230019E+04
    4.9500000000E+01   -4.3452124607E+04
    5.0500000000E+01   -4.3547413529E+04
    5.1500000000E+01   -4.3644198527E+04
    5.2500000000E+01   -4.3742587433E+04
    5.3500000000E+01   -4.3842693346E+04
    5.4500000000E+01   -4.3944634878E+04
    5.5500000000E+01   -4.4048536341E+04
    5.6500000000E+01   -4.4154527814E+04
    5.7500000000E+01   -4.4262745054E+04
    5.8500000000E+01   -4.4373329180E+04
    5.9500000000E+01   -4.4486426059E+04
    6.0500000000E+01   -4.4602185276E+04
    6.1500000000E+01   -4.4720758570E+04
    6.2500000000E+01   -4.4842297560E+04
    6.3500000000E+01   -4.4966950571E+04
    6.4500000000E+01   -4.5094858327E+04
    6.5500000000E+01   -4.5226148518E+04
    6.6500000000E+01   -4.5360935939E+04
    6.7500000000E+01   -4.5499331182E+04
    6.8500000000E+01   -4.5641447019E+04
    6.9500000000E+01   -4.5787397879E+04
    7.0500000000E+01   -4.5937267158E+04
    7.1500000000E+01   -4.6091034609E+04
    7.2500000000E+01   -4.6248513849E+04
    7.3500000000E+01   -4.6409385112E+04
    7.4500000000E+01   -4.6573506241E+04
    7.5500000000E+01   -4.6741058451E+04
    7.6500000000E+01   -4.6912388740E+04
    7.7500000000E+01   -4.7087985387E+04
    7.8500000000E+01   -4.7268519126E+04
    7.9500000000E+01   -4.7454902561E+04
    8.0500000000E+01   -4.7648279818E+04
    8.1500000000E+01   -4.7849822217E+04
    8.2500000000E+01   -4.8060474203E+04
    8.3500000000E+01   -4.8280734898E+04
    8.4500000000E+01   -4.8510366174E+04
    8.5500000000E+01   -4.8748168211E+04
    8.6500000000E+01   -4.8992392833E+04
    8.7500000000E+01   -4.9241519027E+04
    8.8500000000E+01   -4.9494842077E+04
    8.9500000000E+01   -4.9752936070E+04
    9.0500000000E+01   -5.0017876995E+04
    9.1500000000E+01   -5.0293521475E+04
    9.2500000000E+01   -5.0586161614E+04
    9.3500000000E+01   -5.0904574751E+04
    9.4500000000E+01   -5.1259258632E+04
    9.5500000000E+01   -5.1661440035E+04
    9.6500000000E+01   -5.2126311848E+04
    9.7500000000E+01   -5.2683222718E+04
    9.8500000000E+01   -5.3392179045E+04
    9.9500000000E+01   -5.4392000000E+04
