 # iter=         43  time[s]=   1.849395E-05  x[nm]  mu[J/mol]
    5.0000000000E-01   -3.9748000000E+04
    1.5000000000E+00   -3.9812162374E+04
    2.5000000000E+00   -3.9876746412E+04
    3.5000000000E+00   -3.9941759177E+04
    4.5000000000E+00   -4.0007204933E+04
    5.5000000000E+00   -4.0073084906E+04
    6.5000000000E+00   -4.0139397191E+04
    7.5000000000E+00   -4.0206138504E+04
    8.5000000000E+00   -4.0273307082E+04
    9.5000000000E+00   -4.0340904023E+04
    1.0500000000E+01   -4.0408933539E+04
    1.1500000000E+01   -4.0477403200E+04
    1.2500000000E+01   -4.0546323644E+04
    1.3500000000E+01   -4.0615706825E+04
    1.4500000000E+01   -4.0685564442E+04
    1.5500000000E+01   -4.0755907679E+04
    1.6500000000E+01   -4.0826747154E+04
    1.7500000000E+01   -4.0898093031E+04
    1.8500000000E+01   -4.0969955284E+04
    1.9500000000E+01   -4.1042343886E+04
    2.0500000000E+01   -4.1115268807E+04
    2.1500000000E+01   -4.1188740007E+04
    2.2500000000E+01   -4.1262767422E+04
    2.3500000000E+01   -4.1337360947E+04
    2.4500000000E+01   -4.1412530420E+04
    2.5500000000E+01   -4.1488285593E+04
    2.6500000000E+01   -4.1564636109E+04
    2.7500000000E+01   -4.1641591467E+04
    2.8500000000E+01   -4.1719160986E+04
    2.9500000000E+01   -4.1797353770E+04
    3.0500000000E+01   -4.1876178883E+04
    3.1500000000E+01   -4.1955646168E+04
    3.2500000000E+01   -4.2035766989E+04
    3.3500000000E+01   -4.2116554459E+04
    3.4500000000E+01   -4.2198023614E+04
    3.5500000000E+01   -4.2280191594E+04
    3.6500000000E+01   -4.2363077848E+04
    3.7500000000E+01   -4.2446704367E+04
    3.8500000000E+01   -4.2531095934E+04
    3.9500000000E+01   -4.2616280436E+04
    4.0500000000E+01   -4.2702289200E+04
    4.1500000000E+01   -4.2789157394E+04
    4.2500000000E+01   -4.2876924454E+04
    4.3500000000E+01   -4.2965634577E+04
    4.4500000000E+01   -4.3055337298E+04
    4.5500000000E+01   -4.3146088147E+04
    4.6500000000E+01   -4.3237949436E+04
    4.7500000000E+01   -4.3330991172E+04
    4.8500000000E+01   -4.3425292157E+04
    4.9500000000E+01   -4.3520941206E+04
    5.0500000000E+01   -4.3618036541E+04
    5.1500000000E+01   -4.3716682950E+04
    5.2500000000E+01   -4.3816990161E+04
    5.3500000000E+01   -4.3919072982E+04
    5.4500000000E+01   -4.4023051465E+04
    5.5500000000E+01   -4.4129050954E+04
    5.6500000000E+01   -4.4237201977E+04
    5.7500000000E+01   -4.4347639934E+04
    5.8500000000E+01   -4.4460504488E+04
    5.9500000000E+01   -4.4575938577E+04
    6.0500000000E+01   -4.4694086927E+04
    6.1500000000E+01   -4.4815093901E+04
    6.2500000000E+01   -4.4939100519E+04
    6.3500000000E+01   -4.5066240438E+04
    6.4500000000E+01   -4.5196634702E+04
    6.5500000000E+01   -4.5330389726E+04
    6.6500000000E+01   -4.5467603434E+04
    6.7500000000E+01   -4.5608372142E+04
    6.8500000000E+01   -4.5752791087E+04
    6.9500000000E+01   -4.5900933099E+04
    7.0500000000E+01   -4.6052786166E+04
    7.1500000000E+01   -4.6208188323E+04
    7.2500000000E+01   -4.6366817419E+04
    7.3500000000E+01   -4.6528443741E+04
    7.4500000000E+01   -4.6693150972E+04
    7.5500000000E+01   -4.6861221999E+04
    7.6500000000E+01   -4.7033062196E+04
    7.7500000000E+01   -4.7209230958E+04
    7.8500000000E+01   -4.7390488497E+04
    7.9500000000E+01   -4.7577827529E+04
    8.0500000000E+01   -4.7772336032E+04
    8.1500000000E+01   -4.7974958395E+04
    8.2500000000E+01   -4.8186306046E+04
    8.3500000000E+01   -4.8406432597E+04
    8.4500000000E+01   -4.8634571661E+04
    8.5500000000E+01   -4.8869226387E+04
    8.6500000000E+01   -4.9108799964E+04
    8.7500000000E+01   -4.9352194693E+04
    8.8500000000E+01   -4.9599257296E+04
    8.9500000000E+01   -4.9851076404E+04
    9.0500000000E+01   -5.0110106810E+04
    9.1500000000E+01   -5.0380520027E+04
    9.2500000000E+01   -5.0668713791E+04
    9.3500000000E+01   -5.0983073988E+04
    9.4500000000E+01   -5.1333179858E+04
    9.5500000000E+01   -5.1729213242E+04
    9.6500000000E+01   -5.2185933660E+04
    9.7500000000E+01   -5.2731937098E+04
    9.8500000000E+01   -5.3424169332E+04
    9.9500000000E+01   -5.4392000000E+04
