 # iter=         10  time[s]=   2.074685E-06  x[nm]  mu[J/mol]
    5.0000000000E-01   -3.9748000000E+04
    1.5000000000E+00   -3.9844277105E+04
    2.5000000000E+00   -3.9941484308E+04
    3.5000000000E+00   -4.0039614417E+04
    4.5000000000E+00   -4.0138645681E+04
    5.5000000000E+00   -4.0238548027E+04
    6.5000000000E+00   -4.0339297021E+04
    7.5000000000E+00   -4.0440883031E+04
    8.5000000000E+00   -4.0543312256E+04
    9.5000000000E+00   -4.0646600973E+04
    1.0500000000E+01   -4.0750767260E+04
    1.1500000000E+01   -4.0855827776E+04
    1.2500000000E+01   -4.0961798404E+04
    1.3500000000E+01   -4.1068694271E+04
    1.4500000000E+01   -4.1176529977E+04
    1.5500000000E+01   -4.1285319206E+04
    1.6500000000E+01   -4.1395074226E+04
    1.7500000000E+01   -4.1505805323E+04
    1.8500000000E+01   -4.1617520146E+04
    1.9500000000E+01   -4.1730222966E+04
    2.0500000000E+01   -4.1843913940E+04
    2.1500000000E+01   -4.1958590669E+04
    2.2500000000E+01   -4.2074254226E+04
    2.3500000000E+01   -4.2190911962E+04
    2.4500000000E+01   -4.2308578416E+04
    2.5500000000E+01   -4.2427276237E+04
    2.6500000000E+01   -4.2547037225E+04
    2.7500000000E+01   -4.2667903391E+04
    2.8500000000E+01   -4.2789926445E+04
    2.9500000000E+01   -4.2913168559E+04
    3.0500000000E+01   -4.3037703603E+04
    3.1500000000E+01   -4.3163618609E+04
    3.2500000000E+01   -4.3291015567E+04
    3.3500000000E+01   -4.3420013631E+04
    3.4500000000E+01   -4.3550751370E+04
    3.5500000000E+01   -4.3683382286E+04
    3.6500000000E+01   -4.3818066221E+04
    3.7500000000E+01   -4.3954963223E+04
    3.8500000000E+01   -4.4094232146E+04
    3.9500000000E+01   -4.4236028708E+04
    4.0500000000E+01   -4.4380502676E+04
    4.1500000000E+01   -4.4527793940E+04
    4.2500000000E+01   -4.4678027235E+04
    4.3500000000E+01   -4.4831305241E+04
    4.4500000000E+01   -4.4987699804E+04
    4.5500000000E+01   -4.5147241116E+04
    4.6500000000E+01   -4.5309908933E+04
    4.7500000000E+01   -4.5475619522E+04
    4.8500000000E+01   -4.5644201085E+04
    4.9500000000E+01   -4.5815378721E+04
    5.0500000000E+01   -4.5988715666E+04
    5.1500000000E+01   -4.6163583609E+04
    5.2500000000E+01   -4.6339139485E+04
    5.3500000000E+01   -4.6514646752E+04
    5.4500000000E+01   -4.6689810394E+04
    5.5500000000E+01   -4.6864606781E+04
    5.6500000000E+01   -4.7039093406E+04
    5.7500000000E+01   -4.7213403181E+04
    5.8500000000E+01   -4.7387745114E+04
    5.9500000000E+01   -4.7562380121E+04
    6.0500000000E+01   -4.7737501397E+04
    6.1500000000E+01   -4.7913105953E+04
    6.2500000000E+01   -4.8088950927E+04
    6.3500000000E+01   -4.8264551159E+04
    6.4500000000E+01   -4.8439194397E+04
    6.5500000000E+01   -4.8611987545E+04
    6.6500000000E+01   -4.8782014557E+04
    6.7500000000E+01   -4.8948528075E+04
    6.8500000000E+01   -4.9111040490E+04
    6.9500000000E+01   -4.9269310077E+04
    7.0500000000E+01   -4.9423343808E+04
    7.1500000000E+01   -4.9573364707E+04
    7.2500000000E+01   -4.9719742429E+04
    7.3500000000E+01   -4.9862939497E+04
    7.4500000000E+01   -5.0003477652E+04
    7.5500000000E+01   -5.0141920386E+04
    7.6500000000E+01   -5.0278868180E+04
    7.7500000000E+01   -5.0414962082E+04
    7.8500000000E+01   -5.0550850598E+04
    7.9500000000E+01   -5.0687129366E+04
    8.0500000000E+01   -5.0824317034E+04
    8.1500000000E+01   -5.0962866842E+04
    8.2500000000E+01   -5.1103170861E+04
    8.3500000000E+01   -5.1245555852E+04
    8.4500000000E+01   -5.1390273358E+04
    8.5500000000E+01   -5.1537539950E+04
    8.6500000000E+01   -5.1687617830E+04
    8.7500000000E+01   -5.1840894850E+04
    8.8500000000E+01   -5.1997928241E+04
    8.9500000000E+01   -5.2159465862E+04
    9.0500000000E+01   -5.2326414093E+04
    9.1500000000E+01   -5.2499829217E+04
    9.2500000000E+01   -5.2681015417E+04
    9.3500000000E+01   -5.2871612398E+04
    9.4500000000E+01   -5.3073712901E+04
    9.5500000000E+01   -5.3290033389E+04
    9.6500000000E+01   -5.3524167218E+04
    9.7500000000E+01   -5.3780966473E+04
    9.8500000000E+01   -5.4067120098E+04
    9.9500000000E+01   -5.4392000000E+04
