 # iter=         60  time[s]=   2.699395E-05  x[nm]  mu[J/mol]
    5.0000000000E-01   -3.9748000000E+04
    1.5000000000E+00   -3.9810899161E+04
    2.5000000000E+00   -3.9874204351E+04
    3.5000000000E+00   -3.9937923207E+04
    4.5000000000E+00   -4.0002060790E+04
    5.5000000000E+00   -4.0066619356E+04
    6.5000000000E+00   -4.0131598202E+04
    7.5000000000E+00   -4.0196995042E+04
    8.5000000000E+00   -4.0262808721E+04
    9.5000000000E+00   -4.0329040669E+04
    1.0500000000E+01   -4.0395695154E+04
    1.1500000000E+01   -4.0462779515E+04
    1.2500000000E+01   -4.0530304128E+04
    1.3500000000E+01   -4.0598280991E+04
    1.4500000000E+01   -4.0666722048E+04
    1.5500000000E+01   -4.0735638750E+04
    1.6500000000E+01   -4.0805042001E+04
    1.7500000000E+01   -4.0874942190E+04
    1.8500000000E+01   -4.0945349437E+04
    1.9500000000E+01   -4.1016273839E+04
    2.0500000000E+01   -4.1087725507E+04
    2.1500000000E+01   -4.1159714561E+04
    2.2500000000E+01   -4.1232251129E+04
    2.3500000000E+01   -4.1305345339E+04
    2.4500000000E+01   -4.1379007307E+04
    2.5500000000E+01   -4.1453247128E+04
    2.6500000000E+01   -4.1528074859E+04
    2.7500000000E+01   -4.1603500503E+04
    2.8500000000E+01   -4.1679533984E+04
    2.9500000000E+01   -4.1756185127E+04
    3.0500000000E+01   -4.1833463660E+04
    3.1500000000E+01   -4.1911379677E+04
    3.2500000000E+01   -4.1989944429E+04
    3.3500000000E+01   -4.2069170763E+04
    3.4500000000E+01   -4.2149073280E+04
    3.5500000000E+01   -4.2229668501E+04
    3.6500000000E+01   -4.2310975053E+04
    3.7500000000E+01   -4.2393013875E+04
    3.8500000000E+01   -4.2475808449E+04
    3.9500000000E+01   -4.2559385053E+04
    4.0500000000E+01   -4.2643773106E+04
    4.1500000000E+01   -4.2729005550E+04
    4.2500000000E+01   -4.2815119268E+04
    4.3500000000E+01   -4.2902155528E+04
    4.4500000000E+01   -4.2990160506E+04
    4.5500000000E+01   -4.3079185885E+04
    4.6500000000E+01   -4.3169289553E+04
    4.7500000000E+01   -4.3260536428E+04
    4.8500000000E+01   -4.3352999428E+04
    4.9500000000E+01   -4.3446760631E+04
    5.0500000000E+01   -4.3541912401E+04
    5.1500000000E+01   -4.3638556178E+04
    5.2500000000E+01   -4.3736799645E+04
    5.3500000000E+01   -4.3836755767E+04
    5.4500000000E+01   -4.3938543045E+04
    5.5500000000E+01   -4.4042285704E+04
    5.6500000000E+01   -4.4148113777E+04
    5.7500000000E+01   -4.4256163029E+04
    5.8500000000E+01   -4.4366574664E+04
    5.9500000000E+01   -4.4479494734E+04
    6.0500000000E+01   -4.4595073145E+04
    6.1500000000E+01   -4.4713462131E+04
    6.2500000000E+01   -4.4834814037E+04
    6.3500000000E+01   -4.4959278200E+04
    6.4500000000E+01   -4.5086996717E+04
    6.5500000000E+01   -4.5218099010E+04
    6.6500000000E+01   -4.5352701333E+04
    6.7500000000E+01   -4.5490915323E+04
    6.8500000000E+01   -4.5632854912E+04
    6.9500000000E+01   -4.5778636408E+04
    7.0500000000E+01   -4.5928348783E+04
    7.1500000000E+01   -4.6081981852E+04
    7.2500000000E+01   -4.6239361537E+04
    7.3500000000E+01   -4.6400169826E+04
    7.4500000000E+01   -4.6564248290E+04
    7.5500000000E+01   -4.6731764753E+04
    7.6500000000E+01   -4.6903061865E+04
    7.7500000000E+01   -4.7078622642E+04
    7.8500000000E+01   -4.7259111263E+04
    7.9500000000E+01   -4.7445432353E+04
    8.0500000000E+01   -4.7638729795E+04
    8.1500000000E+01   -4.7840188914E+04
    8.2500000000E+01   -4.8050778008E+04
    8.3500000000E+01   -4.8271029012E+04
    8.4500000000E+01   -4.8500745422E+04
    8.5500000000E+01   -4.8738760633E+04
    8.6500000000E+01   -4.8983324536E+04
    8.7500000000E+01   -4.9232885851E+04
    8.8500000000E+01   -4.9486696932E+04
    8.9500000000E+01   -4.9745288045E+04
    9.0500000000E+01   -5.0010702375E+04
    9.1500000000E+01   -5.0286770516E+04
    9.2500000000E+01   -5.0579770592E+04
    9.3500000000E+01   -5.0898504293E+04
    9.4500000000E+01   -5.1253539189E+04
    9.5500000000E+01   -5.1656189376E+04
    9.6500000000E+01   -5.2121688395E+04
    9.7500000000E+01   -5.2679440220E+04
    9.8500000000E+01   -5.3389688593E+04
    9.9500000000E+01   -5.4392000000E+04
