 # iter=         55  time[s]=   2.449395E-05  x[nm]  mu[J/mol]
    5.0000000000E-01   -3.9748000000E+04
    1.5000000000E+00   -3.9811072460E+04
    2.5000000000E+00   -3.9874553071E+04
    3.5000000000E+00   -3.9938449385E+04
    4.5000000000E+00   -4.0002766350E+04
    5.5000000000E+00   -4.0067506079E+04
    6.5000000000E+00   -4.0132667699E+04
    7.5000000000E+00   -4.0198248780E+04
    8.5000000000E+00   -4.0264248080E+04
    9.5000000000E+00   -4.0330666974E+04
    1.0500000000E+01   -4.0397509714E+04
    1.1500000000E+01   -4.0464783663E+04
    1.2500000000E+01   -4.0532499230E+04
    1.3500000000E+01   -4.0600668405E+04
    1.4500000000E+01   -4.0669303095E+04
    1.5500000000E+01   -4.0738414709E+04
    1.6500000000E+01   -4.0808014109E+04
    1.7500000000E+01   -4.0878111645E+04
    1.8500000000E+01   -4.0948717413E+04
    1.9500000000E+01   -4.1019841490E+04
    2.0500000000E+01   -4.1091493964E+04
    2.1500000000E+01   -4.1163684932E+04
    2.2500000000E+01   -4.1236424491E+04
    2.3500000000E+01   -4.1309722736E+04
    2.4500000000E+01   -4.1383589744E+04
    2.5500000000E+01   -4.1458035563E+04
    2.6500000000E+01   -4.1533070192E+04
    2.7500000000E+01   -4.1608703566E+04
    2.8500000000E+01   -4.1684945527E+04
    2.9500000000E+01   -4.1761805803E+04
    3.0500000000E+01   -4.1839294023E+04
    3.1500000000E+01   -4.1917420225E+04
    3.2500000000E+01   -4.1996195664E+04
    3.3500000000E+01   -4.2075633212E+04
    3.4500000000E+01   -4.2155747516E+04
    3.5500000000E+01   -4.2236555168E+04
    3.6500000000E+01   -4.2318074893E+04
    3.7500000000E+01   -4.2400327757E+04
    3.8500000000E+01   -4.2483337400E+04
    3.9500000000E+01   -4.2567130301E+04
    4.0500000000E+01   -4.2651736118E+04
    4.1500000000E+01   -4.2737188078E+04
    4.2500000000E+01   -4.2823523388E+04
    4.3500000000E+01   -4.2910783694E+04
    4.4500000000E+01   -4.2999015601E+04
    4.5500000000E+01   -4.3088271283E+04
    4.6500000000E+01   -4.3178609194E+04
    4.7500000000E+01   -4.3270094905E+04
    4.8500000000E+01   -4.3362802084E+04
    4.9500000000E+01   -4.3456813680E+04
    5.0500000000E+01   -4.3552222938E+04
    5.1500000000E+01   -4.3649131857E+04
    5.2500000000E+01   -4.3747648400E+04
    5.3500000000E+01   -4.3847885778E+04
    5.4500000000E+01   -4.3949962703E+04
    5.5500000000E+01   -4.4054003561E+04
    5.6500000000E+01   -4.4160138472E+04
    5.7500000000E+01   -4.4268503182E+04
    5.8500000000E+01   -4.4379238735E+04
    5.9500000000E+01   -4.4492490830E+04
    6.0500000000E+01   -4.4608408765E+04
    6.1500000000E+01   -4.4727143837E+04
    6.2500000000E+01   -4.4848847021E+04
    6.3500000000E+01   -4.4973665741E+04
    6.4500000000E+01   -4.5101739502E+04
    6.5500000000E+01   -4.5233194479E+04
    6.6500000000E+01   -4.5368144212E+04
    6.7500000000E+01   -4.5506698381E+04
    6.8500000000E+01   -4.5648968722E+04
    6.9500000000E+01   -4.5795067903E+04
    7.0500000000E+01   -4.5945074226E+04
    7.1500000000E+01   -4.6098958491E+04
    7.2500000000E+01   -4.6256523500E+04
    7.3500000000E+01   -4.6417449135E+04
    7.4500000000E+01   -4.6581607894E+04
    7.5500000000E+01   -4.6749191882E+04
    7.6500000000E+01   -4.6920551920E+04
    7.7500000000E+01   -4.7096180918E+04
    7.8500000000E+01   -4.7276755386E+04
    7.9500000000E+01   -4.7463194811E+04
    8.0500000000E+01   -4.7656643007E+04
    8.1500000000E+01   -4.7858258533E+04
    8.2500000000E+01   -4.8068964734E+04
    8.3500000000E+01   -4.8289231797E+04
    8.4500000000E+01   -4.8518785107E+04
    8.5500000000E+01   -4.8756396903E+04
    8.6500000000E+01   -4.9000321997E+04
    8.7500000000E+01   -4.9249066225E+04
    8.8500000000E+01   -4.9501962454E+04
    8.9500000000E+01   -4.9759622689E+04
    9.0500000000E+01   -5.0024151181E+04
    9.1500000000E+01   -5.0299427111E+04
    9.2500000000E+01   -5.0591754168E+04
    9.3500000000E+01   -5.0909887677E+04
    9.4500000000E+01   -5.1264264075E+04
    9.5500000000E+01   -5.1666034431E+04
    9.6500000000E+01   -5.2130356907E+04
    9.7500000000E+01   -5.2686531460E+04
    9.8500000000E+01   -5.3394356806E+04
    9.9500000000E+01   -5.4392000000E+04
