 # iter=         23  time[s]=   8.493954E-06  x[nm]  mu[J/mol]
    5.0000000000E-01   -3.9748000000E+04
    1.5000000000E+00   -3.9821369461E+04
    2.5000000000E+00   -3.9895286025E+04
    3.5000000000E+00   -3.9969754188E+04
    4.5000000000E+00   -4.0044773574E+04
    5.5000000000E+00   -4.0120338590E+04
    6.5000000000E+00   -4.0196440094E+04
    7.5000000000E+00   -4.0273070134E+04
    8.5000000000E+00   -4.0350225410E+04
    9.5000000000E+00   -4.0427907921E+04
    1.0500000000E+01   -4.0506125303E+04
    1.1500000000E+01   -4.0584889421E+04
    1.2500000000E+01   -4.0664213290E+04
    1.3500000000E+01   -4.0744109300E+04
    1.4500000000E+01   -4.0824589099E+04
    1.5500000000E+01   -4.0905663758E+04
    1.6500000000E+01   -4.0987344020E+04
    1.7500000000E+01   -4.1069640533E+04
    1.8500000000E+01   -4.1152563818E+04
    1.9500000000E+01   -4.1236124203E+04
    2.0500000000E+01   -4.1320331743E+04
    2.1500000000E+01   -4.1405196124E+04
    2.2500000000E+01   -4.1490726565E+04
    2.3500000000E+01   -4.1576931688E+04
    2.4500000000E+01   -4.1663819390E+04
    2.5500000000E+01   -4.1751396694E+04
    2.6500000000E+01   -4.1839669634E+04
    2.7500000000E+01   -4.1928644041E+04
    2.8500000000E+01   -4.2018327354E+04
    2.9500000000E+01   -4.2108729411E+04
    3.0500000000E+01   -4.2199862720E+04
    3.1500000000E+01   -4.2291742742E+04
    3.2500000000E+01   -4.2384388199E+04
    3.3500000000E+01   -4.2477821420E+04
    3.4500000000E+01   -4.2572068734E+04
    3.5500000000E+01   -4.2667160807E+04
    3.6500000000E+01   -4.2763132818E+04
    3.7500000000E+01   -4.2860024965E+04
    3.8500000000E+01   -4.2957883013E+04
    3.9500000000E+01   -4.3056758945E+04
    4.0500000000E+01   -4.3156711717E+04
    4.1500000000E+01   -4.3257808153E+04
    4.2500000000E+01   -4.3360124005E+04
    4.3500000000E+01   -4.3463745230E+04
    4.4500000000E+01   -4.3568768765E+04
    4.5500000000E+01   -4.3675299768E+04
    4.6500000000E+01   -4.3783447766E+04
    4.7500000000E+01   -4.3893325452E+04
    4.8500000000E+01   -4.4005048549E+04
    4.9500000000E+01   -4.4118735492E+04
    5.0500000000E+01   -4.4234506866E+04
    5.1500000000E+01   -4.4352484544E+04
    5.2500000000E+01   -4.4472790405E+04
    5.3500000000E+01   -4.4595544569E+04
    5.4500000000E+01   -4.4720862982E+04
    5.5500000000E+01   -4.4848854232E+04
    5.6500000000E+01   -4.4979615430E+04
    5.7500000000E+01   -4.5113227005E+04
    5.8500000000E+01   -4.5249746979E+04
    5.9500000000E+01   -4.5389210520E+04
    6.0500000000E+01   -4.5531627027E+04
    6.1500000000E+01   -4.5676980104E+04
    6.2500000000E+01   -4.5825217717E+04
    6.3500000000E+01   -4.5976211884E+04
    6.4500000000E+01   -4.6129710537E+04
    6.5500000000E+01   -4.6285302679E+04
    6.6500000000E+01   -4.6442528303E+04
    6.7500000000E+01   -4.6601172209E+04
    6.8500000000E+01   -4.6761285146E+04
    6.9500000000E+01   -4.6923012217E+04
    7.0500000000E+01   -4.7086578742E+04
    7.1500000000E+01   -4.7252303531E+04
    7.2500000000E+01   -4.7420617645E+04
    7.3500000000E+01   -4.7592047994E+04
    7.4500000000E+01   -4.7767096662E+04
    7.5500000000E+01   -4.7946099530E+04
    7.6500000000E+01   -4.8129152479E+04
    7.7500000000E+01   -4.8316041436E+04
    7.8500000000E+01   -4.8506175017E+04
    7.9500000000E+01   -4.8698582279E+04
    8.0500000000E+01   -4.8892157215E+04
    8.1500000000E+01   -4.9085972569E+04
    8.2500000000E+01   -4.9279420092E+04
    8.3500000000E+01   -4.9472323464E+04
    8.4500000000E+01   -4.9664997418E+04
    8.5500000000E+01   -4.9858205379E+04
    8.6500000000E+01   -5.0053132178E+04
    8.7500000000E+01   -5.0251421272E+04
    8.8500000000E+01   -5.0455296307E+04
    8.9500000000E+01   -5.0667548701E+04
    9.0500000000E+01   -5.0891316243E+04
    9.1500000000E+01   -5.1129933320E+04
    9.2500000000E+01   -5.1386767630E+04
    9.3500000000E+01   -5.1665166284E+04
    9.4500000000E+01   -5.1969565947E+04
    9.5500000000E+01   -5.2307529419E+04
    9.6500000000E+01   -5.2691074752E+04
    9.7500000000E+01   -5.3139175829E+04
    9.8500000000E+01   -5.3684939951E+04
    9.9500000000E+01   -5.4392000000E+04
