 # iter=         48  time[s]=   2.099395E-05  x[nm]  mu[J/mol]
    5.0000000000E-01   -3.9748000000E+04
    1.5000000000E+00   -3.9811540606E+04
    2.5000000000E+00   -3.9875495131E+04
    3.5000000000E+00   -3.9939870909E+04
    4.5000000000E+00   -4.0004672589E+04
    5.5000000000E+00   -4.0069901898E+04
    6.5000000000E+00   -4.0135557514E+04
    7.5000000000E+00   -4.0201636633E+04
    8.5000000000E+00   -4.0268137776E+04
    9.5000000000E+00   -4.0335062190E+04
    1.0500000000E+01   -4.0402414097E+04
    1.1500000000E+01   -4.0470200936E+04
    1.2500000000E+01   -4.0538433209E+04
    1.3500000000E+01   -4.0607122890E+04
    1.4500000000E+01   -4.0676281790E+04
    1.5500000000E+01   -4.0745921214E+04
    1.6500000000E+01   -4.0816051913E+04
    1.7500000000E+01   -4.0886684147E+04
    1.8500000000E+01   -4.0957827954E+04
    1.9500000000E+01   -4.1029493360E+04
    2.0500000000E+01   -4.1101690398E+04
    2.1500000000E+01   -4.1174429102E+04
    2.2500000000E+01   -4.1247719497E+04
    2.3500000000E+01   -4.1321571590E+04
    2.4500000000E+01   -4.1395995351E+04
    2.5500000000E+01   -4.1471000702E+04
    2.6500000000E+01   -4.1546597489E+04
    2.7500000000E+01   -4.1622795460E+04
    2.8500000000E+01   -4.1699604235E+04
    2.9500000000E+01   -4.1777033278E+04
    3.0500000000E+01   -4.1855091958E+04
    3.1500000000E+01   -4.1933790197E+04
    3.2500000000E+01   -4.2013139279E+04
    3.3500000000E+01   -4.2093152162E+04
    3.4500000000E+01   -4.2173843639E+04
    3.5500000000E+01   -4.2255230516E+04
    3.6500000000E+01   -4.2337331805E+04
    3.7500000000E+01   -4.2420168942E+04
    3.8500000000E+01   -4.2503766027E+04
    3.9500000000E+01   -4.2588150111E+04
    4.0500000000E+01   -4.2673351537E+04
    4.1500000000E+01   -4.2759404331E+04
    4.2500000000E+01   -4.2846346621E+04
    4.3500000000E+01   -4.2934221105E+04
    4.4500000000E+01   -4.3023075596E+04
    4.5500000000E+01   -4.3112963657E+04
    4.6500000000E+01   -4.3203945333E+04
    4.7500000000E+01   -4.3296088026E+04
    4.8500000000E+01   -4.3389467520E+04
    4.9500000000E+01   -4.3484169218E+04
    5.0500000000E+01   -4.3580288633E+04
    5.1500000000E+01   -4.3677929113E+04
    5.2500000000E+01   -4.3777199362E+04
    5.3500000000E+01   -4.3878213268E+04
    5.4500000000E+01   -4.3981090119E+04
    5.5500000000E+01   -4.4085954726E+04
    5.6500000000E+01   -4.4192937416E+04
    5.7500000000E+01   -4.4302173839E+04
    5.8500000000E+01   -4.4413804527E+04
    5.9500000000E+01   -4.4527974117E+04
    6.0500000000E+01   -4.4644830109E+04
    6.1500000000E+01   -4.4764521049E+04
    6.2500000000E+01   -4.4887193935E+04
    6.3500000000E+01   -4.5012990660E+04
    6.4500000000E+01   -4.5142043260E+04
    6.5500000000E+01   -4.5274469166E+04
    6.6500000000E+01   -4.5410374929E+04
    6.7500000000E+01   -4.5549864832E+04
    6.8500000000E+01   -4.5693044173E+04
    6.9500000000E+01   -4.5840012625E+04
    7.0500000000E+01   -4.5990814657E+04
    7.1500000000E+01   -4.6145366390E+04
    7.2500000000E+01   -4.6303409010E+04
    7.3500000000E+01   -4.6464641107E+04
    7.4500000000E+01   -4.6629025903E+04
    7.5500000000E+01   -4.6796805438E+04
    7.6500000000E+01   -4.6968353269E+04
    7.7500000000E+01   -4.7144189929E+04
    7.8500000000E+01   -4.7325026529E+04
    7.9500000000E+01   -4.7511819761E+04
    8.0500000000E+01   -4.7705701673E+04
    8.1500000000E+01   -4.7907747567E+04
    8.2500000000E+01   -4.8118753052E+04
    8.3500000000E+01   -4.8339015109E+04
    8.4500000000E+01   -4.8568045519E+04
    8.5500000000E+01   -4.8804475462E+04
    8.6500000000E+01   -4.9046600488E+04
    8.7500000000E+01   -4.9293089112E+04
    8.8500000000E+01   -4.9543493936E+04
    8.9500000000E+01   -4.9798640334E+04
    9.0500000000E+01   -5.0060790003E+04
    9.1500000000E+01   -5.0333950353E+04
    9.2500000000E+01   -5.0624480311E+04
    9.3500000000E+01   -5.0940993183E+04
    9.4500000000E+01   -5.1293563378E+04
    9.5500000000E+01   -5.1692912655E+04
    9.6500000000E+01   -5.2154011764E+04
    9.7500000000E+01   -5.2705869774E+04
    9.8500000000E+01   -5.3407070650E+04
    9.9500000000E+01   -5.4392000000E+04
