 # iter=         51  time[s]=   2.249395E-05  x[nm]  mu[J/mol]
    5.0000000000E-01   -3.9748000000E+04
    1.5000000000E+00   -3.9811296897E+04
    2.5000000000E+00   -3.9875004702E+04
    3.5000000000E+00   -3.9939130864E+04
    4.5000000000E+00   -4.0003680184E+04
    5.5000000000E+00   -4.0068654590E+04
    6.5000000000E+00   -4.0134052993E+04
    7.5000000000E+00   -4.0199872781E+04
    8.5000000000E+00   -4.0266112598E+04
    9.5000000000E+00   -4.0332773753E+04
    1.0500000000E+01   -4.0399860484E+04
    1.1500000000E+01   -4.0467380187E+04
    1.2500000000E+01   -4.0535343314E+04
    1.3500000000E+01   -4.0603761847E+04
    1.4500000000E+01   -4.0672647647E+04
    1.5500000000E+01   -4.0742012070E+04
    1.6500000000E+01   -4.0811865925E+04
    1.7500000000E+01   -4.0882219516E+04
    1.8500000000E+01   -4.0953082911E+04
    1.9500000000E+01   -4.1024466161E+04
    2.0500000000E+01   -4.1096379327E+04
    2.1500000000E+01   -4.1168832473E+04
    2.2500000000E+01   -4.1241835664E+04
    2.3500000000E+01   -4.1315398950E+04
    2.4500000000E+01   -4.1389532358E+04
    2.5500000000E+01   -4.1464245874E+04
    2.6500000000E+01   -4.1539549424E+04
    2.7500000000E+01   -4.1615452853E+04
    2.8500000000E+01   -4.1691965899E+04
    2.9500000000E+01   -4.1769098162E+04
    3.0500000000E+01   -4.1846859144E+04
    3.1500000000E+01   -4.1925258824E+04
    3.2500000000E+01   -4.2004308464E+04
    3.3500000000E+01   -4.2084020975E+04
    3.4500000000E+01   -4.2164411071E+04
    3.5500000000E+01   -4.2245495441E+04
    3.6500000000E+01   -4.2327292946E+04
    3.7500000000E+01   -4.2409824822E+04
    3.8500000000E+01   -4.2493114924E+04
    3.9500000000E+01   -4.2577190000E+04
    4.0500000000E+01   -4.2662080029E+04
    4.1500000000E+01   -4.2747818617E+04
    4.2500000000E+01   -4.2834443404E+04
    4.3500000000E+01   -4.2921996532E+04
    4.4500000000E+01   -4.3010525178E+04
    4.5500000000E+01   -4.3100082170E+04
    4.6500000000E+01   -4.3190726715E+04
    4.7500000000E+01   -4.3282525246E+04
    4.8500000000E+01   -4.3375552432E+04
    4.9500000000E+01   -4.3469892378E+04
    5.0500000000E+01   -4.3565639441E+04
    5.1500000000E+01   -4.3662896297E+04
    5.2500000000E+01   -4.3761771262E+04
    5.3500000000E+01   -4.3862377871E+04
    5.4500000000E+01   -4.3964835112E+04
    5.5500000000E+01   -4.4069267576E+04
    5.6500000000E+01   -4.4175805487E+04
    5.7500000000E+01   -4.4284584555E+04
    5.8500000000E+01   -4.4395745592E+04
    5.9500000000E+01   -4.4509433808E+04
    6.0500000000E+01   -4.4625797671E+04
    6.1500000000E+01   -4.4744987197E+04
    6.2500000000E+01   -4.4867151507E+04
    6.3500000000E+01   -4.4992435444E+04
    6.4500000000E+01   -4.5120975015E+04
    6.5500000000E+01   -4.5252892183E+04
    6.6500000000E+01   -4.5388297081E+04
    6.7500000000E+01   -4.5527296835E+04
    6.8500000000E+01   -4.5670000188E+04
    6.9500000000E+01   -4.5816514226E+04
    7.0500000000E+01   -4.5966901951E+04
    7.1500000000E+01   -4.6121108501E+04
    7.2500000000E+01   -4.6278906593E+04
    7.3500000000E+01   -4.6439980814E+04
    7.4500000000E+01   -4.6604246232E+04
    7.5500000000E+01   -4.6771921523E+04
    7.6500000000E+01   -4.6943368278E+04
    7.7500000000E+01   -4.7119092486E+04
    7.8500000000E+01   -4.7299787005E+04
    7.9500000000E+01   -4.7486389852E+04
    8.0500000000E+01   -4.7680041371E+04
    8.1500000000E+01   -4.7881862095E+04
    8.2500000000E+01   -4.8092715292E+04
    8.3500000000E+01   -4.8312989253E+04
    8.4500000000E+01   -4.8542307209E+04
    8.5500000000E+01   -4.8779369195E+04
    8.6500000000E+01   -4.9022444696E+04
    8.7500000000E+01   -4.9270116090E+04
    8.8500000000E+01   -4.9521821252E+04
    8.9500000000E+01   -4.9778275924E+04
    9.0500000000E+01   -5.0041661185E+04
    9.1500000000E+01   -5.0315918216E+04
    9.2500000000E+01   -5.0607379796E+04
    9.3500000000E+01   -5.0924736263E+04
    9.4500000000E+01   -5.1278251816E+04
    9.5500000000E+01   -5.1678869559E+04
    9.6500000000E+01   -5.2141654819E+04
    9.7500000000E+01   -5.2695770013E+04
    9.8500000000E+01   -5.3400433689E+04
    9.9500000000E+01   -5.4392000000E+04
