 # iter=          4  time[s]=   1.899061E-09  x[nm]  M[s/kg/m]
    5.0000000000E-01    1.5728603363E+19
    1.5000000000E+00    1.5708849474E+19
    2.5000000000E+00    1.5683544312E+19
    3.5000000000E+00    1.5656366642E+19
    4.5000000000E+00    1.5625470654E+19
    5.5000000000E+00    1.5585280529E+19
    6.5000000000E+00    1.5531724017E+19
    7.5000000000E+00    1.5464989316E+19
    8.5000000000E+00    1.5386133071E+19
    9.5000000000E+00    1.5297044217E+19
    1.0500000000E+01    1.5199888478E+19
    1.1500000000E+01    1.5096832472E+19
    1.2500000000E+01    1.4990044493E+19
    1.3500000000E+01    1.4881696356E+19
    1.4500000000E+01    1.4773959386E+19
    1.5500000000E+01    1.4667823476E+19
    1.6500000000E+01    1.4561785751E+19
    1.7500000000E+01    1.4454025395E+19
    1.8500000000E+01    1.4342720258E+19
    1.9500000000E+01    1.4226055890E+19
    2.0500000000E+01    1.4102527288E+19
    2.1500000000E+01    1.3971027828E+19
    2.2500000000E+01    1.3830477677E+19
    2.3500000000E+01    1.3679797040E+19
    2.4500000000E+01    1.3517905510E+19
    2.5500000000E+01    1.3343720622E+19
    2.6500000000E+01    1.3156441867E+19
    2.7500000000E+01    1.2957382519E+19
    2.8500000000E+01    1.2748804971E+19
    2.9500000000E+01    1.2532980674E+19
    3.0500000000E+01    1.2312183203E+19
    3.1500000000E+01    1.2088687365E+19
    3.2500000000E+01    1.1864768911E+19
    3.3500000000E+01    1.1642704394E+19
    3.4500000000E+01    1.1424771078E+19
    3.5500000000E+01    1.1213246864E+19
    3.6500000000E+01    1.1010410058E+19
    3.7500000000E+01    1.0818536366E+19
    3.8500000000E+01    1.0639841717E+19
    3.9500000000E+01    1.0476500157E+19
    4.0500000000E+01    1.0330686991E+19
    4.1500000000E+01    1.0204798285E+19
    4.2500000000E+01    1.0103478772E+19
    4.3500000000E+01    1.0032663697E+19
    4.4500000000E+01    9.9983078974E+18
    4.5500000000E+01    9.9986082677E+18
    4.6500000000E+01    1.0008592687E+19
    4.7500000000E+01    1.0019512794E+19
    4.8500000000E+01    1.0028802649E+19
    4.9500000000E+01    1.0033896656E+19
    5.0500000000E+01    1.0032229696E+19
    5.1500000000E+01    1.0021236914E+19
    5.2500000000E+01    9.9983968024E+18
    5.3500000000E+01    9.9649243693E+18
    5.4500000000E+01    9.9285522731E+18
    5.5500000000E+01    9.8976746925E+18
    5.6500000000E+01    9.8806918309E+18
    5.7500000000E+01    9.8860084421E+18
    5.8500000000E+01    9.9220330710E+18
    5.9500000000E+01    9.9971770729E+18
    6.0500000000E+01    1.0119288666E+19
    6.1500000000E+01    1.0289154531E+19
    6.2500000000E+01    1.0502729760E+19
    6.3500000000E+01    1.0755879804E+19
    6.4500000000E+01    1.1043657753E+19
    6.5500000000E+01    1.1356354984E+19
    6.6500000000E+01    1.1682540110E+19
    6.7500000000E+01    1.2010793512E+19
    6.8500000000E+01    1.2329705389E+19
    6.9500000000E+01    1.2627873798E+19
    7.0500000000E+01    1.2893902936E+19
    7.1500000000E+01    1.3116402047E+19
    7.2500000000E+01    1.3284147875E+19
    7.3500000000E+01    1.3394616377E+19
    7.4500000000E+01    1.3458277978E+19
    7.5500000000E+01    1.3486666607E+19
    7.6500000000E+01    1.3491327291E+19
    7.7500000000E+01    1.3483815472E+19
    7.8500000000E+01    1.3475695429E+19
    7.9500000000E+01    1.3477251819E+19
    8.0500000000E+01    1.3488245547E+19
    8.1500000000E+01    1.3503288769E+19
    8.2500000000E+01    1.3516960093E+19
    8.3500000000E+01    1.3523839855E+19
    8.4500000000E+01    1.3522866671E+19
    8.5500000000E+01    1.3518715926E+19
    8.6500000000E+01    1.3511753347E+19
    8.7500000000E+01    1.3502232197E+19
    8.8500000000E+01    1.3490405748E+19
    8.9500000000E+01    1.3476527277E+19
    9.0500000000E+01    1.3460850069E+19
    9.1500000000E+01    1.3443627415E+19
    9.2500000000E+01    1.3425112613E+19
    9.3500000000E+01    1.3405558967E+19
    9.4500000000E+01    1.3385219783E+19
    9.5500000000E+01    1.3364348374E+19
    9.6500000000E+01    1.3343198050E+19
    9.7500000000E+01    1.3322021963E+19
    9.8500000000E+01    1.3301068152E+19
    9.9500000000E+01    1.3280478980E+19
