 # iter=          5  time[s]=   1.334207E-07  x[nm]  M[s/kg/m]
    5.0000000000E-01    1.5728603363E+19
    1.5000000000E+00    1.5711075908E+19
    2.5000000000E+00    1.5688531641E+19
    3.5000000000E+00    1.5663857571E+19
    4.5000000000E+00    1.5636893130E+19
    5.5000000000E+00    1.5603351185E+19
    6.5000000000E+00    1.5558812285E+19
    7.5000000000E+00    1.5501939830E+19
    8.5000000000E+00    1.5433297276E+19
    9.5000000000E+00    1.5353920435E+19
    1.0500000000E+01    1.5265520118E+19
    1.1500000000E+01    1.5169921224E+19
    1.2500000000E+01    1.5069011008E+19
    1.3500000000E+01    1.4964739204E+19
    1.4500000000E+01    1.4859117282E+19
    1.5500000000E+01    1.4754169411E+19
    1.6500000000E+01    1.4650363339E+19
    1.7500000000E+01    1.4546175486E+19
    1.8500000000E+01    1.4439927541E+19
    1.9500000000E+01    1.4329914257E+19
    2.0500000000E+01    1.4214421386E+19
    2.1500000000E+01    1.4092055167E+19
    2.2500000000E+01    1.3961737385E+19
    2.3500000000E+01    1.3822383390E+19
    2.4500000000E+01    1.3672883628E+19
    2.5500000000E+01    1.3512097334E+19
    2.6500000000E+01    1.3338844492E+19
    2.7500000000E+01    1.3152208423E+19
    2.8500000000E+01    1.2953353804E+19
    2.9500000000E+01    1.2744342866E+19
    3.0500000000E+01    1.2527285324E+19
    3.1500000000E+01    1.2304346560E+19
    3.2500000000E+01    1.2077756853E+19
    3.3500000000E+01    1.1849818994E+19
    3.4500000000E+01    1.1622914415E+19
    3.5500000000E+01    1.1399507956E+19
    3.6500000000E+01    1.1182151199E+19
    3.7500000000E+01    1.0973484080E+19
    3.8500000000E+01    1.0776228475E+19
    3.9500000000E+01    1.0593120053E+19
    4.0500000000E+01    1.0426959990E+19
    4.1500000000E+01    1.0280607856E+19
    4.2500000000E+01    1.0157844752E+19
    4.3500000000E+01    1.0065234690E+19
    4.4500000000E+01    1.0009610903E+19
    4.5500000000E+01    9.9957812676E+18
    4.6500000000E+01    1.0004334374E+19
    4.7500000000E+01    1.0015441428E+19
    4.8500000000E+01    1.0025791394E+19
    4.9500000000E+01    1.0032743779E+19
    5.0500000000E+01    1.0033731481E+19
    5.1500000000E+01    1.0026216469E+19
    5.2500000000E+01    1.0007640510E+19
    5.3500000000E+01    9.9769493540E+18
    5.4500000000E+01    9.9403876746E+18
    5.5500000000E+01    9.9064581136E+18
    5.6500000000E+01    9.8839009983E+18
    5.7500000000E+01    9.8817234558E+18
    5.8500000000E+01    9.9091489444E+18
    5.9500000000E+01    9.9754803980E+18
    6.0500000000E+01    1.0089694672E+19
    6.1500000000E+01    1.0254529483E+19
    6.2500000000E+01    1.0465211814E+19
    6.3500000000E+01    1.0716373831E+19
    6.4500000000E+01    1.1002169775E+19
    6.5500000000E+01    1.1312483932E+19
    6.6500000000E+01    1.1635350554E+19
    6.7500000000E+01    1.1959486562E+19
    6.8500000000E+01    1.2274236284E+19
    6.9500000000E+01    1.2569443226E+19
    7.0500000000E+01    1.2835296801E+19
    7.1500000000E+01    1.3062156786E+19
    7.2500000000E+01    1.3240343607E+19
    7.3500000000E+01    1.3363870610E+19
    7.4500000000E+01    1.3440117360E+19
    7.5500000000E+01    1.3479254915E+19
    7.6500000000E+01    1.3491571054E+19
    7.7500000000E+01    1.3487650993E+19
    7.8500000000E+01    1.3478446798E+19
    7.9500000000E+01    1.3475130952E+19
    8.0500000000E+01    1.3482723627E+19
    8.1500000000E+01    1.3496668616E+19
    8.2500000000E+01    1.3511571286E+19
    8.3500000000E+01    1.3522036946E+19
    8.4500000000E+01    1.3523731421E+19
    8.5500000000E+01    1.3520892943E+19
    8.6500000000E+01    1.3515140640E+19
    8.7500000000E+01    1.3506724146E+19
    8.8500000000E+01    1.3495893032E+19
    8.9500000000E+01    1.3482896364E+19
    9.0500000000E+01    1.3467981552E+19
    9.1500000000E+01    1.3451391938E+19
    9.2500000000E+01    1.3433362433E+19
    9.3500000000E+01    1.3414112348E+19
    9.4500000000E+01    1.3393834891E+19
    9.5500000000E+01    1.3372683791E+19
    9.6500000000E+01    1.3350759460E+19
    9.7500000000E+01    1.3328100164E+19
    9.8500000000E+01    1.3304687370E+19
    9.9500000000E+01    1.3280478980E+19
