 # iter=          1  time[s]=   1.163910E-15  x[nm]  M[s/kg/m]
    5.0000000000E-01    1.5728603363E+19
    1.5000000000E+00    1.5708698179E+19
    2.5000000000E+00    1.5683330940E+19
    3.5000000000E+00    1.5656130313E+19
    4.5000000000E+00    1.5625167998E+19
    5.5000000000E+00    1.5584850058E+19
    6.5000000000E+00    1.5531132138E+19
    7.5000000000E+00    1.5464224494E+19
    8.5000000000E+00    1.5385193846E+19
    9.5000000000E+00    1.5295947032E+19
    1.0500000000E+01    1.5198659346E+19
    1.1500000000E+01    1.5095506201E+19
    1.2500000000E+01    1.4988663008E+19
    1.3500000000E+01    1.4880305179E+19
    1.4500000000E+01    1.4772599314E+19
    1.5500000000E+01    1.4666487312E+19
    1.6500000000E+01    1.4560442327E+19
    1.7500000000E+01    1.4452640858E+19
    1.8500000000E+01    1.4341259407E+19
    1.9500000000E+01    1.4224483776E+19
    2.0500000000E+01    1.4100818920E+19
    2.1500000000E+01    1.3969161332E+19
    2.2500000000E+01    1.3828431479E+19
    2.3500000000E+01    1.3677549827E+19
    2.4500000000E+01    1.3515436842E+19
    2.5500000000E+01    1.3341012990E+19
    2.6500000000E+01    1.3153501128E+19
    2.7500000000E+01    1.2954255011E+19
    2.8500000000E+01    1.2745544253E+19
    2.9500000000E+01    1.2529642008E+19
    3.0500000000E+01    1.2308821433E+19
    3.1500000000E+01    1.2085355682E+19
    3.2500000000E+01    1.1861517912E+19
    3.3500000000E+01    1.1639581277E+19
    3.4500000000E+01    1.1421818935E+19
    3.5500000000E+01    1.1210504040E+19
    3.6500000000E+01    1.1007909747E+19
    3.7500000000E+01    1.0816308010E+19
    3.8500000000E+01    1.0637922130E+19
    3.9500000000E+01    1.0474911095E+19
    4.0500000000E+01    1.0329429481E+19
    4.1500000000E+01    1.0203863606E+19
    4.2500000000E+01    1.0102859535E+19
    4.3500000000E+01    1.0032338447E+19
    4.4500000000E+01    9.9982356042E+18
    4.5500000000E+01    9.9986479922E+18
    4.6500000000E+01    1.0008641018E+19
    4.7500000000E+01    1.0019559673E+19
    4.8500000000E+01    1.0028837105E+19
    4.9500000000E+01    1.0033906538E+19
    5.0500000000E+01    1.0032201199E+19
    5.1500000000E+01    1.0021154313E+19
    5.2500000000E+01    9.9982459460E+18
    5.3500000000E+01    9.9647344576E+18
    5.4500000000E+01    9.9283714362E+18
    5.5500000000E+01    9.8975487247E+18
    5.6500000000E+01    9.8806581661E+18
    5.7500000000E+01    9.8860916033E+18
    5.8500000000E+01    9.9222408792E+18
    5.9500000000E+01    9.9974978368E+18
    6.0500000000E+01    1.0119688967E+19
    6.1500000000E+01    1.0289584056E+19
    6.2500000000E+01    1.0503159041E+19
    6.3500000000E+01    1.0756298393E+19
    6.4500000000E+01    1.1044074930E+19
    6.5500000000E+01    1.1356797650E+19
    6.6500000000E+01    1.1683043031E+19
    6.7500000000E+01    1.2011385073E+19
    6.8500000000E+01    1.2330397779E+19
    6.9500000000E+01    1.2628655151E+19
    7.0500000000E+01    1.2894731191E+19
    7.1500000000E+01    1.3117199900E+19
    7.2500000000E+01    1.3284801709E+19
    7.3500000000E+01    1.3395071855E+19
    7.4500000000E+01    1.3458533605E+19
    7.5500000000E+01    1.3486755469E+19
    7.6500000000E+01    1.3491305953E+19
    7.7500000000E+01    1.3483753565E+19
    7.8500000000E+01    1.3475666813E+19
    7.9500000000E+01    1.3477296669E+19
    8.0500000000E+01    1.3488331677E+19
    8.1500000000E+01    1.3503382997E+19
    8.2500000000E+01    1.3517029488E+19
    8.3500000000E+01    1.3523850237E+19
    8.4500000000E+01    1.3522849775E+19
    8.5500000000E+01    1.3518680297E+19
    8.6500000000E+01    1.3511700504E+19
    8.7500000000E+01    1.3502163704E+19
    8.8500000000E+01    1.3490323202E+19
    8.9500000000E+01    1.3476432304E+19
    9.0500000000E+01    1.3460744318E+19
    9.1500000000E+01    1.3443512549E+19
    9.2500000000E+01    1.3424990304E+19
    9.3500000000E+01    1.3405430888E+19
    9.4500000000E+01    1.3385087609E+19
    9.5500000000E+01    1.3364213773E+19
    9.6500000000E+01    1.3343062685E+19
    9.7500000000E+01    1.3321887653E+19
    9.8500000000E+01    1.3300941983E+19
    9.9500000000E+01    1.3280478980E+19
