 # iter=         30  time[s]=   1.199395E-05  x[nm]  M[s/kg/m]
    5.0000000000E-01    1.5728603363E+19
    1.5000000000E+00    1.5720353415E+19
    2.5000000000E+00    1.5710396258E+19
    3.5000000000E+00    1.5699111946E+19
    4.5000000000E+00    1.5686897969E+19
    5.5000000000E+00    1.5674170007E+19
    6.5000000000E+00    1.5661186249E+19
    7.5000000000E+00    1.5647499149E+19
    8.5000000000E+00    1.5632460603E+19
    9.5000000000E+00    1.5615396616E+19
    1.0500000000E+01    1.5595606299E+19
    1.1500000000E+01    1.5572428730E+19
    1.2500000000E+01    1.5545681313E+19
    1.3500000000E+01    1.5515400989E+19
    1.4500000000E+01    1.5481627943E+19
    1.5500000000E+01    1.5444406268E+19
    1.6500000000E+01    1.5403848642E+19
    1.7500000000E+01    1.5360169819E+19
    1.8500000000E+01    1.5313602670E+19
    1.9500000000E+01    1.5264391507E+19
    2.0500000000E+01    1.5212792727E+19
    2.1500000000E+01    1.5159075480E+19
    2.2500000000E+01    1.5103522364E+19
    2.3500000000E+01    1.5046430134E+19
    2.4500000000E+01    1.4988110437E+19
    2.5500000000E+01    1.4928890553E+19
    2.6500000000E+01    1.4869114146E+19
    2.7500000000E+01    1.4809142015E+19
    2.8500000000E+01    1.4749289899E+19
    2.9500000000E+01    1.4689436569E+19
    3.0500000000E+01    1.4629255923E+19
    3.1500000000E+01    1.4568404015E+19
    3.2500000000E+01    1.4506518915E+19
    3.3500000000E+01    1.4443219639E+19
    3.4500000000E+01    1.4378104859E+19
    3.5500000000E+01    1.4310751390E+19
    3.6500000000E+01    1.4240715279E+19
    3.7500000000E+01    1.4167602347E+19
    3.8500000000E+01    1.4091075694E+19
    3.9500000000E+01    1.4010780630E+19
    4.0500000000E+01    1.3926338429E+19
    4.1500000000E+01    1.3837343407E+19
    4.2500000000E+01    1.3743359468E+19
    4.3500000000E+01    1.3643916019E+19
    4.4500000000E+01    1.3538503109E+19
    4.5500000000E+01    1.3426565624E+19
    4.6500000000E+01    1.3307496301E+19
    4.7500000000E+01    1.3180799009E+19
    4.8500000000E+01    1.3046630227E+19
    4.9500000000E+01    1.2905342176E+19
    5.0500000000E+01    1.2757326394E+19
    5.1500000000E+01    1.2603022969E+19
    5.2500000000E+01    1.2442931186E+19
    5.3500000000E+01    1.2277621799E+19
    5.4500000000E+01    1.2107751195E+19
    5.5500000000E+01    1.1934077640E+19
    5.6500000000E+01    1.1757479845E+19
    5.7500000000E+01    1.1578977954E+19
    5.8500000000E+01    1.1399756989E+19
    5.9500000000E+01    1.1221192537E+19
    6.0500000000E+01    1.1044878157E+19
    6.1500000000E+01    1.0872653496E+19
    6.2500000000E+01    1.0706607855E+19
    6.3500000000E+01    1.0549052168E+19
    6.4500000000E+01    1.0402570490E+19
    6.5500000000E+01    1.0270047907E+19
    6.6500000000E+01    1.0155663993E+19
    6.7500000000E+01    1.0066494309E+19
    6.8500000000E+01    1.0010710766E+19
    6.9500000000E+01    9.9957120782E+18
    7.0500000000E+01    1.0004446578E+19
    7.1500000000E+01    1.0016183889E+19
    7.2500000000E+01    1.0027082793E+19
    7.3500000000E+01    1.0033649838E+19
    7.4500000000E+01    1.0032020763E+19
    7.5500000000E+01    1.0017837425E+19
    7.6500000000E+01    9.9866023063E+18
    7.7500000000E+01    9.9429880445E+18
    7.8500000000E+01    9.9014765197E+18
    7.9500000000E+01    9.8798453433E+18
    8.0500000000E+01    9.8995217747E+18
    8.1500000000E+01    9.9856732373E+18
    8.2500000000E+01    1.0164644007E+19
    8.3500000000E+01    1.0442772668E+19
    8.4500000000E+01    1.0810489526E+19
    8.5500000000E+01    1.1251572328E+19
    8.6500000000E+01    1.1733721280E+19
    8.7500000000E+01    1.2221314491E+19
    8.8500000000E+01    1.2677972295E+19
    8.9500000000E+01    1.3063743345E+19
    9.0500000000E+01    1.3330974821E+19
    9.1500000000E+01    1.3462036307E+19
    9.2500000000E+01    1.3491504784E+19
    9.3500000000E+01    1.3475855322E+19
    9.4500000000E+01    1.3491228825E+19
    9.5500000000E+01    1.3522913766E+19
    9.6500000000E+01    1.3514884710E+19
    9.7500000000E+01    1.3476452409E+19
    9.8500000000E+01    1.3400419016E+19
    9.9500000000E+01    1.3280478980E+19
