 # iter=         67  time[s]=   3.049395E-05  x[nm]  M[s/kg/m]
    5.0000000000E-01    1.5728603363E+19
    1.5000000000E+00    1.5721085939E+19
    2.5000000000E+00    1.5712099307E+19
    3.5000000000E+00    1.5701936666E+19
    4.5000000000E+00    1.5690903543E+19
    5.5000000000E+00    1.5679318498E+19
    6.5000000000E+00    1.5667489418E+19
    7.5000000000E+00    1.5655306987E+19
    8.5000000000E+00    1.5642286968E+19
    9.5000000000E+00    1.5627914215E+19
    1.0500000000E+01    1.5611653567E+19
    1.1500000000E+01    1.5592948816E+19
    1.2500000000E+01    1.5571301940E+19
    1.3500000000E+01    1.5546608940E+19
    1.4500000000E+01    1.5518894513E+19
    1.5500000000E+01    1.5488184836E+19
    1.6500000000E+01    1.5454507842E+19
    1.7500000000E+01    1.5417923295E+19
    1.8500000000E+01    1.5378582863E+19
    1.9500000000E+01    1.5336662049E+19
    2.0500000000E+01    1.5292345024E+19
    2.1500000000E+01    1.5245825143E+19
    2.2500000000E+01    1.5197305472E+19
    2.3500000000E+01    1.5146999338E+19
    2.4500000000E+01    1.5095130899E+19
    2.5500000000E+01    1.5041935731E+19
    2.6500000000E+01    1.4987661445E+19
    2.7500000000E+01    1.4932568312E+19
    2.8500000000E+01    1.4876929917E+19
    2.9500000000E+01    1.4821033831E+19
    3.0500000000E+01    1.4765163150E+19
    3.1500000000E+01    1.4709308841E+19
    3.2500000000E+01    1.4653213267E+19
    3.3500000000E+01    1.4596597821E+19
    3.4500000000E+01    1.4539168740E+19
    3.5500000000E+01    1.4480616141E+19
    3.6500000000E+01    1.4420612918E+19
    3.7500000000E+01    1.4358813454E+19
    3.8500000000E+01    1.4294852136E+19
    3.9500000000E+01    1.4228348955E+19
    4.0500000000E+01    1.4158980162E+19
    4.1500000000E+01    1.4086450085E+19
    4.2500000000E+01    1.4010443566E+19
    4.3500000000E+01    1.3930622972E+19
    4.4500000000E+01    1.3846625474E+19
    4.5500000000E+01    1.3758059841E+19
    4.6500000000E+01    1.3664502656E+19
    4.7500000000E+01    1.3565493830E+19
    4.8500000000E+01    1.3460531251E+19
    4.9500000000E+01    1.3349064375E+19
    5.0500000000E+01    1.3230525896E+19
    5.1500000000E+01    1.3104803872E+19
    5.2500000000E+01    1.2972139920E+19
    5.3500000000E+01    1.2832813285E+19
    5.4500000000E+01    1.2687142041E+19
    5.5500000000E+01    1.2535492385E+19
    5.6500000000E+01    1.2378289560E+19
    5.7500000000E+01    1.2216030690E+19
    5.8500000000E+01    1.2049299842E+19
    5.9500000000E+01    1.1878785670E+19
    6.0500000000E+01    1.1705301959E+19
    6.1500000000E+01    1.1529811376E+19
    6.2500000000E+01    1.1353452623E+19
    6.3500000000E+01    1.1177571013E+19
    6.4500000000E+01    1.1003752138E+19
    6.5500000000E+01    1.0833857171E+19
    6.6500000000E+01    1.0670020566E+19
    6.7500000000E+01    1.0514644023E+19
    6.8500000000E+01    1.0370460191E+19
    6.9500000000E+01    1.0240615445E+19
    7.0500000000E+01    1.0130307451E+19
    7.1500000000E+01    1.0047625572E+19
    7.2500000000E+01    1.0001867407E+19
    7.3500000000E+01    9.9976981517E+18
    7.4500000000E+01    1.0008586292E+19
    7.5500000000E+01    1.0020883700E+19
    7.6500000000E+01    1.0030821891E+19
    7.7500000000E+01    1.0034103529E+19
    7.8500000000E+01    1.0025716827E+19
    7.9500000000E+01    9.9996885334E+18
    8.0500000000E+01    9.9553508417E+18
    8.1500000000E+01    9.9081497222E+18
    8.2500000000E+01    9.8803873900E+18
    8.3500000000E+01    9.9008722134E+18
    8.4500000000E+01    1.0005783325E+19
    8.5500000000E+01    1.0232805701E+19
    8.6500000000E+01    1.0587637863E+19
    8.7500000000E+01    1.1056742805E+19
    8.8500000000E+01    1.1604865066E+19
    8.9500000000E+01    1.2177589285E+19
    9.0500000000E+01    1.2716159423E+19
    9.1500000000E+01    1.3152501834E+19
    9.2500000000E+01    1.3408713597E+19
    9.3500000000E+01    1.3490278312E+19
    9.4500000000E+01    1.3477248811E+19
    9.5500000000E+01    1.3495022650E+19
    9.6500000000E+01    1.3523661259E+19
    9.7500000000E+01    1.3497838386E+19
    9.8500000000E+01    1.3421138028E+19
    9.9500000000E+01    1.3280478980E+19
