 # iter=         39  time[s]=   1.649395E-05  x[nm]  M[s/kg/m]
    5.0000000000E-01    1.5728603363E+19
    1.5000000000E+00    1.5720798596E+19
    2.5000000000E+00    1.5711432395E+19
    3.5000000000E+00    1.5700830419E+19
    4.5000000000E+00    1.5689332521E+19
    5.5000000000E+00    1.5677293460E+19
    6.5000000000E+00    1.5665021263E+19
    7.5000000000E+00    1.5652274934E+19
    8.5000000000E+00    1.5638504817E+19
    9.5000000000E+00    1.5623136973E+19
    1.0500000000E+01    1.5605575037E+19
    1.1500000000E+01    1.5585201631E+19
    1.2500000000E+01    1.5561606908E+19
    1.3500000000E+01    1.5534778953E+19
    1.4500000000E+01    1.5504748439E+19
    1.5500000000E+01    1.5471547904E+19
    1.6500000000E+01    1.5435217906E+19
    1.7500000000E+01    1.5395882748E+19
    1.8500000000E+01    1.5353732699E+19
    1.9500000000E+01    1.5308968656E+19
    2.0500000000E+01    1.5261801377E+19
    2.1500000000E+01    1.5212452039E+19
    2.2500000000E+01    1.5161152830E+19
    2.3500000000E+01    1.5108147542E+19
    2.4500000000E+01    1.5053692203E+19
    2.5500000000E+01    1.4998055718E+19
    2.6500000000E+01    1.4941520527E+19
    2.7500000000E+01    1.4884383288E+19
    2.8500000000E+01    1.4826955561E+19
    2.9500000000E+01    1.4769552084E+19
    3.0500000000E+01    1.4712206111E+19
    3.1500000000E+01    1.4654646730E+19
    3.2500000000E+01    1.4596574831E+19
    3.3500000000E+01    1.4537675415E+19
    3.4500000000E+01    1.4477616643E+19
    3.5500000000E+01    1.4416048710E+19
    3.6500000000E+01    1.4352602543E+19
    3.7500000000E+01    1.4286888266E+19
    3.8500000000E+01    1.4218506404E+19
    3.9500000000E+01    1.4147126120E+19
    4.0500000000E+01    1.4072435870E+19
    4.1500000000E+01    1.3994103380E+19
    4.2500000000E+01    1.3911773071E+19
    4.3500000000E+01    1.3825063206E+19
    4.4500000000E+01    1.3733562536E+19
    4.5500000000E+01    1.3636826325E+19
    4.6500000000E+01    1.3534371632E+19
    4.7500000000E+01    1.3425671685E+19
    4.8500000000E+01    1.3310149112E+19
    4.9500000000E+01    1.3187314771E+19
    5.0500000000E+01    1.3057273198E+19
    5.1500000000E+01    1.2920317370E+19
    5.2500000000E+01    1.2776775358E+19
    5.3500000000E+01    1.2627018845E+19
    5.4500000000E+01    1.2471473059E+19
    5.5500000000E+01    1.2310628347E+19
    5.6500000000E+01    1.2145053669E+19
    5.7500000000E+01    1.1975412284E+19
    5.8500000000E+01    1.1802479922E+19
    5.9500000000E+01    1.1627165680E+19
    6.0500000000E+01    1.1450535816E+19
    6.1500000000E+01    1.1273840465E+19
    6.2500000000E+01    1.1098543040E+19
    6.3500000000E+01    1.0926351670E+19
    6.4500000000E+01    1.0759243089E+19
    6.5500000000E+01    1.0599433101E+19
    6.6500000000E+01    1.0449413040E+19
    6.7500000000E+01    1.0311995451E+19
    6.8500000000E+01    1.0190711158E+19
    6.9500000000E+01    1.0091994682E+19
    7.0500000000E+01    1.0024116696E+19
    7.1500000000E+01    9.9960896802E+18
    7.2500000000E+01    1.0001373558E+19
    7.3500000000E+01    1.0012972098E+19
    7.4500000000E+01    1.0024660102E+19
    7.5500000000E+01    1.0032768721E+19
    7.6500000000E+01    1.0033148387E+19
    7.7500000000E+01    1.0021011872E+19
    7.8500000000E+01    9.9909634052E+18
    7.9500000000E+01    9.9460063311E+18
    8.0500000000E+01    9.9020093419E+18
    8.1500000000E+01    9.8796769672E+18
    8.2500000000E+01    9.9050112143E+18
    8.3500000000E+01    1.0009719884E+19
    8.4500000000E+01    1.0225652596E+19
    8.5500000000E+01    1.0556352212E+19
    8.6500000000E+01    1.0989926901E+19
    8.7500000000E+01    1.1498593234E+19
    8.8500000000E+01    1.2037171964E+19
    8.9500000000E+01    1.2557729500E+19
    9.0500000000E+01    1.3007402643E+19
    9.1500000000E+01    1.3321590273E+19
    9.2500000000E+01    1.3467117865E+19
    9.3500000000E+01    1.3489651106E+19
    9.4500000000E+01    1.3475442679E+19
    9.5500000000E+01    1.3508065759E+19
    9.6500000000E+01    1.3521678183E+19
    9.7500000000E+01    1.3490286303E+19
    9.8500000000E+01    1.3413272867E+19
    9.9500000000E+01    1.3280478980E+19
