 # iter=         31  time[s]=   1.249395E-05  x[nm]  M[s/kg/m]
    5.0000000000E-01    1.5728603363E+19
    1.5000000000E+00    1.5720422557E+19
    2.5000000000E+00    1.5710557399E+19
    3.5000000000E+00    1.5699379163E+19
    4.5000000000E+00    1.5687276023E+19
    5.5000000000E+00    1.5674653800E+19
    6.5000000000E+00    1.5661783232E+19
    7.5000000000E+00    1.5648247839E+19
    8.5000000000E+00    1.5633415098E+19
    9.5000000000E+00    1.5616627284E+19
    1.0500000000E+01    1.5597200541E+19
    1.1500000000E+01    1.5574472784E+19
    1.2500000000E+01    1.5548225472E+19
    1.3500000000E+01    1.5518492524E+19
    1.4500000000E+01    1.5485312611E+19
    1.5500000000E+01    1.5448727322E+19
    1.6500000000E+01    1.5408833126E+19
    1.7500000000E+01    1.5365834226E+19
    1.8500000000E+01    1.5319956760E+19
    1.9500000000E+01    1.5271437946E+19
    2.0500000000E+01    1.5220526710E+19
    2.1500000000E+01    1.5167484335E+19
    2.2500000000E+01    1.5112585133E+19
    2.3500000000E+01    1.5056117144E+19
    2.4500000000E+01    1.4998382843E+19
    2.5500000000E+01    1.4939699868E+19
    2.6500000000E+01    1.4880401761E+19
    2.7500000000E+01    1.4820838700E+19
    2.8500000000E+01    1.4761351567E+19
    2.9500000000E+01    1.4701916846E+19
    3.0500000000E+01    1.4642223675E+19
    3.1500000000E+01    1.4581938110E+19
    3.2500000000E+01    1.4520708742E+19
    3.3500000000E+01    1.4458165662E+19
    3.4500000000E+01    1.4393919251E+19
    3.5500000000E+01    1.4327558732E+19
    3.6500000000E+01    1.4258650764E+19
    3.7500000000E+01    1.4186784726E+19
    3.8500000000E+01    1.4111625466E+19
    3.9500000000E+01    1.4032829039E+19
    4.0500000000E+01    1.3950028427E+19
    4.1500000000E+01    1.3862830779E+19
    4.2500000000E+01    1.3770814149E+19
    4.3500000000E+01    1.3673523649E+19
    4.4500000000E+01    1.3570466870E+19
    4.5500000000E+01    1.3461108433E+19
    4.6500000000E+01    1.3344863442E+19
    4.7500000000E+01    1.3221145005E+19
    4.8500000000E+01    1.3089911357E+19
    4.9500000000E+01    1.2951490171E+19
    5.0500000000E+01    1.2806250026E+19
    5.1500000000E+01    1.2654604226E+19
    5.2500000000E+01    1.2497020841E+19
    5.3500000000E+01    1.2334034310E+19
    5.4500000000E+01    1.2166258845E+19
    5.5500000000E+01    1.1994403861E+19
    5.6500000000E+01    1.1819291682E+19
    5.7500000000E+01    1.1641877670E+19
    5.8500000000E+01    1.1463272877E+19
    5.9500000000E+01    1.1284769108E+19
    6.0500000000E+01    1.1107866057E+19
    6.1500000000E+01    1.0934299708E+19
    6.2500000000E+01    1.0766063559E+19
    6.3500000000E+01    1.0605375981E+19
    6.4500000000E+01    1.0454710700E+19
    6.5500000000E+01    1.0316836541E+19
    6.6500000000E+01    1.0195152875E+19
    6.7500000000E+01    1.0095817764E+19
    6.8500000000E+01    1.0026759274E+19
    6.9500000000E+01    9.9965523744E+18
    7.0500000000E+01    1.0000592918E+19
    7.1500000000E+01    1.0011849015E+19
    7.2500000000E+01    1.0023465789E+19
    7.3500000000E+01    1.0032035399E+19
    7.4500000000E+01    1.0033794088E+19
    7.5500000000E+01    1.0024512181E+19
    7.6500000000E+01    9.9993523807E+18
    7.7500000000E+01    9.9582849371E+18
    7.8500000000E+01    9.9139699286E+18
    7.9500000000E+01    9.8834378897E+18
    8.0500000000E+01    9.8874084260E+18
    8.1500000000E+01    9.9506437446E+18
    8.2500000000E+01    1.0101170019E+19
    8.3500000000E+01    1.0354249745E+19
    8.4500000000E+01    1.0702454008E+19
    8.5500000000E+01    1.1132318231E+19
    8.6500000000E+01    1.1614202015E+19
    8.7500000000E+01    1.2111050347E+19
    8.8500000000E+01    1.2585148456E+19
    8.9500000000E+01    1.2995676842E+19
    9.0500000000E+01    1.3293756680E+19
    9.1500000000E+01    1.3448910295E+19
    9.2500000000E+01    1.3491697784E+19
    9.3500000000E+01    1.3477462218E+19
    9.4500000000E+01    1.3487765153E+19
    9.5500000000E+01    1.3521582636E+19
    9.6500000000E+01    1.3516233829E+19
    9.7500000000E+01    1.3478749683E+19
    9.8500000000E+01    1.3402445513E+19
    9.9500000000E+01    1.3280478980E+19
