 # iter=         19  time[s]=   6.493954E-06  x[nm]  M[s/kg/m]
    5.0000000000E-01    1.5728603363E+19
    1.5000000000E+00    1.5719068174E+19
    2.5000000000E+00    1.5707388307E+19
    3.5000000000E+00    1.5694130618E+19
    4.5000000000E+00    1.5679891556E+19
    5.5000000000E+00    1.5665240288E+19
    6.5000000000E+00    1.5649917305E+19
    7.5000000000E+00    1.5632994349E+19
    8.5000000000E+00    1.5613485691E+19
    9.5000000000E+00    1.5590362638E+19
    1.0500000000E+01    1.5562768802E+19
    1.1500000000E+01    1.5530594630E+19
    1.2500000000E+01    1.5493903357E+19
    1.3500000000E+01    1.5452762613E+19
    1.4500000000E+01    1.5407303216E+19
    1.5500000000E+01    1.5357826926E+19
    1.6500000000E+01    1.5304679703E+19
    1.7500000000E+01    1.5248225730E+19
    1.8500000000E+01    1.5188848476E+19
    1.9500000000E+01    1.5126951799E+19
    2.0500000000E+01    1.5062961090E+19
    2.1500000000E+01    1.4997324431E+19
    2.2500000000E+01    1.4930513765E+19
    2.3500000000E+01    1.4863026055E+19
    2.4500000000E+01    1.4795384388E+19
    2.5500000000E+01    1.4727950637E+19
    2.6500000000E+01    1.4660422479E+19
    2.7500000000E+01    1.4592326375E+19
    2.8500000000E+01    1.4523163182E+19
    2.9500000000E+01    1.4452406797E+19
    3.0500000000E+01    1.4379502459E+19
    3.1500000000E+01    1.4303864642E+19
    3.2500000000E+01    1.4224883542E+19
    3.3500000000E+01    1.4142039397E+19
    3.4500000000E+01    1.4054872769E+19
    3.5500000000E+01    1.3962895698E+19
    3.6500000000E+01    1.3865585905E+19
    3.7500000000E+01    1.3762382247E+19
    3.8500000000E+01    1.3652679275E+19
    3.9500000000E+01    1.3535820687E+19
    4.0500000000E+01    1.3411091430E+19
    4.1500000000E+01    1.3277710415E+19
    4.2500000000E+01    1.3135229787E+19
    4.3500000000E+01    1.2984051283E+19
    4.4500000000E+01    1.2824734000E+19
    4.5500000000E+01    1.2657899639E+19
    4.6500000000E+01    1.2484246715E+19
    4.7500000000E+01    1.2304566727E+19
    4.8500000000E+01    1.2119762493E+19
    4.9500000000E+01    1.1930868831E+19
    5.0500000000E+01    1.1739075643E+19
    5.1500000000E+01    1.1545753305E+19
    5.2500000000E+01    1.1352479973E+19
    5.3500000000E+01    1.1161069990E+19
    5.4500000000E+01    1.0973602012E+19
    5.5500000000E+01    1.0792441178E+19
    5.6500000000E+01    1.0620198674E+19
    5.7500000000E+01    1.0459741100E+19
    5.8500000000E+01    1.0314226587E+19
    5.9500000000E+01    1.0187502243E+19
    6.0500000000E+01    1.0086478183E+19
    6.1500000000E+01    1.0019690961E+19
    6.2500000000E+01    9.9956256515E+18
    6.3500000000E+01    1.0002593405E+19
    6.4500000000E+01    1.0014300230E+19
    6.5500000000E+01    1.0025598674E+19
    6.6500000000E+01    1.0033051618E+19
    6.7500000000E+01    1.0033069330E+19
    6.8500000000E+01    1.0021853757E+19
    6.9500000000E+01    9.9954181108E+18
    7.0500000000E+01    9.9556470697E+18
    7.1500000000E+01    9.9142802491E+18
    7.2500000000E+01    9.8850557190E+18
    7.3500000000E+01    9.8830644701E+18
    7.4500000000E+01    9.9245572145E+18
    7.5500000000E+01    1.0026345904E+19
    7.6500000000E+01    1.0201535734E+19
    7.7500000000E+01    1.0446180292E+19
    7.8500000000E+01    1.0750557144E+19
    7.9500000000E+01    1.1103268092E+19
    8.0500000000E+01    1.1485221830E+19
    8.1500000000E+01    1.1876198463E+19
    8.2500000000E+01    1.2257895346E+19
    8.3500000000E+01    1.2613289585E+19
    8.4500000000E+01    1.2925659588E+19
    8.5500000000E+01    1.3177285957E+19
    8.6500000000E+01    1.3350331659E+19
    8.7500000000E+01    1.3448271125E+19
    8.8500000000E+01    1.3487879149E+19
    8.9500000000E+01    1.3488769620E+19
    9.0500000000E+01    1.3476302919E+19
    9.1500000000E+01    1.3480852488E+19
    9.2500000000E+01    1.3503658226E+19
    9.3500000000E+01    1.3523117559E+19
    9.4500000000E+01    1.3520481020E+19
    9.5500000000E+01    1.3504953077E+19
    9.6500000000E+01    1.3475327797E+19
    9.7500000000E+01    1.3429324079E+19
    9.8500000000E+01    1.3364522119E+19
    9.9500000000E+01    1.3280478980E+19
