 # iter=         59  time[s]=   2.649395E-05  x[nm]  M[s/kg/m]
    5.0000000000E-01    1.5728603363E+19
    1.5000000000E+00    1.5721065490E+19
    2.5000000000E+00    1.5712051898E+19
    3.5000000000E+00    1.5701858027E+19
    4.5000000000E+00    1.5690791776E+19
    5.5000000000E+00    1.5679174201E+19
    6.5000000000E+00    1.5667313850E+19
    7.5000000000E+00    1.5655092358E+19
    8.5000000000E+00    1.5642020664E+19
    9.5000000000E+00    1.5627579583E+19
    1.0500000000E+01    1.5611229758E+19
    1.1500000000E+01    1.5592410609E+19
    1.2500000000E+01    1.5570627473E+19
    1.3500000000E+01    1.5545785042E+19
    1.4500000000E+01    1.5517908470E+19
    1.5500000000E+01    1.5487024382E+19
    1.6500000000E+01    1.5453161230E+19
    1.7500000000E+01    1.5416382598E+19
    1.8500000000E+01    1.5376843631E+19
    1.9500000000E+01    1.5334721575E+19
    2.0500000000E+01    1.5290202427E+19
    2.1500000000E+01    1.5243481445E+19
    2.2500000000E+01    1.5194763688E+19
    2.3500000000E+01    1.5144264562E+19
    2.4500000000E+01    1.5092210395E+19
    2.5500000000E+01    1.5038839033E+19
    2.6500000000E+01    1.4984400450E+19
    2.7500000000E+01    1.4929157386E+19
    2.8500000000E+01    1.4873386000E+19
    2.9500000000E+01    1.4817376541E+19
    3.0500000000E+01    1.4761407490E+19
    3.1500000000E+01    1.4705442090E+19
    3.2500000000E+01    1.4649217687E+19
    3.3500000000E+01    1.4592453234E+19
    3.4500000000E+01    1.4534852416E+19
    3.5500000000E+01    1.4476102683E+19
    3.6500000000E+01    1.4415874134E+19
    3.7500000000E+01    1.4353818212E+19
    3.8500000000E+01    1.4289566205E+19
    3.9500000000E+01    1.4222737788E+19
    4.0500000000E+01    1.4153014090E+19
    4.1500000000E+01    1.4080097409E+19
    4.2500000000E+01    1.4003669963E+19
    4.3500000000E+01    1.3923391273E+19
    4.4500000000E+01    1.3838895396E+19
    4.5500000000E+01    1.3749787676E+19
    4.6500000000E+01    1.3655640902E+19
    4.7500000000E+01    1.3555990752E+19
    4.8500000000E+01    1.3450330361E+19
    4.9500000000E+01    1.3338103802E+19
    5.0500000000E+01    1.3218758282E+19
    5.1500000000E+01    1.3092242458E+19
    5.2500000000E+01    1.2958807029E+19
    5.3500000000E+01    1.2818737074E+19
    5.4500000000E+01    1.2672357415E+19
    5.5500000000E+01    1.2520042068E+19
    5.6500000000E+01    1.2362225319E+19
    5.7500000000E+01    1.2199414750E+19
    5.8500000000E+01    1.2032206507E+19
    5.9500000000E+01    1.1861303157E+19
    6.0500000000E+01    1.1687534473E+19
    6.1500000000E+01    1.1511881399E+19
    6.2500000000E+01    1.1335503410E+19
    6.3500000000E+01    1.1159769222E+19
    6.4500000000E+01    1.0986290485E+19
    6.5500000000E+01    1.0816956141E+19
    6.6500000000E+01    1.0653922963E+19
    6.7500000000E+01    1.0499619031E+19
    6.8500000000E+01    1.0356806064E+19
    6.9500000000E+01    1.0228699844E+19
    7.0500000000E+01    1.0120824931E+19
    7.1500000000E+01    1.0041402214E+19
    7.2500000000E+01    9.9997855106E+18
    7.3500000000E+01    9.9985630967E+18
    7.4500000000E+01    1.0009728184E+19
    7.5500000000E+01    1.0021952813E+19
    7.6500000000E+01    1.0031457206E+19
    7.7500000000E+01    1.0033913718E+19
    7.8500000000E+01    1.0024271343E+19
    7.9500000000E+01    9.9965546419E+18
    8.0500000000E+01    9.9513843168E+18
    8.1500000000E+01    9.9049575106E+18
    8.2500000000E+01    9.8798449859E+18
    8.3500000000E+01    9.9051197381E+18
    8.4500000000E+01    1.0017105290E+19
    8.5500000000E+01    1.0252068727E+19
    8.6500000000E+01    1.0613219182E+19
    8.7500000000E+01    1.1086445393E+19
    8.8500000000E+01    1.1635119535E+19
    8.9500000000E+01    1.2205129624E+19
    9.0500000000E+01    1.2738207023E+19
    9.1500000000E+01    1.3166559270E+19
    9.2500000000E+01    1.3414170483E+19
    9.3500000000E+01    1.3490736230E+19
    9.4500000000E+01    1.3476809974E+19
    9.5500000000E+01    1.3495927287E+19
    9.6500000000E+01    1.3523580617E+19
    9.7500000000E+01    1.3497340564E+19
    9.8500000000E+01    1.3420594854E+19
    9.9500000000E+01    1.3280478980E+19
