 # iter=         44  time[s]=   1.899395E-05  x[nm]  M[s/kg/m]
    5.0000000000E-01    1.5728603363E+19
    1.5000000000E+00    1.5720922291E+19
    2.5000000000E+00    1.5711719675E+19
    3.5000000000E+00    1.5701306950E+19
    4.5000000000E+00    1.5690008920E+19
    5.5000000000E+00    1.5678164470E+19
    6.5000000000E+00    1.5666084120E+19
    7.5000000000E+00    1.5653584541E+19
    8.5000000000E+00    1.5640143704E+19
    9.5000000000E+00    1.5625213525E+19
    1.0500000000E+01    1.5608224573E+19
    1.1500000000E+01    1.5588585188E+19
    1.2500000000E+01    1.5565837561E+19
    1.3500000000E+01    1.5539937878E+19
    1.4500000000E+01    1.5510914249E+19
    1.5500000000E+01    1.5478796453E+19
    1.6500000000E+01    1.5443617789E+19
    1.7500000000E+01    1.5405472651E+19
    1.8500000000E+01    1.5364537051E+19
    1.9500000000E+01    1.5321000719E+19
    2.0500000000E+01    1.5275062709E+19
    2.1500000000E+01    1.5226931943E+19
    2.2500000000E+01    1.5176827761E+19
    2.3500000000E+01    1.5124980508E+19
    2.4500000000E+01    1.5071632128E+19
    2.5500000000E+01    1.5017036785E+19
    2.6500000000E+01    1.4961461500E+19
    2.7500000000E+01    1.4905186811E+19
    2.8500000000E+01    1.4848507442E+19
    2.9500000000E+01    1.4791732864E+19
    3.0500000000E+01    1.4735052184E+19
    3.1500000000E+01    1.4678265248E+19
    3.2500000000E+01    1.4621088456E+19
    3.3500000000E+01    1.4563223032E+19
    3.4500000000E+01    1.4504354127E+19
    3.5500000000E+01    1.4444149782E+19
    3.6500000000E+01    1.4382259712E+19
    3.7500000000E+01    1.4318313894E+19
    3.8500000000E+01    1.4251921793E+19
    3.9500000000E+01    1.4182721835E+19
    4.0500000000E+01    1.4110411582E+19
    4.1500000000E+01    1.4034675664E+19
    4.2500000000E+01    1.3955176877E+19
    4.3500000000E+01    1.3871553587E+19
    4.4500000000E+01    1.3783416660E+19
    4.5500000000E+01    1.3690345861E+19
    4.6500000000E+01    1.3591885571E+19
    4.7500000000E+01    1.3487539704E+19
    4.8500000000E+01    1.3376765609E+19
    4.9500000000E+01    1.3258976722E+19
    5.0500000000E+01    1.3133915576E+19
    5.1500000000E+01    1.3001811957E+19
    5.2500000000E+01    1.2862957146E+19
    5.3500000000E+01    1.2717680141E+19
    5.4500000000E+01    1.2566356655E+19
    5.5500000000E+01    1.2409419649E+19
    5.6500000000E+01    1.2247371644E+19
    5.7500000000E+01    1.2080799113E+19
    5.8500000000E+01    1.1910389259E+19
    5.9500000000E+01    1.1736949478E+19
    6.0500000000E+01    1.1561429758E+19
    6.1500000000E+01    1.1384948196E+19
    6.2500000000E+01    1.1208819600E+19
    6.3500000000E+01    1.1034586888E+19
    6.4500000000E+01    1.0864054403E+19
    6.5500000000E+01    1.0699295332E+19
    6.6500000000E+01    1.0542630722E+19
    6.7500000000E+01    1.0396688359E+19
    6.8500000000E+01    1.0264446708E+19
    6.9500000000E+01    1.0150372449E+19
    7.0500000000E+01    1.0061978738E+19
    7.1500000000E+01    1.0008067187E+19
    7.2500000000E+01    9.9960975695E+18
    7.3500000000E+01    1.0005777734E+19
    7.4500000000E+01    1.0017921786E+19
    7.5500000000E+01    1.0028698257E+19
    7.6500000000E+01    1.0034137758E+19
    7.7500000000E+01    1.0029682806E+19
    7.8500000000E+01    1.0009976874E+19
    7.9500000000E+01    9.9710920177E+18
    8.0500000000E+01    9.9236159401E+18
    8.1500000000E+01    9.8867278312E+18
    8.2500000000E+01    9.8848898298E+18
    8.3500000000E+01    9.9488269312E+18
    8.4500000000E+01    1.0114886298E+19
    8.5500000000E+01    1.0403315075E+19
    8.6500000000E+01    1.0805871117E+19
    8.7500000000E+01    1.1302702376E+19
    8.8500000000E+01    1.1849908679E+19
    8.9500000000E+01    1.2396569811E+19
    9.0500000000E+01    1.2887560475E+19
    9.1500000000E+01    1.3256639859E+19
    9.2500000000E+01    1.3446723358E+19
    9.3500000000E+01    1.3491618482E+19
    9.4500000000E+01    1.3474910021E+19
    9.5500000000E+01    1.3502439012E+19
    9.6500000000E+01    1.3522759193E+19
    9.7500000000E+01    1.3493682003E+19
    9.8500000000E+01    1.3416715955E+19
    9.9500000000E+01    1.3280478980E+19
