 # iter=         53  time[s]=   2.349395E-05  x[nm]  M[s/kg/m]
    5.0000000000E-01    1.5728603363E+19
    1.5000000000E+00    1.5721033048E+19
    2.5000000000E+00    1.5711976666E+19
    3.5000000000E+00    1.5701733237E+19
    4.5000000000E+00    1.5690614442E+19
    5.5000000000E+00    1.5678945324E+19
    6.5000000000E+00    1.5667035296E+19
    7.5000000000E+00    1.5654751502E+19
    8.5000000000E+00    1.5641597295E+19
    9.5000000000E+00    1.5627047040E+19
    1.0500000000E+01    1.5610554667E+19
    1.1500000000E+01    1.5591552614E+19
    1.2500000000E+01    1.5569552516E+19
    1.3500000000E+01    1.5544472216E+19
    1.4500000000E+01    1.5516337545E+19
    1.5500000000E+01    1.5485175841E+19
    1.6500000000E+01    1.5451016442E+19
    1.7500000000E+01    1.5413929338E+19
    1.8500000000E+01    1.5374074911E+19
    1.9500000000E+01    1.5331633194E+19
    2.0500000000E+01    1.5286793099E+19
    2.1500000000E+01    1.5239752931E+19
    2.2500000000E+01    1.5190720931E+19
    2.3500000000E+01    1.5139915831E+19
    2.4500000000E+01    1.5087567434E+19
    2.5500000000E+01    1.5033917215E+19
    2.6500000000E+01    1.4979218937E+19
    2.7500000000E+01    1.4923739291E+19
    2.8500000000E+01    1.4867758558E+19
    2.9500000000E+01    1.4811571280E+19
    3.0500000000E+01    1.4755445088E+19
    3.1500000000E+01    1.4699300276E+19
    3.2500000000E+01    1.4642867841E+19
    3.3500000000E+01    1.4585862814E+19
    3.4500000000E+01    1.4527984785E+19
    3.5500000000E+01    1.4468916922E+19
    3.6500000000E+01    1.4408324829E+19
    3.7500000000E+01    1.4345855223E+19
    3.8500000000E+01    1.4281134404E+19
    3.9500000000E+01    1.4213782970E+19
    4.0500000000E+01    1.4143488862E+19
    4.1500000000E+01    1.4069950705E+19
    4.2500000000E+01    1.3992846482E+19
    4.3500000000E+01    1.3911831111E+19
    4.4500000000E+01    1.3826533610E+19
    4.5500000000E+01    1.3736553775E+19
    4.6500000000E+01    1.3641458245E+19
    4.7500000000E+01    1.3540775832E+19
    4.8500000000E+01    1.3433991951E+19
    4.9500000000E+01    1.3320541930E+19
    5.0500000000E+01    1.3199909018E+19
    5.1500000000E+01    1.3072131407E+19
    5.2500000000E+01    1.2937470448E+19
    5.3500000000E+01    1.2796220686E+19
    5.4500000000E+01    1.2648717912E+19
    5.5500000000E+01    1.2495348839E+19
    5.6500000000E+01    1.2336562450E+19
    5.7500000000E+01    1.2172883321E+19
    5.8500000000E+01    1.2004927216E+19
    5.9500000000E+01    1.1833419308E+19
    6.0500000000E+01    1.1659215319E+19
    6.1500000000E+01    1.1483325848E+19
    6.2500000000E+01    1.1306944039E+19
    6.3500000000E+01    1.1131476481E+19
    6.4500000000E+01    1.0958576922E+19
    6.5500000000E+01    1.0790178063E+19
    6.6500000000E+01    1.0628471990E+19
    6.7500000000E+01    1.0475929984E+19
    6.8500000000E+01    1.0335360430E+19
    6.9500000000E+01    1.0210130767E+19
    7.0500000000E+01    1.0106289532E+19
    7.1500000000E+01    1.0032230068E+19
    7.2500000000E+01    9.9973808710E+18
    7.3500000000E+01    1.0000045129E+19
    7.4500000000E+01    1.0011565646E+19
    7.5500000000E+01    1.0023608013E+19
    7.6500000000E+01    1.0032351018E+19
    7.7500000000E+01    1.0033417759E+19
    7.8500000000E+01    1.0021692920E+19
    7.9500000000E+01    9.9912921561E+18
    8.0500000000E+01    9.9450489886E+18
    8.1500000000E+01    9.9001413739E+18
    8.2500000000E+01    9.8795688014E+18
    8.3500000000E+01    9.9128123624E+18
    8.4500000000E+01    1.0036390828E+19
    8.5500000000E+01    1.0283835400E+19
    8.6500000000E+01    1.0654810104E+19
    8.7500000000E+01    1.1134221633E+19
    8.8500000000E+01    1.1683379107E+19
    8.9500000000E+01    1.2248762293E+19
    9.0500000000E+01    1.2772857739E+19
    9.1500000000E+01    1.3188288407E+19
    9.2500000000E+01    1.3422410243E+19
    9.3500000000E+01    1.3491283071E+19
    9.4500000000E+01    1.3476185187E+19
    9.5500000000E+01    1.3497380040E+19
    9.6500000000E+01    1.3523434129E+19
    9.7500000000E+01    1.3496538027E+19
    9.8500000000E+01    1.3419727348E+19
    9.9500000000E+01    1.3280478980E+19
