 # iter=         58  time[s]=   2.599395E-05  x[nm]  M[s/kg/m]
    5.0000000000E-01    1.5728603363E+19
    1.5000000000E+00    1.5721061438E+19
    2.5000000000E+00    1.5712042502E+19
    3.5000000000E+00    1.5701842442E+19
    4.5000000000E+00    1.5690769626E+19
    5.5000000000E+00    1.5679145608E+19
    6.5000000000E+00    1.5667279057E+19
    7.5000000000E+00    1.5655049804E+19
    8.5000000000E+00    1.5641967839E+19
    9.5000000000E+00    1.5627513174E+19
    1.0500000000E+01    1.5611145614E+19
    1.1500000000E+01    1.5592303713E+19
    1.2500000000E+01    1.5570493527E+19
    1.3500000000E+01    1.5545621438E+19
    1.4500000000E+01    1.5517712684E+19
    1.5500000000E+01    1.5486793979E+19
    1.6500000000E+01    1.5452893883E+19
    1.7500000000E+01    1.5416076756E+19
    1.8500000000E+01    1.5376498417E+19
    1.9500000000E+01    1.5334336458E+19
    2.0500000000E+01    1.5289777238E+19
    2.1500000000E+01    1.5243016395E+19
    2.2500000000E+01    1.5194259384E+19
    2.3500000000E+01    1.5143722023E+19
    2.4500000000E+01    1.5091631075E+19
    2.5500000000E+01    1.5038224835E+19
    2.6500000000E+01    1.4983753748E+19
    2.7500000000E+01    1.4928481046E+19
    2.8500000000E+01    1.4872683398E+19
    2.9500000000E+01    1.4816651589E+19
    3.0500000000E+01    1.4760662990E+19
    3.1500000000E+01    1.4704675392E+19
    3.2500000000E+01    1.4648425250E+19
    3.3500000000E+01    1.4591631027E+19
    3.4500000000E+01    1.4533995901E+19
    3.5500000000E+01    1.4475206791E+19
    3.6500000000E+01    1.4414933239E+19
    3.7500000000E+01    1.4352826101E+19
    3.8500000000E+01    1.4288516047E+19
    3.9500000000E+01    1.4221622768E+19
    4.0500000000E+01    1.4151828314E+19
    4.1500000000E+01    1.4078834549E+19
    4.2500000000E+01    1.4002323169E+19
    4.3500000000E+01    1.3921953126E+19
    4.4500000000E+01    1.3837357853E+19
    4.5500000000E+01    1.3748142010E+19
    4.6500000000E+01    1.3653877625E+19
    4.7500000000E+01    1.3554099529E+19
    4.8500000000E+01    1.3448299905E+19
    4.9500000000E+01    1.3335921749E+19
    5.0500000000E+01    1.3216415846E+19
    5.1500000000E+01    1.3089742569E+19
    5.2500000000E+01    1.2956154160E+19
    5.3500000000E+01    1.2815936864E+19
    5.4500000000E+01    1.2669416857E+19
    5.5500000000E+01    1.2516969720E+19
    5.6500000000E+01    1.2359031553E+19
    5.7500000000E+01    1.2196112031E+19
    5.8500000000E+01    1.2028809721E+19
    5.9500000000E+01    1.1857829980E+19
    6.0500000000E+01    1.1684005778E+19
    6.1500000000E+01    1.1508321723E+19
    6.2500000000E+01    1.1331941447E+19
    6.3500000000E+01    1.1156238346E+19
    6.4500000000E+01    1.0982829277E+19
    6.5500000000E+01    1.0813608676E+19
    6.6500000000E+01    1.0650737722E+19
    6.7500000000E+01    1.0496649805E+19
    6.8500000000E+01    1.0354112439E+19
    6.9500000000E+01    1.0226357337E+19
    7.0500000000E+01    1.0118974555E+19
    7.1500000000E+01    1.0040208785E+19
    7.2500000000E+01    9.9994245983E+18
    7.3500000000E+01    9.9987423534E+18
    7.4500000000E+01    1.0009956131E+19
    7.5500000000E+01    1.0022162500E+19
    7.6500000000E+01    1.0031576724E+19
    7.7500000000E+01    1.0033865083E+19
    7.8500000000E+01    1.0023968681E+19
    7.9500000000E+01    9.9959163265E+18
    8.0500000000E+01    9.9505952088E+18
    8.1500000000E+01    9.9043385137E+18
    8.2500000000E+01    9.8797704026E+18
    8.3500000000E+01    9.9060156757E+18
    8.4500000000E+01    1.0019424566E+19
    8.5500000000E+01    1.0255955991E+19
    8.6500000000E+01    1.0618347133E+19
    8.7500000000E+01    1.1092370108E+19
    8.8500000000E+01    1.1641130909E+19
    8.9500000000E+01    1.2210584525E+19
    9.0500000000E+01    1.2742557890E+19
    9.1500000000E+01    1.3169312504E+19
    9.2500000000E+01    1.3415227695E+19
    9.3500000000E+01    1.3490816455E+19
    9.4500000000E+01    1.3476726935E+19
    9.5500000000E+01    1.3496107642E+19
    9.6500000000E+01    1.3523563566E+19
    9.7500000000E+01    1.3497241171E+19
    9.8500000000E+01    1.3420486874E+19
    9.9500000000E+01    1.3280478980E+19
