 # iter=         13  time[s]=   3.493954E-06  x[nm]  M[s/kg/m]
    5.0000000000E-01    1.5728603363E+19
    1.5000000000E+00    1.5717651109E+19
    2.5000000000E+00    1.5704050782E+19
    3.5000000000E+00    1.5688630962E+19
    4.5000000000E+00    1.5672268348E+19
    5.5000000000E+00    1.5655368295E+19
    6.5000000000E+00    1.5636850697E+19
    7.5000000000E+00    1.5615311460E+19
    8.5000000000E+00    1.5589279015E+19
    9.5000000000E+00    1.5557555877E+19
    1.0500000000E+01    1.5520014634E+19
    1.1500000000E+01    1.5476753407E+19
    1.2500000000E+01    1.5427890877E+19
    1.3500000000E+01    1.5373748405E+19
    1.4500000000E+01    1.5314815498E+19
    1.5500000000E+01    1.5251613440E+19
    1.6500000000E+01    1.5184693486E+19
    1.7500000000E+01    1.5114638689E+19
    1.8500000000E+01    1.5042065803E+19
    1.9500000000E+01    1.4967627193E+19
    2.0500000000E+01    1.4892012733E+19
    2.1500000000E+01    1.4815951617E+19
    2.2500000000E+01    1.4740108004E+19
    2.3500000000E+01    1.4664285406E+19
    2.4500000000E+01    1.4587822626E+19
    2.5500000000E+01    1.4510017017E+19
    2.6500000000E+01    1.4430125633E+19
    2.7500000000E+01    1.4347362586E+19
    2.8500000000E+01    1.4260895801E+19
    2.9500000000E+01    1.4169923399E+19
    3.0500000000E+01    1.4073801238E+19
    3.1500000000E+01    1.3971874116E+19
    3.2500000000E+01    1.3863438813E+19
    3.3500000000E+01    1.3747737230E+19
    3.4500000000E+01    1.3623948025E+19
    3.5500000000E+01    1.3491176386E+19
    3.6500000000E+01    1.3348441470E+19
    3.7500000000E+01    1.3194782751E+19
    3.8500000000E+01    1.3030312279E+19
    3.9500000000E+01    1.2855811834E+19
    4.0500000000E+01    1.2672156701E+19
    4.1500000000E+01    1.2480330697E+19
    4.2500000000E+01    1.2281450447E+19
    4.3500000000E+01    1.2076792753E+19
    4.4500000000E+01    1.1867825174E+19
    4.5500000000E+01    1.1656239638E+19
    4.6500000000E+01    1.1443988509E+19
    4.7500000000E+01    1.1233321839E+19
    4.8500000000E+01    1.1026823601E+19
    4.9500000000E+01    1.0827442481E+19
    5.0500000000E+01    1.0638455171E+19
    5.1500000000E+01    1.0463441863E+19
    5.2500000000E+01    1.0306330753E+19
    5.3500000000E+01    1.0172009157E+19
    5.4500000000E+01    1.0069209595E+19
    5.5500000000E+01    1.0008258082E+19
    5.6500000000E+01    9.9964929282E+18
    5.7500000000E+01    1.0007222838E+19
    5.8500000000E+01    1.0019819262E+19
    5.9500000000E+01    1.0030149958E+19
    6.0500000000E+01    1.0034214783E+19
    6.1500000000E+01    1.0027950564E+19
    6.2500000000E+01    1.0007176366E+19
    6.3500000000E+01    9.9702387172E+18
    6.4500000000E+01    9.9273127504E+18
    6.5500000000E+01    9.8923085043E+18
    6.6500000000E+01    9.8797370481E+18
    6.7500000000E+01    9.9044246298E+18
    6.8500000000E+01    9.9808965734E+18
    6.9500000000E+01    1.0121877545E+19
    7.0500000000E+01    1.0327466458E+19
    7.1500000000E+01    1.0587484653E+19
    7.2500000000E+01    1.0891529488E+19
    7.3500000000E+01    1.1226386833E+19
    7.4500000000E+01    1.1574990211E+19
    7.5500000000E+01    1.1922433667E+19
    7.6500000000E+01    1.2256150519E+19
    7.7500000000E+01    1.2565347566E+19
    7.8500000000E+01    1.2840390139E+19
    7.9500000000E+01    1.3072178479E+19
    8.0500000000E+01    1.3251509701E+19
    8.1500000000E+01    1.3373613870E+19
    8.2500000000E+01    1.3447223820E+19
    8.3500000000E+01    1.3482999120E+19
    8.4500000000E+01    1.3491720596E+19
    8.5500000000E+01    1.3484979264E+19
    8.6500000000E+01    1.3475859594E+19
    8.7500000000E+01    1.3477874387E+19
    8.8500000000E+01    1.3491610821E+19
    8.9500000000E+01    1.3509601002E+19
    9.0500000000E+01    1.3522625673E+19
    9.1500000000E+01    1.3522971906E+19
    9.2500000000E+01    1.3516764264E+19
    9.3500000000E+01    1.3504639931E+19
    9.4500000000E+01    1.3486180012E+19
    9.5500000000E+01    1.3460863258E+19
    9.6500000000E+01    1.3428077910E+19
    9.7500000000E+01    1.3387192070E+19
    9.8500000000E+01    1.3337797792E+19
    9.9500000000E+01    1.3280478980E+19
