 # iter=          9  time[s]=   1.601959E-06  x[nm]  M[s/kg/m]
    5.0000000000E-01    1.5728603363E+19
    1.5000000000E+00    1.5715893220E+19
    2.5000000000E+00    1.5699893986E+19
    3.5000000000E+00    1.5681849255E+19
    4.5000000000E+00    1.5662970656E+19
    5.5000000000E+00    1.5642740964E+19
    6.5000000000E+00    1.5619167945E+19
    7.5000000000E+00    1.5590115400E+19
    8.5000000000E+00    1.5553798662E+19
    9.5000000000E+00    1.5510011199E+19
    1.0500000000E+01    1.5458916939E+19
    1.1500000000E+01    1.5400775763E+19
    1.2500000000E+01    1.5336216093E+19
    1.3500000000E+01    1.5265996860E+19
    1.4500000000E+01    1.5190922105E+19
    1.5500000000E+01    1.5111843711E+19
    1.6500000000E+01    1.5029664230E+19
    1.7500000000E+01    1.4945339698E+19
    1.8500000000E+01    1.4859882282E+19
    1.9500000000E+01    1.4774355478E+19
    2.0500000000E+01    1.4689199159E+19
    2.1500000000E+01    1.4603622945E+19
    2.2500000000E+01    1.4516657041E+19
    2.3500000000E+01    1.4427276792E+19
    2.4500000000E+01    1.4334399614E+19
    2.5500000000E+01    1.4236884539E+19
    2.6500000000E+01    1.4133700576E+19
    2.7500000000E+01    1.4024000038E+19
    2.8500000000E+01    1.3906895212E+19
    2.9500000000E+01    1.3781432729E+19
    3.0500000000E+01    1.3646583178E+19
    3.1500000000E+01    1.3501228242E+19
    3.2500000000E+01    1.3344144670E+19
    3.3500000000E+01    1.3174184067E+19
    3.4500000000E+01    1.2991695886E+19
    3.5500000000E+01    1.2797846519E+19
    3.6500000000E+01    1.2593928752E+19
    3.7500000000E+01    1.2381386782E+19
    3.8500000000E+01    1.2161848950E+19
    3.9500000000E+01    1.1937163568E+19
    4.0500000000E+01    1.1709437444E+19
    4.1500000000E+01    1.1481076009E+19
    4.2500000000E+01    1.1254823079E+19
    4.3500000000E+01    1.1033796952E+19
    4.4500000000E+01    1.0821516643E+19
    4.5500000000E+01    1.0621842771E+19
    4.6500000000E+01    1.0438947227E+19
    4.7500000000E+01    1.0277340854E+19
    4.8500000000E+01    1.0143132750E+19
    4.9500000000E+01    1.0046678627E+19
    5.0500000000E+01    9.9991243127E+18
    5.1500000000E+01    9.9998101596E+18
    5.2500000000E+01    1.0012112284E+19
    5.3500000000E+01    1.0024530720E+19
    5.4500000000E+01    1.0032866824E+19
    5.5500000000E+01    1.0033015167E+19
    5.6500000000E+01    1.0020925311E+19
    5.7500000000E+01    9.9927360396E+18
    5.8500000000E+01    9.9518637888E+18
    5.9500000000E+01    9.9110709559E+18
    6.0500000000E+01    9.8838536232E+18
    6.1500000000E+01    9.8837352201E+18
    6.2500000000E+01    9.9239056500E+18
    6.3500000000E+01    1.0016630159E+19
    6.4500000000E+01    1.0170593146E+19
    6.5500000000E+01    1.0380827862E+19
    6.6500000000E+01    1.0637504924E+19
    6.7500000000E+01    1.0931166387E+19
    6.8500000000E+01    1.1249462945E+19
    6.9500000000E+01    1.1577809876E+19
    7.0500000000E+01    1.1903824700E+19
    7.1500000000E+01    1.2217172403E+19
    7.2500000000E+01    1.2509097349E+19
    7.3500000000E+01    1.2771957074E+19
    7.4500000000E+01    1.2998785468E+19
    7.5500000000E+01    1.3182882795E+19
    7.6500000000E+01    1.3318272050E+19
    7.7500000000E+01    1.3408222632E+19
    7.8500000000E+01    1.3461489042E+19
    7.9500000000E+01    1.3486489227E+19
    8.0500000000E+01    1.3491581252E+19
    8.1500000000E+01    1.3485367185E+19
    8.2500000000E+01    1.3476938946E+19
    8.3500000000E+01    1.3475703829E+19
    8.4500000000E+01    1.3484305988E+19
    8.5500000000E+01    1.3498427227E+19
    8.6500000000E+01    1.3513085659E+19
    8.7500000000E+01    1.3522799291E+19
    8.8500000000E+01    1.3523462048E+19
    8.9500000000E+01    1.3519779036E+19
    9.0500000000E+01    1.3512603407E+19
    9.1500000000E+01    1.3501922434E+19
    9.2500000000E+01    1.3487693382E+19
    9.3500000000E+01    1.3469840288E+19
    9.4500000000E+01    1.3448252913E+19
    9.5500000000E+01    1.3422791199E+19
    9.6500000000E+01    1.3393302541E+19
    9.7500000000E+01    1.3359668041E+19
    9.8500000000E+01    1.3321914605E+19
    9.9500000000E+01    1.3280478980E+19
