 # iter=         65  time[s]=   2.949395E-05  x[nm]  M[s/kg/m]
    5.0000000000E-01    1.5728603363E+19
    1.5000000000E+00    1.5721082368E+19
    2.5000000000E+00    1.5712091029E+19
    3.5000000000E+00    1.5701922934E+19
    4.5000000000E+00    1.5690884026E+19
    5.5000000000E+00    1.5679293297E+19
    6.5000000000E+00    1.5667458759E+19
    7.5000000000E+00    1.5655269518E+19
    8.5000000000E+00    1.5642240494E+19
    9.5000000000E+00    1.5627855836E+19
    1.0500000000E+01    1.5611579652E+19
    1.1500000000E+01    1.5592854973E+19
    1.2500000000E+01    1.5571184330E+19
    1.3500000000E+01    1.5546465263E+19
    1.4500000000E+01    1.5518722551E+19
    1.5500000000E+01    1.5487982448E+19
    1.6500000000E+01    1.5454272979E+19
    1.7500000000E+01    1.5417654558E+19
    1.8500000000E+01    1.5378279473E+19
    1.9500000000E+01    1.5336323530E+19
    2.0500000000E+01    1.5291971219E+19
    2.1500000000E+01    1.5245416224E+19
    2.2500000000E+01    1.5196861961E+19
    2.3500000000E+01    1.5146522118E+19
    2.4500000000E+01    1.5094621231E+19
    2.5500000000E+01    1.5041395271E+19
    2.6500000000E+01    1.4987092261E+19
    2.7500000000E+01    1.4931972901E+19
    2.8500000000E+01    1.4876311225E+19
    2.9500000000E+01    1.4820395270E+19
    3.0500000000E+01    1.4764507439E+19
    3.1500000000E+01    1.4708633841E+19
    3.2500000000E+01    1.4652515896E+19
    3.3500000000E+01    1.4595874576E+19
    3.4500000000E+01    1.4538415670E+19
    3.5500000000E+01    1.4479828834E+19
    3.6500000000E+01    1.4419786473E+19
    3.7500000000E+01    1.4357942462E+19
    3.8500000000E+01    1.4293930648E+19
    3.9500000000E+01    1.4227370921E+19
    4.0500000000E+01    1.4157940408E+19
    4.1500000000E+01    1.4085343103E+19
    4.2500000000E+01    1.4009263390E+19
    4.3500000000E+01    1.3929363145E+19
    4.4500000000E+01    1.3845278997E+19
    4.5500000000E+01    1.3756619122E+19
    4.6500000000E+01    1.3662959444E+19
    4.7500000000E+01    1.3563839140E+19
    4.8500000000E+01    1.3458755274E+19
    4.9500000000E+01    1.3347156370E+19
    5.0500000000E+01    1.3228477249E+19
    5.1500000000E+01    1.3102616693E+19
    5.2500000000E+01    1.2969818078E+19
    5.3500000000E+01    1.2830361661E+19
    5.4500000000E+01    1.2684566684E+19
    5.5500000000E+01    1.2532800702E+19
    5.6500000000E+01    1.2375490524E+19
    5.7500000000E+01    1.2213135085E+19
    5.8500000000E+01    1.2046320547E+19
    5.9500000000E+01    1.1875737975E+19
    6.0500000000E+01    1.1702203925E+19
    6.1500000000E+01    1.1526684233E+19
    6.2500000000E+01    1.1350321205E+19
    6.3500000000E+01    1.1174464213E+19
    6.4500000000E+01    1.1000703376E+19
    6.5500000000E+01    1.0830904716E+19
    6.6500000000E+01    1.0667206600E+19
    6.7500000000E+01    1.0512015284E+19
    6.8500000000E+01    1.0368068474E+19
    6.9500000000E+01    1.0238523439E+19
    7.0500000000E+01    1.0128634324E+19
    7.1500000000E+01    1.0046514903E+19
    7.2500000000E+01    1.0001472822E+19
    7.3500000000E+01    9.9978434408E+18
    7.4500000000E+01    1.0008784625E+19
    7.5500000000E+01    1.0021071640E+19
    7.6500000000E+01    1.0030936614E+19
    7.7500000000E+01    1.0034076960E+19
    7.8500000000E+01    1.0025474111E+19
    7.9500000000E+01    9.9991519402E+18
    8.0500000000E+01    9.9546602838E+18
    8.1500000000E+01    9.9075843386E+18
    8.2500000000E+01    9.8802730957E+18
    8.3500000000E+01    9.9015815034E+18
    8.4500000000E+01    1.0007715041E+19
    8.5500000000E+01    1.0236127149E+19
    8.6500000000E+01    1.0592069544E+19
    8.7500000000E+01    1.1061906084E+19
    8.8500000000E+01    1.1610138508E+19
    8.9500000000E+01    1.2182400070E+19
    9.0500000000E+01    1.2720020453E+19
    9.1500000000E+01    1.3154976174E+19
    9.2500000000E+01    1.3409681224E+19
    9.3500000000E+01    1.3490364720E+19
    9.4500000000E+01    1.3477169885E+19
    9.5500000000E+01    1.3495179942E+19
    9.6500000000E+01    1.3523647823E+19
    9.7500000000E+01    1.3497751901E+19
    9.8500000000E+01    1.3421043380E+19
    9.9500000000E+01    1.3280478980E+19
