 # iter=          6  time[s]=   4.194747E-07  x[nm]  M[s/kg/m]
    5.0000000000E-01    1.5728603363E+19
    1.5000000000E+00    1.5712958555E+19
    2.5000000000E+00    1.5692954806E+19
    3.5000000000E+00    1.5670775627E+19
    4.5000000000E+00    1.5647317929E+19
    5.5000000000E+00    1.5619771097E+19
    6.5000000000E+00    1.5584577235E+19
    7.5000000000E+00    1.5539112976E+19
    8.5000000000E+00    1.5483336897E+19
    9.5000000000E+00    1.5417650893E+19
    1.0500000000E+01    1.5342947888E+19
    1.1500000000E+01    1.5260532251E+19
    1.2500000000E+01    1.5171784737E+19
    1.3500000000E+01    1.5078155645E+19
    1.4500000000E+01    1.4981167129E+19
    1.5500000000E+01    1.4882414969E+19
    1.6500000000E+01    1.4783567447E+19
    1.7500000000E+01    1.4685585467E+19
    1.8500000000E+01    1.4587417042E+19
    1.9500000000E+01    1.4487634539E+19
    2.0500000000E+01    1.4384756528E+19
    2.1500000000E+01    1.4277247882E+19
    2.2500000000E+01    1.4163613936E+19
    2.3500000000E+01    1.4042725231E+19
    2.4500000000E+01    1.3913520591E+19
    2.5500000000E+01    1.3774889703E+19
    2.6500000000E+01    1.3625664976E+19
    2.7500000000E+01    1.3464611239E+19
    2.8500000000E+01    1.3290413199E+19
    2.9500000000E+01    1.3102361162E+19
    3.0500000000E+01    1.2901821698E+19
    3.1500000000E+01    1.2690633176E+19
    3.2500000000E+01    1.2470741676E+19
    3.3500000000E+01    1.2244222217E+19
    3.4500000000E+01    1.2013299475E+19
    3.5500000000E+01    1.1780367489E+19
    3.6500000000E+01    1.1548007455E+19
    3.7500000000E+01    1.1319002254E+19
    3.8500000000E+01    1.1096345749E+19
    3.9500000000E+01    1.0883244249E+19
    4.0500000000E+01    1.0683071130E+19
    4.1500000000E+01    1.0499300388E+19
    4.2500000000E+01    1.0335548485E+19
    4.3500000000E+01    1.0195799351E+19
    4.4500000000E+01    1.0087083957E+19
    4.5500000000E+01    1.0017918178E+19
    4.6500000000E+01    9.9955381382E+18
    4.7500000000E+01    1.0003415541E+19
    4.8500000000E+01    1.0015118310E+19
    4.9500000000E+01    1.0026036098E+19
    5.0500000000E+01    1.0033075378E+19
    5.1500000000E+01    1.0033292360E+19
    5.2500000000E+01    1.0023831468E+19
    5.3500000000E+01    1.0001859150E+19
    5.4500000000E+01    9.9676990594E+18
    5.5500000000E+01    9.9296235560E+18
    5.6500000000E+01    9.8972062313E+18
    5.7500000000E+01    9.8802329323E+18
    5.8500000000E+01    9.8887166152E+18
    5.9500000000E+01    9.9327655263E+18
    6.0500000000E+01    1.0022292236E+19
    6.1500000000E+01    1.0164853520E+19
    6.2500000000E+01    1.0357598585E+19
    6.3500000000E+01    1.0593983505E+19
    6.4500000000E+01    1.0867418407E+19
    6.5500000000E+01    1.1169113793E+19
    6.6500000000E+01    1.1486570396E+19
    6.7500000000E+01    1.1808089643E+19
    6.8500000000E+01    1.2123191930E+19
    6.9500000000E+01    1.2422405177E+19
    7.0500000000E+01    1.2697001968E+19
    7.1500000000E+01    1.2938715076E+19
    7.2500000000E+01    1.3139439450E+19
    7.3500000000E+01    1.3291152840E+19
    7.4500000000E+01    1.3393373021E+19
    7.5500000000E+01    1.3454805563E+19
    7.6500000000E+01    1.3484524595E+19
    7.7500000000E+01    1.3491723059E+19
    7.8500000000E+01    1.3485940329E+19
    7.9500000000E+01    1.3477186235E+19
    8.0500000000E+01    1.3475628425E+19
    8.1500000000E+01    1.3484226527E+19
    8.2500000000E+01    1.3498338044E+19
    8.3500000000E+01    1.3512849630E+19
    8.4500000000E+01    1.3522553059E+19
    8.5500000000E+01    1.3523619637E+19
    8.6500000000E+01    1.3520561490E+19
    8.7500000000E+01    1.3514606716E+19
    8.8500000000E+01    1.3505970131E+19
    8.9500000000E+01    1.3494860607E+19
    9.0500000000E+01    1.3481476487E+19
    9.1500000000E+01    1.3466000480E+19
    9.2500000000E+01    1.3448594190E+19
    9.3500000000E+01    1.3429392704E+19
    9.4500000000E+01    1.3408500025E+19
    9.5500000000E+01    1.3385986845E+19
    9.6500000000E+01    1.3361893263E+19
    9.7500000000E+01    1.3336241180E+19
    9.8500000000E+01    1.3309065203E+19
    9.9500000000E+01    1.3280478980E+19
