 # iter=         36  time[s]=   1.499395E-05  x[nm]  M[s/kg/m]
    5.0000000000E-01    1.5728603363E+19
    1.5000000000E+00    1.5720689161E+19
    2.5000000000E+00    1.5711178006E+19
    3.5000000000E+00    1.5700408459E+19
    4.5000000000E+00    1.5688734032E+19
    5.5000000000E+00    1.5676523907E+19
    6.5000000000E+00    1.5664080192E+19
    7.5000000000E+00    1.5651110372E+19
    8.5000000000E+00    1.5637040704E+19
    9.5000000000E+00    1.5621273679E+19
    1.0500000000E+01    1.5603188350E+19
    1.1500000000E+01    1.5582147613E+19
    1.2500000000E+01    1.5557792834E+19
    1.3500000000E+01    1.5530132219E+19
    1.4500000000E+01    1.5499198733E+19
    1.5500000000E+01    1.5465027384E+19
    1.6500000000E+01    1.5427668927E+19
    1.7500000000E+01    1.5387274207E+19
    1.8500000000E+01    1.5344044338E+19
    1.9500000000E+01    1.5298190408E+19
    2.0500000000E+01    1.5249933869E+19
    2.1500000000E+01    1.5199507118E+19
    2.2500000000E+01    1.5147154110E+19
    2.3500000000E+01    1.5093130981E+19
    2.4500000000E+01    1.5037706697E+19
    2.5500000000E+01    1.4981163721E+19
    2.6500000000E+01    1.4923798695E+19
    2.7500000000E+01    1.4865923136E+19
    2.8500000000E+01    1.4807864136E+19
    2.9500000000E+01    1.4749904499E+19
    3.0500000000E+01    1.4691926881E+19
    3.1500000000E+01    1.4633634011E+19
    3.2500000000E+01    1.4574712378E+19
    3.3500000000E+01    1.4514831899E+19
    3.4500000000E+01    1.4453644899E+19
    3.5500000000E+01    1.4390784910E+19
    3.6500000000E+01    1.4325865267E+19
    3.7500000000E+01    1.4258477768E+19
    3.8500000000E+01    1.4188235655E+19
    3.9500000000E+01    1.4114821740E+19
    4.0500000000E+01    1.4037909754E+19
    4.1500000000E+01    1.3957151289E+19
    4.2500000000E+01    1.3872173166E+19
    4.3500000000E+01    1.3782574332E+19
    4.4500000000E+01    1.3687922203E+19
    4.5500000000E+01    1.3587748325E+19
    4.6500000000E+01    1.3481543208E+19
    4.7500000000E+01    1.3368750143E+19
    4.8500000000E+01    1.3248775384E+19
    4.9500000000E+01    1.3121419857E+19
    5.0500000000E+01    1.2986953789E+19
    5.1500000000E+01    1.2845701187E+19
    5.2500000000E+01    1.2698026177E+19
    5.3500000000E+01    1.2544342327E+19
    5.4500000000E+01    1.2385123475E+19
    5.5500000000E+01    1.2220916327E+19
    5.6500000000E+01    1.2052355078E+19
    5.7500000000E+01    1.1880178327E+19
    5.8500000000E+01    1.1705248533E+19
    5.9500000000E+01    1.1528574193E+19
    6.0500000000E+01    1.1351334801E+19
    6.1500000000E+01    1.1174908452E+19
    6.2500000000E+01    1.1000901586E+19
    6.3500000000E+01    1.0831179151E+19
    6.4500000000E+01    1.0667855573E+19
    6.5500000000E+01    1.0513288010E+19
    6.6500000000E+01    1.0370132375E+19
    6.7500000000E+01    1.0241411521E+19
    6.8500000000E+01    1.0132075575E+19
    6.9500000000E+01    1.0049761417E+19
    7.0500000000E+01    1.0003101597E+19
    7.1500000000E+01    9.9971230929E+18
    7.2500000000E+01    1.0007468518E+19
    7.3500000000E+01    1.0019471617E+19
    7.4500000000E+01    1.0029659351E+19
    7.5500000000E+01    1.0034216995E+19
    7.6500000000E+01    1.0028817506E+19
    7.7500000000E+01    1.0008438410E+19
    7.8500000000E+01    9.9698777946E+18
    7.9500000000E+01    9.9236694865E+18
    8.0500000000E+01    9.8874914283E+18
    8.1500000000E+01    9.8834009275E+18
    8.2500000000E+01    9.9385555525E+18
    8.3500000000E+01    1.0084883333E+19
    8.4500000000E+01    1.0343472769E+19
    8.5500000000E+01    1.0708047679E+19
    8.6500000000E+01    1.1163793792E+19
    8.7500000000E+01    1.1676200844E+19
    8.8500000000E+01    1.2201707346E+19
    8.9500000000E+01    1.2694815442E+19
    9.0500000000E+01    1.3104256742E+19
    9.1500000000E+01    1.3369163015E+19
    9.2500000000E+01    1.3479608594E+19
    9.3500000000E+01    1.3486473777E+19
    9.4500000000E+01    1.3477558039E+19
    9.5500000000E+01    1.3512770729E+19
    9.6500000000E+01    1.3520428825E+19
    9.7500000000E+01    1.3487109387E+19
    9.8500000000E+01    1.3410168737E+19
    9.9500000000E+01    1.3280478980E+19
