 # iter=         63  time[s]=   2.849395E-05  x[nm]  M[s/kg/m]
    5.0000000000E-01    1.5728603363E+19
    1.5000000000E+00    1.5721077920E+19
    2.5000000000E+00    1.5712080717E+19
    3.5000000000E+00    1.5701905830E+19
    4.5000000000E+00    1.5690859715E+19
    5.5000000000E+00    1.5679261909E+19
    6.5000000000E+00    1.5667420570E+19
    7.5000000000E+00    1.5655222840E+19
    8.5000000000E+00    1.5642182588E+19
    9.5000000000E+00    1.5627783085E+19
    1.0500000000E+01    1.5611487528E+19
    1.1500000000E+01    1.5592737998E+19
    1.2500000000E+01    1.5571037734E+19
    1.3500000000E+01    1.5546286181E+19
    1.4500000000E+01    1.5518508219E+19
    1.5500000000E+01    1.5487730200E+19
    1.6500000000E+01    1.5453980258E+19
    1.7500000000E+01    1.5417319633E+19
    1.8500000000E+01    1.5377901374E+19
    1.9500000000E+01    1.5335901667E+19
    2.0500000000E+01    1.5291505396E+19
    2.1500000000E+01    1.5244906662E+19
    2.2500000000E+01    1.5196309311E+19
    2.3500000000E+01    1.5145927484E+19
    2.4500000000E+01    1.5093986187E+19
    2.5500000000E+01    1.5040721887E+19
    2.6500000000E+01    1.4986383118E+19
    2.7500000000E+01    1.4931231116E+19
    2.8500000000E+01    1.4875540474E+19
    2.9500000000E+01    1.4819599812E+19
    3.0500000000E+01    1.4763690603E+19
    3.1500000000E+01    1.4707792913E+19
    3.2500000000E+01    1.4651647030E+19
    3.3500000000E+01    1.4594973393E+19
    3.4500000000E+01    1.4537477240E+19
    3.5500000000E+01    1.4478847646E+19
    3.6500000000E+01    1.4418756412E+19
    3.7500000000E+01    1.4356856772E+19
    3.8500000000E+01    1.4292781902E+19
    3.9500000000E+01    1.4226151592E+19
    4.0500000000E+01    1.4156644049E+19
    4.1500000000E+01    1.4083962836E+19
    4.2500000000E+01    1.4007791769E+19
    4.3500000000E+01    1.3927792106E+19
    4.4500000000E+01    1.3843599802E+19
    4.5500000000E+01    1.3754822289E+19
    4.6500000000E+01    1.3661034670E+19
    4.7500000000E+01    1.3561775204E+19
    4.8500000000E+01    1.3456539925E+19
    4.9500000000E+01    1.3344776192E+19
    5.0500000000E+01    1.3225921708E+19
    5.1500000000E+01    1.3099888543E+19
    5.2500000000E+01    1.2966922156E+19
    5.3500000000E+01    1.2827304067E+19
    5.4500000000E+01    1.2681354982E+19
    5.5500000000E+01    1.2529444148E+19
    5.6500000000E+01    1.2372000334E+19
    5.7500000000E+01    1.2209524741E+19
    5.8500000000E+01    1.2042606147E+19
    5.9500000000E+01    1.1871938633E+19
    6.0500000000E+01    1.1698342219E+19
    6.1500000000E+01    1.1522786700E+19
    6.2500000000E+01    1.1346418886E+19
    6.3500000000E+01    1.1170593222E+19
    6.4500000000E+01    1.0996905476E+19
    6.5500000000E+01    1.0827227716E+19
    6.6500000000E+01    1.0663703172E+19
    6.7500000000E+01    1.0508743802E+19
    6.8500000000E+01    1.0365093625E+19
    6.9500000000E+01    1.0235924171E+19
    7.0500000000E+01    1.0126560355E+19
    7.1500000000E+01    1.0045145478E+19
    7.2500000000E+01    1.0000999569E+19
    7.3500000000E+01    9.9980281657E+18
    7.4500000000E+01    1.0009032329E+19
    7.5500000000E+01    1.0021305032E+19
    7.6500000000E+01    1.0031077311E+19
    7.7500000000E+01    1.0034040012E+19
    7.8500000000E+01    1.0025166084E+19
    7.9500000000E+01    9.9984771719E+18
    8.0500000000E+01    9.9537987813E+18
    8.1500000000E+01    9.9068846722E+18
    8.2500000000E+01    9.8801421748E+18
    8.3500000000E+01    9.9024840462E+18
    8.4500000000E+01    1.0010147921E+19
    8.5500000000E+01    1.0240289480E+19
    8.6500000000E+01    1.0597610738E+19
    8.7500000000E+01    1.1068351587E+19
    8.8500000000E+01    1.1616713070E+19
    8.9500000000E+01    1.2188391647E+19
    9.0500000000E+01    1.2724823422E+19
    9.1500000000E+01    1.3158046772E+19
    9.2500000000E+01    1.3410877803E+19
    9.3500000000E+01    1.3490468518E+19
    9.4500000000E+01    1.3477072900E+19
    9.5500000000E+01    1.3495376280E+19
    9.6500000000E+01    1.3523630706E+19
    9.7500000000E+01    1.3497643909E+19
    9.8500000000E+01    1.3420925364E+19
    9.9500000000E+01    1.3280478980E+19
