 # iter=         42  time[s]=   1.799395E-05  x[nm]  M[s/kg/m]
    5.0000000000E-01    1.5728603363E+19
    1.5000000000E+00    1.5720880134E+19
    2.5000000000E+00    1.5711621797E+19
    3.5000000000E+00    1.5701144591E+19
    4.5000000000E+00    1.5689778405E+19
    5.5000000000E+00    1.5677867482E+19
    6.5000000000E+00    1.5665721962E+19
    7.5000000000E+00    1.5653138976E+19
    8.5000000000E+00    1.5639587011E+19
    9.5000000000E+00    1.5624509265E+19
    1.0500000000E+01    1.5607327227E+19
    1.1500000000E+01    1.5587440213E+19
    1.2500000000E+01    1.5564405323E+19
    1.3500000000E+01    1.5538190819E+19
    1.4500000000E+01    1.5508825681E+19
    1.5500000000E+01    1.5476340627E+19
    1.6500000000E+01    1.5440771015E+19
    1.7500000000E+01    1.5402221253E+19
    1.8500000000E+01    1.5360872531E+19
    1.9500000000E+01    1.5316918341E+19
    2.0500000000E+01    1.5270561682E+19
    2.1500000000E+01    1.5222015603E+19
    2.2500000000E+01    1.5171503771E+19
    2.3500000000E+01    1.5119261055E+19
    2.4500000000E+01    1.5065534135E+19
    2.5500000000E+01    1.5010582131E+19
    2.6500000000E+01    1.4954677246E+19
    2.7500000000E+01    1.4898105431E+19
    2.8500000000E+01    1.4841167066E+19
    2.9500000000E+01    1.4784176238E+19
    3.0500000000E+01    1.4727274526E+19
    3.1500000000E+01    1.4670230971E+19
    3.2500000000E+01    1.4612756776E+19
    3.3500000000E+01    1.4554547734E+19
    3.4500000000E+01    1.4495283308E+19
    3.5500000000E+01    1.4434625575E+19
    3.6500000000E+01    1.4372217972E+19
    3.7500000000E+01    1.4307683850E+19
    3.8500000000E+01    1.4240627704E+19
    3.9500000000E+01    1.4170698555E+19
    4.0500000000E+01    1.4097592570E+19
    4.1500000000E+01    1.4020988768E+19
    4.2500000000E+01    1.3940543858E+19
    4.3500000000E+01    1.3855889551E+19
    4.4500000000E+01    1.3766629405E+19
    4.5500000000E+01    1.3672335096E+19
    4.6500000000E+01    1.3572541998E+19
    4.7500000000E+01    1.3466743920E+19
    4.8500000000E+01    1.3354386799E+19
    4.9500000000E+01    1.3234894227E+19
    5.0500000000E+01    1.3108139087E+19
    5.1500000000E+01    1.2974383413E+19
    5.2500000000E+01    1.2833930577E+19
    5.3500000000E+01    1.2687123602E+19
    5.4500000000E+01    1.2534354466E+19
    5.5500000000E+01    1.2376074976E+19
    5.6500000000E+01    1.2212809472E+19
    5.7500000000E+01    1.2045169649E+19
    5.8500000000E+01    1.1873871804E+19
    5.9500000000E+01    1.1699756777E+19
    6.0500000000E+01    1.1523812839E+19
    6.1500000000E+01    1.1347201625E+19
    6.2500000000E+01    1.1171287059E+19
    6.3500000000E+01    1.0997666818E+19
    6.4500000000E+01    1.0828204589E+19
    6.5500000000E+01    1.0665022403E+19
    6.6500000000E+01    1.0510496574E+19
    6.7500000000E+01    1.0367316846E+19
    6.8500000000E+01    1.0238567506E+19
    6.9500000000E+01    1.0129365826E+19
    7.0500000000E+01    1.0047564499E+19
    7.1500000000E+01    1.0002091574E+19
    7.2500000000E+01    9.9975171817E+18
    7.3500000000E+01    1.0008167494E+19
    7.4500000000E+01    1.0020297737E+19
    7.5500000000E+01    1.0030318826E+19
    7.6500000000E+01    1.0034201983E+19
    7.7500000000E+01    1.0027315143E+19
    7.8500000000E+01    1.0004201001E+19
    7.9500000000E+01    9.9627267248E+18
    8.0500000000E+01    9.9158325838E+18
    8.1500000000E+01    9.8832139948E+18
    8.2500000000E+01    9.8898758804E+18
    8.3500000000E+01    9.9669358190E+18
    8.4500000000E+01    1.0149917497E+19
    8.5500000000E+01    1.0453197512E+19
    8.6500000000E+01    1.0866910038E+19
    8.7500000000E+01    1.1368695856E+19
    8.8500000000E+01    1.1913714246E+19
    8.9500000000E+01    1.2452082677E+19
    9.0500000000E+01    1.2929498266E+19
    9.1500000000E+01    1.3280129062E+19
    9.2500000000E+01    1.3454456120E+19
    9.3500000000E+01    1.3491191253E+19
    9.4500000000E+01    1.3474855423E+19
    9.5500000000E+01    1.3504374033E+19
    9.6500000000E+01    1.3522429958E+19
    9.7500000000E+01    1.3492548629E+19
    9.8500000000E+01    1.3415551210E+19
    9.9500000000E+01    1.3280478980E+19
