 # iter=         70  time[s]=   3.199395E-05  x[nm]  M[s/kg/m]
    5.0000000000E-01    1.5728603363E+19
    1.5000000000E+00    1.5721090018E+19
    2.5000000000E+00    1.5712108763E+19
    3.5000000000E+00    1.5701952350E+19
    4.5000000000E+00    1.5690925836E+19
    5.5000000000E+00    1.5679347283E+19
    6.5000000000E+00    1.5667524437E+19
    7.5000000000E+00    1.5655349778E+19
    8.5000000000E+00    1.5642340037E+19
    9.5000000000E+00    1.5627980868E+19
    1.0500000000E+01    1.5611737946E+19
    1.1500000000E+01    1.5593055931E+19
    1.2500000000E+01    1.5571436188E+19
    1.3500000000E+01    1.5546772948E+19
    1.4500000000E+01    1.5519090814E+19
    1.5500000000E+01    1.5488415872E+19
    1.6500000000E+01    1.5454775958E+19
    1.7500000000E+01    1.5418230091E+19
    1.8500000000E+01    1.5378929233E+19
    1.9500000000E+01    1.5337048537E+19
    2.0500000000E+01    1.5292771812E+19
    2.1500000000E+01    1.5246292035E+19
    2.2500000000E+01    1.5197811876E+19
    2.3500000000E+01    1.5147544249E+19
    2.4500000000E+01    1.5095712880E+19
    2.5500000000E+01    1.5042552897E+19
    2.6500000000E+01    1.4988311437E+19
    2.7500000000E+01    1.4933248283E+19
    2.8500000000E+01    1.4877636510E+19
    2.9500000000E+01    1.4821763157E+19
    3.0500000000E+01    1.4765912052E+19
    3.1500000000E+01    1.4710079718E+19
    3.2500000000E+01    1.4654009629E+19
    3.3500000000E+01    1.4597423664E+19
    3.4500000000E+01    1.4540028564E+19
    3.5500000000E+01    1.4481514975E+19
    3.6500000000E+01    1.4421556346E+19
    3.7500000000E+01    1.4359807642E+19
    3.8500000000E+01    1.4295903865E+19
    3.9500000000E+01    1.4229465143E+19
    4.0500000000E+01    1.4160166715E+19
    4.1500000000E+01    1.4087713283E+19
    4.2500000000E+01    1.4011790204E+19
    4.3500000000E+01    1.3932060411E+19
    4.4500000000E+01    1.3848161690E+19
    4.5500000000E+01    1.3759703486E+19
    4.6500000000E+01    1.3666263131E+19
    4.7500000000E+01    1.3567381371E+19
    4.8500000000E+01    1.3462557034E+19
    4.9500000000E+01    1.3351240637E+19
    5.0500000000E+01    1.3232862641E+19
    5.1500000000E+01    1.3107298807E+19
    5.2500000000E+01    1.2974788639E+19
    5.3500000000E+01    1.2835610231E+19
    5.4500000000E+01    1.2690080326E+19
    5.5500000000E+01    1.2538563579E+19
    5.6500000000E+01    1.2381483450E+19
    5.7500000000E+01    1.2219334997E+19
    5.8500000000E+01    1.2052699906E+19
    5.9500000000E+01    1.1882264086E+19
    6.0500000000E+01    1.1708838167E+19
    6.1500000000E+01    1.1533381206E+19
    6.2500000000E+01    1.1357027805E+19
    6.3500000000E+01    1.1181118651E+19
    6.4500000000E+01    1.1007234183E+19
    6.5500000000E+01    1.0837230029E+19
    6.6500000000E+01    1.0673236168E+19
    6.7500000000E+01    1.0517649123E+19
    6.8500000000E+01    1.0373195777E+19
    6.9500000000E+01    1.0243010636E+19
    7.0500000000E+01    1.0132227275E+19
    7.1500000000E+01    1.0048906386E+19
    7.2500000000E+01    1.0002333971E+19
    7.3500000000E+01    9.9975357735E+18
    7.4500000000E+01    1.0008360350E+19
    7.5500000000E+01    1.0020668439E+19
    7.6500000000E+01    1.0030688952E+19
    7.7500000000E+01    1.0034130538E+19
    7.8500000000E+01    1.0025989114E+19
    7.9500000000E+01    1.0000295800E+19
    8.0500000000E+01    9.9561383646E+18
    8.1500000000E+01    9.9087994239E+18
    8.2500000000E+01    9.8805278331E+18
    8.3500000000E+01    9.9000785760E+18
    8.4500000000E+01    1.0003600119E+19
    8.5500000000E+01    1.0229033847E+19
    8.6500000000E+01    1.0582594350E+19
    8.7500000000E+01    1.1050857610E+19
    8.8500000000E+01    1.1598846899E+19
    8.9500000000E+01    1.2172093712E+19
    9.0500000000E+01    1.2711743791E+19
    9.1500000000E+01    1.3149665644E+19
    9.2500000000E+01    1.3407600735E+19
    9.3500000000E+01    1.3490176248E+19
    9.4500000000E+01    1.3477340093E+19
    9.5500000000E+01    1.3494843359E+19
    9.6500000000E+01    1.3523676271E+19
    9.7500000000E+01    1.3497936939E+19
    9.8500000000E+01    1.3421246029E+19
    9.9500000000E+01    1.3280478980E+19
