 # iter=         23  time[s]=   8.493954E-06  x[nm]  M[s/kg/m]
    5.0000000000E-01    1.5728603363E+19
    1.5000000000E+00    1.5719669303E+19
    2.5000000000E+00    1.5708797942E+19
    3.5000000000E+00    1.5696463085E+19
    4.5000000000E+00    1.5683161889E+19
    5.5000000000E+00    1.5669406952E+19
    6.5000000000E+00    1.5655236672E+19
    7.5000000000E+00    1.5639929545E+19
    8.5000000000E+00    1.5622669417E+19
    9.5000000000E+00    1.5602606113E+19
    1.0500000000E+01    1.5578874528E+19
    1.1500000000E+01    1.5551047302E+19
    1.2500000000E+01    1.5519154378E+19
    1.3500000000E+01    1.5483248437E+19
    1.4500000000E+01    1.5443387280E+19
    1.5500000000E+01    1.5399713555E+19
    1.6500000000E+01    1.5352496131E+19
    1.7500000000E+01    1.5302026842E+19
    1.8500000000E+01    1.5248612329E+19
    1.9500000000E+01    1.5192574875E+19
    2.0500000000E+01    1.5134253282E+19
    2.1500000000E+01    1.5074003768E+19
    2.2500000000E+01    1.5012200890E+19
    2.3500000000E+01    1.4949238476E+19
    2.4500000000E+01    1.4885530558E+19
    2.5500000000E+01    1.4821512293E+19
    2.6500000000E+01    1.4757605067E+19
    2.7500000000E+01    1.4693770738E+19
    2.8500000000E+01    1.4629623449E+19
    2.9500000000E+01    1.4564749528E+19
    3.0500000000E+01    1.4498713518E+19
    3.1500000000E+01    1.4431056923E+19
    3.2500000000E+01    1.4361296677E+19
    3.3500000000E+01    1.4288923281E+19
    3.4500000000E+01    1.4213415361E+19
    3.5500000000E+01    1.4134344822E+19
    3.6500000000E+01    1.4051312462E+19
    3.7500000000E+01    1.3963893052E+19
    3.8500000000E+01    1.3871631925E+19
    3.9500000000E+01    1.3774041200E+19
    4.0500000000E+01    1.3670595292E+19
    4.1500000000E+01    1.3560725551E+19
    4.2500000000E+01    1.3443813837E+19
    4.3500000000E+01    1.3319184767E+19
    4.4500000000E+01    1.3186247255E+19
    4.5500000000E+01    1.3045161715E+19
    4.6500000000E+01    1.2896375241E+19
    4.7500000000E+01    1.2740382851E+19
    4.8500000000E+01    1.2577738409E+19
    4.9500000000E+01    1.2409067281E+19
    5.0500000000E+01    1.2235080771E+19
    5.1500000000E+01    1.2056592563E+19
    5.2500000000E+01    1.1874537328E+19
    5.3500000000E+01    1.1689991580E+19
    5.4500000000E+01    1.1504196744E+19
    5.5500000000E+01    1.1318584164E+19
    5.6500000000E+01    1.1134801436E+19
    5.7500000000E+01    1.0954738976E+19
    5.8500000000E+01    1.0780550194E+19
    5.9500000000E+01    1.0614613630E+19
    6.0500000000E+01    1.0459552185E+19
    6.1500000000E+01    1.0318268337E+19
    6.2500000000E+01    1.0194272101E+19
    6.3500000000E+01    1.0093877706E+19
    6.4500000000E+01    1.0025080915E+19
    6.5500000000E+01    9.9962491861E+18
    6.6500000000E+01    1.0000994992E+19
    6.7500000000E+01    1.0012273350E+19
    6.8500000000E+01    1.0023736264E+19
    6.9500000000E+01    1.0032090738E+19
    7.0500000000E+01    1.0033830773E+19
    7.1500000000E+01    1.0025170394E+19
    7.2500000000E+01    1.0001946095E+19
    7.3500000000E+01    9.9636693592E+18
    7.4500000000E+01    9.9210679530E+18
    7.5500000000E+01    9.8882212566E+18
    7.6500000000E+01    9.8812217574E+18
    7.7500000000E+01    9.9182157949E+18
    7.8500000000E+01    1.0018968373E+19
    7.9500000000E+01    1.0200613285E+19
    8.0500000000E+01    1.0461358814E+19
    8.1500000000E+01    1.0791588433E+19
    8.2500000000E+01    1.1178236341E+19
    8.3500000000E+01    1.1597813309E+19
    8.4500000000E+01    1.2025488947E+19
    8.5500000000E+01    1.2437588016E+19
    8.6500000000E+01    1.2810487793E+19
    8.7500000000E+01    1.3118740421E+19
    8.8500000000E+01    1.3333664399E+19
    8.9500000000E+01    1.3450099544E+19
    9.0500000000E+01    1.3490334606E+19
    9.1500000000E+01    1.3484269454E+19
    9.2500000000E+01    1.3475512076E+19
    9.3500000000E+01    1.3496695535E+19
    9.4500000000E+01    1.3522426229E+19
    9.5500000000E+01    1.3519184875E+19
    9.6500000000E+01    1.3496503921E+19
    9.7500000000E+01    1.3451781654E+19
    9.8500000000E+01    1.3380532927E+19
    9.9500000000E+01    1.3280478980E+19
