 # iter=         28  time[s]=   1.099395E-05  x[nm]  M[s/kg/m]
    5.0000000000E-01    1.5728603363E+19
    1.5000000000E+00    1.5720196093E+19
    2.5000000000E+00    1.5710029319E+19
    3.5000000000E+00    1.5698503545E+19
    4.5000000000E+00    1.5686037967E+19
    5.5000000000E+00    1.5673071144E+19
    6.5000000000E+00    1.5659825439E+19
    7.5000000000E+00    1.5645785178E+19
    8.5000000000E+00    1.5630265887E+19
    9.5000000000E+00    1.5612555512E+19
    1.0500000000E+01    1.5591913298E+19
    1.1500000000E+01    1.5567696552E+19
    1.2500000000E+01    1.5539797248E+19
    1.3500000000E+01    1.5508256554E+19
    1.4500000000E+01    1.5473118160E+19
    1.5500000000E+01    1.5434435089E+19
    1.6500000000E+01    1.5392360147E+19
    1.7500000000E+01    1.5347128527E+19
    1.8500000000E+01    1.5298988890E+19
    1.9500000000E+01    1.5248202200E+19
    2.0500000000E+01    1.5195042412E+19
    2.1500000000E+01    1.5139797186E+19
    2.2500000000E+01    1.5082768628E+19
    2.3500000000E+01    1.5024274045E+19
    2.4500000000E+01    1.4964646722E+19
    2.5500000000E+01    1.4904236705E+19
    2.6500000000E+01    1.4843411581E+19
    2.7500000000E+01    1.4782555295E+19
    2.8500000000E+01    1.4721836153E+19
    2.9500000000E+01    1.4660972319E+19
    3.0500000000E+01    1.4599614295E+19
    3.1500000000E+01    1.4537394351E+19
    3.2500000000E+01    1.4473925512E+19
    3.3500000000E+01    1.4408800356E+19
    3.4500000000E+01    1.4341589568E+19
    3.5500000000E+01    1.4271840214E+19
    3.6500000000E+01    1.4199104966E+19
    3.7500000000E+01    1.4123023554E+19
    3.8500000000E+01    1.4043238802E+19
    3.9500000000E+01    1.3959369890E+19
    4.0500000000E+01    1.3871009521E+19
    4.1500000000E+01    1.3777720591E+19
    4.2500000000E+01    1.3679032232E+19
    4.3500000000E+01    1.3574435121E+19
    4.4500000000E+01    1.3463375873E+19
    4.5500000000E+01    1.3345250310E+19
    4.6500000000E+01    1.3219454030E+19
    4.7500000000E+01    1.3085957604E+19
    4.8500000000E+01    1.2945119116E+19
    4.9500000000E+01    1.2797340159E+19
    5.0500000000E+01    1.2643069982E+19
    5.1500000000E+01    1.2482816051E+19
    5.2500000000E+01    1.2317156199E+19
    5.3500000000E+01    1.2146752586E+19
    5.4500000000E+01    1.1972367699E+19
    5.5500000000E+01    1.1794882571E+19
    5.6500000000E+01    1.1615317350E+19
    5.7500000000E+01    1.1434854218E+19
    5.8500000000E+01    1.1254862450E+19
    5.9500000000E+01    1.1076925111E+19
    6.0500000000E+01    1.0902866392E+19
    6.1500000000E+01    1.0734763783E+19
    6.2500000000E+01    1.0574911785E+19
    6.3500000000E+01    1.0425865764E+19
    6.4500000000E+01    1.0290469980E+19
    6.5500000000E+01    1.0172504399E+19
    6.6500000000E+01    1.0078679054E+19
    6.7500000000E+01    1.0017003156E+19
    6.8500000000E+01    9.9955676573E+18
    6.9500000000E+01    1.0002682343E+19
    7.0500000000E+01    1.0014206274E+19
    7.1500000000E+01    1.0025430539E+19
    7.2500000000E+01    1.0032970828E+19
    7.3500000000E+01    1.0033125408E+19
    7.4500000000E+01    1.0021773655E+19
    7.5500000000E+01    9.9943579067E+18
    7.6500000000E+01    9.9527580555E+18
    7.7500000000E+01    9.9099509193E+18
    7.8500000000E+01    9.8822214175E+18
    7.9500000000E+01    9.8889700194E+18
    8.0500000000E+01    9.9528630068E+18
    8.1500000000E+01    1.0098978907E+19
    8.2500000000E+01    1.0340355436E+19
    8.3500000000E+01    1.0669561988E+19
    8.4500000000E+01    1.1074557551E+19
    8.5500000000E+01    1.1530205270E+19
    8.6500000000E+01    1.2003970678E+19
    8.7500000000E+01    1.2463447815E+19
    8.8500000000E+01    1.2874853249E+19
    8.9500000000E+01    1.3199635135E+19
    9.0500000000E+01    1.3398662945E+19
    9.1500000000E+01    1.3482075030E+19
    9.2500000000E+01    1.3487813290E+19
    9.3500000000E+01    1.3475102345E+19
    9.4500000000E+01    1.3499678877E+19
    9.5500000000E+01    1.3523986863E+19
    9.6500000000E+01    1.3511432682E+19
    9.7500000000E+01    1.3471055302E+19
    9.8500000000E+01    1.3395795233E+19
    9.9500000000E+01    1.3280478980E+19
