 # iter=          3  time[s]=   1.617722E-11  x[nm]  M[s/kg/m]
    5.0000000000E-01    1.5728603363E+19
    1.5000000000E+00    1.5708699779E+19
    2.5000000000E+00    1.5683332812E+19
    3.5000000000E+00    1.5656132328E+19
    4.5000000000E+00    1.5625170566E+19
    5.5000000000E+00    1.5584853717E+19
    6.5000000000E+00    1.5531137179E+19
    7.5000000000E+00    1.5464231019E+19
    8.5000000000E+00    1.5385201876E+19
    9.5000000000E+00    1.5295956421E+19
    1.0500000000E+01    1.5198669871E+19
    1.1500000000E+01    1.5095517563E+19
    1.2500000000E+01    1.4988674843E+19
    1.3500000000E+01    1.4880317082E+19
    1.4500000000E+01    1.4772610897E+19
    1.5500000000E+01    1.4666498662E+19
    1.6500000000E+01    1.4560453735E+19
    1.7500000000E+01    1.4452652619E+19
    1.8500000000E+01    1.4341271824E+19
    1.9500000000E+01    1.4224497162E+19
    2.0500000000E+01    1.4100833478E+19
    2.1500000000E+01    1.3969177243E+19
    2.2500000000E+01    1.3828448927E+19
    2.3500000000E+01    1.3677568994E+19
    2.4500000000E+01    1.3515457906E+19
    2.5500000000E+01    1.3341036108E+19
    2.6500000000E+01    1.3153526239E+19
    2.7500000000E+01    1.2954281715E+19
    2.8500000000E+01    1.2745572082E+19
    2.9500000000E+01    1.2529670491E+19
    3.0500000000E+01    1.2308850101E+19
    3.1500000000E+01    1.2085384085E+19
    3.2500000000E+01    1.1861545619E+19
    3.3500000000E+01    1.1639607888E+19
    3.4500000000E+01    1.1421844083E+19
    3.5500000000E+01    1.1210527400E+19
    3.6500000000E+01    1.1007931042E+19
    3.7500000000E+01    1.0816327017E+19
    3.8500000000E+01    1.0637938493E+19
    3.9500000000E+01    1.0474924624E+19
    4.0500000000E+01    1.0329440176E+19
    4.1500000000E+01    1.0203871544E+19
    4.2500000000E+01    1.0102864795E+19
    4.3500000000E+01    1.0032341202E+19
    4.4500000000E+01    9.9982362087E+18
    4.5500000000E+01    9.9986476574E+18
    4.6500000000E+01    1.0008640608E+19
    4.7500000000E+01    1.0019559274E+19
    4.8500000000E+01    1.0028836812E+19
    4.9500000000E+01    1.0033906455E+19
    5.0500000000E+01    1.0032201443E+19
    5.1500000000E+01    1.0021155018E+19
    5.2500000000E+01    9.9982472345E+18
    5.3500000000E+01    9.9647360791E+18
    5.4500000000E+01    9.9283729786E+18
    5.5500000000E+01    9.8975497976E+18
    5.6500000000E+01    9.8806584511E+18
    5.7500000000E+01    9.8860908920E+18
    5.8500000000E+01    9.9222391056E+18
    5.9500000000E+01    9.9974951037E+18
    6.0500000000E+01    1.0119685564E+19
    6.1500000000E+01    1.0289580411E+19
    6.2500000000E+01    1.0503155401E+19
    6.3500000000E+01    1.0756294849E+19
    6.4500000000E+01    1.1044071405E+19
    6.5500000000E+01    1.1356793908E+19
    6.6500000000E+01    1.1683038772E+19
    6.7500000000E+01    1.2011380055E+19
    6.8500000000E+01    1.2330391898E+19
    6.9500000000E+01    1.2628648507E+19
    7.0500000000E+01    1.2894724142E+19
    7.1500000000E+01    1.3117193102E+19
    7.2500000000E+01    1.3284796133E+19
    7.3500000000E+01    1.3395067970E+19
    7.4500000000E+01    1.3458531428E+19
    7.5500000000E+01    1.3486754714E+19
    7.6500000000E+01    1.3491306137E+19
    7.7500000000E+01    1.3483754093E+19
    7.8500000000E+01    1.3475667055E+19
    7.9500000000E+01    1.3477296286E+19
    8.0500000000E+01    1.3488330943E+19
    8.1500000000E+01    1.3503382195E+19
    8.2500000000E+01    1.3517028898E+19
    8.3500000000E+01    1.3523850150E+19
    8.4500000000E+01    1.3522849919E+19
    8.5500000000E+01    1.3518680601E+19
    8.6500000000E+01    1.3511700955E+19
    8.7500000000E+01    1.3502164288E+19
    8.8500000000E+01    1.3490323905E+19
    8.9500000000E+01    1.3476433114E+19
    9.0500000000E+01    1.3460745219E+19
    9.1500000000E+01    1.3443513528E+19
    9.2500000000E+01    1.3424991346E+19
    9.3500000000E+01    1.3405431979E+19
    9.4500000000E+01    1.3385088735E+19
    9.5500000000E+01    1.3364214919E+19
    9.6500000000E+01    1.3343063838E+19
    9.7500000000E+01    1.3321888799E+19
    9.8500000000E+01    1.3300943106E+19
    9.9500000000E+01    1.3280478980E+19
