 # iter=          7  time[s]=   7.533894E-07  x[nm]  M[s/kg/m]
    5.0000000000E-01    1.5728603363E+19
    1.5000000000E+00    1.5714193515E+19
    2.5000000000E+00    1.5695871660E+19
    3.5000000000E+00    1.5675387302E+19
    4.5000000000E+00    1.5653968409E+19
    5.5000000000E+00    1.5629795966E+19
    6.5000000000E+00    1.5600007841E+19
    7.5000000000E+00    1.5561833087E+19
    8.5000000000E+00    1.5514462347E+19
    9.5000000000E+00    1.5458146037E+19
    1.0500000000E+01    1.5393281206E+19
    1.1500000000E+01    1.5320767486E+19
    1.2500000000E+01    1.5241676888E+19
    1.3500000000E+01    1.5157141731E+19
    1.4500000000E+01    1.5068357633E+19
    1.5500000000E+01    1.4976586519E+19
    1.6500000000E+01    1.4883159293E+19
    1.7500000000E+01    1.4789477435E+19
    1.8500000000E+01    1.4696436672E+19
    1.9500000000E+01    1.4603188891E+19
    2.0500000000E+01    1.4508498528E+19
    2.1500000000E+01    1.4411070393E+19
    2.2500000000E+01    1.4309547914E+19
    2.3500000000E+01    1.4202536506E+19
    2.4500000000E+01    1.4088892961E+19
    2.5500000000E+01    1.3967623546E+19
    2.6500000000E+01    1.3837679590E+19
    2.7500000000E+01    1.3697945127E+19
    2.8500000000E+01    1.3547225661E+19
    2.9500000000E+01    1.3384234114E+19
    3.0500000000E+01    1.3207658544E+19
    3.1500000000E+01    1.3017626134E+19
    3.2500000000E+01    1.2815628895E+19
    3.3500000000E+01    1.2603319892E+19
    3.4500000000E+01    1.2382497745E+19
    3.5500000000E+01    1.2155135221E+19
    3.6500000000E+01    1.1923408671E+19
    3.7500000000E+01    1.1689727509E+19
    3.8500000000E+01    1.1456762298E+19
    3.9500000000E+01    1.1227469213E+19
    4.0500000000E+01    1.1005107609E+19
    4.1500000000E+01    1.0793242773E+19
    4.2500000000E+01    1.0595654486E+19
    4.3500000000E+01    1.0416335007E+19
    4.4500000000E+01    1.0259487837E+19
    4.5500000000E+01    1.0131124723E+19
    4.6500000000E+01    1.0040810879E+19
    4.7500000000E+01    9.9981695244E+18
    4.8500000000E+01    1.0000017427E+19
    4.9500000000E+01    1.0011843924E+19
    5.0500000000E+01    1.0023800643E+19
    5.1500000000E+01    1.0032251182E+19
    5.2500000000E+01    1.0033734791E+19
    5.3500000000E+01    1.0024914108E+19
    5.4500000000E+01    1.0002509134E+19
    5.5500000000E+01    9.9666807465E+18
    5.6500000000E+01    9.9268930073E+18
    5.7500000000E+01    9.8941704648E+18
    5.8500000000E+01    9.8796147498E+18
    5.9500000000E+01    9.8943391916E+18
    6.0500000000E+01    9.9492280506E+18
    6.1500000000E+01    1.0054519033E+19
    6.2500000000E+01    1.0215362728E+19
    6.3500000000E+01    1.0425819091E+19
    6.4500000000E+01    1.0678225592E+19
    6.5500000000E+01    1.0964939461E+19
    6.6500000000E+01    1.1274857564E+19
    6.7500000000E+01    1.1595100767E+19
    6.8500000000E+01    1.1914378358E+19
    6.9500000000E+01    1.2222843406E+19
    7.0500000000E+01    1.2511782215E+19
    7.1500000000E+01    1.2773282496E+19
    7.2500000000E+01    1.2999902357E+19
    7.3500000000E+01    1.3184340939E+19
    7.4500000000E+01    1.3320018761E+19
    7.5500000000E+01    1.3409937689E+19
    7.6500000000E+01    1.3462781465E+19
    7.7500000000E+01    1.3487083286E+19
    7.8500000000E+01    1.3491454236E+19
    7.9500000000E+01    1.3484814448E+19
    8.0500000000E+01    1.3476539458E+19
    8.1500000000E+01    1.3476001938E+19
    8.2500000000E+01    1.3485014808E+19
    8.3500000000E+01    1.3499082604E+19
    8.4500000000E+01    1.3513338750E+19
    8.5500000000E+01    1.3522720775E+19
    8.6500000000E+01    1.3523572920E+19
    8.7500000000E+01    1.3520405245E+19
    8.8500000000E+01    1.3514267748E+19
    8.9500000000E+01    1.3505307984E+19
    9.0500000000E+01    1.3493661340E+19
    9.1500000000E+01    1.3479446524E+19
    9.2500000000E+01    1.3462761050E+19
    9.3500000000E+01    1.3443677286E+19
    9.4500000000E+01    1.3422240092E+19
    9.5500000000E+01    1.3398467963E+19
    9.6500000000E+01    1.3372361358E+19
    9.7500000000E+01    1.3343925436E+19
    9.8500000000E+01    1.3313221771E+19
    9.9500000000E+01    1.3280478980E+19
