 # iter=         25  time[s]=   9.493954E-06  x[nm]  M[s/kg/m]
    5.0000000000E-01    1.5728603363E+19
    1.5000000000E+00    1.5719905574E+19
    2.5000000000E+00    1.5709350718E+19
    3.5000000000E+00    1.5697378795E+19
    4.5000000000E+00    1.5684450975E+19
    5.5000000000E+00    1.5671047970E+19
    6.5000000000E+00    1.5657301709E+19
    7.5000000000E+00    1.5642579260E+19
    8.5000000000E+00    1.5626125434E+19
    9.5000000000E+00    1.5607154073E+19
    1.0500000000E+01    1.5584849737E+19
    1.1500000000E+01    1.5558665685E+19
    1.2500000000E+01    1.5528589402E+19
    1.3500000000E+01    1.5494668262E+19
    1.4500000000E+01    1.5456952695E+19
    1.5500000000E+01    1.5415531900E+19
    1.6500000000E+01    1.5370630778E+19
    1.7500000000E+01    1.5322515652E+19
    1.8500000000E+01    1.5271466148E+19
    1.9500000000E+01    1.5217775946E+19
    2.0500000000E+01    1.5161753566E+19
    2.1500000000E+01    1.5103723175E+19
    2.2500000000E+01    1.5044025430E+19
    2.3500000000E+01    1.4983018318E+19
    2.4500000000E+01    1.4921078026E+19
    2.5500000000E+01    1.4858599793E+19
    2.6500000000E+01    1.4795998750E+19
    2.7500000000E+01    1.4733564331E+19
    2.8500000000E+01    1.4671058977E+19
    2.9500000000E+01    1.4608107449E+19
    3.0500000000E+01    1.4544314859E+19
    3.1500000000E+01    1.4479265626E+19
    3.2500000000E+01    1.4412522221E+19
    3.3500000000E+01    1.4343623644E+19
    3.4500000000E+01    1.4272083591E+19
    3.5500000000E+01    1.4197421626E+19
    3.6500000000E+01    1.4119251660E+19
    3.7500000000E+01    1.4037191548E+19
    3.8500000000E+01    1.3950833835E+19
    3.9500000000E+01    1.3859742685E+19
    4.0500000000E+01    1.3763450255E+19
    4.1500000000E+01    1.3661452380E+19
    4.2500000000E+01    1.3553203442E+19
    4.3500000000E+01    1.3438110212E+19
    4.4500000000E+01    1.3315524450E+19
    4.5500000000E+01    1.3184889881E+19
    4.6500000000E+01    1.3046365952E+19
    4.7500000000E+01    1.2900365851E+19
    4.8500000000E+01    1.2747347264E+19
    4.9500000000E+01    1.2587822640E+19
    5.0500000000E+01    1.2422371001E+19
    5.1500000000E+01    1.2251651463E+19
    5.2500000000E+01    1.2076418681E+19
    5.3500000000E+01    1.1897540408E+19
    5.4500000000E+01    1.1716017303E+19
    5.5500000000E+01    1.1533004998E+19
    5.6500000000E+01    1.1349838266E+19
    5.7500000000E+01    1.1168056844E+19
    5.8500000000E+01    1.0989432057E+19
    5.9500000000E+01    1.0815991284E+19
    6.0500000000E+01    1.0649994274E+19
    6.1500000000E+01    1.0493931230E+19
    6.2500000000E+01    1.0350568610E+19
    6.3500000000E+01    1.0223064234E+19
    6.4500000000E+01    1.0116844978E+19
    6.5500000000E+01    1.0039593090E+19
    6.6500000000E+01    9.9996176553E+18
    6.7500000000E+01    9.9983740658E+18
    6.8500000000E+01    1.0009023680E+19
    6.9500000000E+01    1.0020742929E+19
    7.0500000000E+01    1.0030298112E+19
    7.1500000000E+01    1.0034222434E+19
    7.2500000000E+01    1.0028747655E+19
    7.3500000000E+01    1.0009696605E+19
    7.4500000000E+01    9.9743077529E+18
    7.5500000000E+01    9.9310738889E+18
    7.6500000000E+01    9.8940678666E+18
    7.7500000000E+01    9.8796730950E+18
    7.8500000000E+01    9.9068097439E+18
    7.9500000000E+01    9.9966876566E+18
    8.0500000000E+01    1.0169953786E+19
    8.1500000000E+01    1.0428896757E+19
    8.2500000000E+01    1.0764126886E+19
    8.3500000000E+01    1.1162568110E+19
    8.4500000000E+01    1.1599130482E+19
    8.5500000000E+01    1.2045953922E+19
    8.6500000000E+01    1.2475939286E+19
    8.7500000000E+01    1.2861379947E+19
    8.8500000000E+01    1.3171457555E+19
    8.9500000000E+01    1.3373281578E+19
    9.0500000000E+01    1.3470396046E+19
    9.1500000000E+01    1.3491448953E+19
    9.2500000000E+01    1.3477231020E+19
    9.3500000000E+01    1.3483942354E+19
    9.4500000000E+01    1.3514558115E+19
    9.5500000000E+01    1.3522397203E+19
    9.6500000000E+01    1.3503775475E+19
    9.7500000000E+01    1.3460593965E+19
    9.8500000000E+01    1.3387298666E+19
    9.9500000000E+01    1.3280478980E+19
