 # iter=         57  time[s]=   2.549395E-05  x[nm]  M[s/kg/m]
    5.0000000000E-01    1.5728603363E+19
    1.5000000000E+00    1.5721056920E+19
    2.5000000000E+00    1.5712032025E+19
    3.5000000000E+00    1.5701825063E+19
    4.5000000000E+00    1.5690744929E+19
    5.5000000000E+00    1.5679113729E+19
    6.5000000000E+00    1.5667240262E+19
    7.5000000000E+00    1.5655002351E+19
    8.5000000000E+00    1.5641908921E+19
    9.5000000000E+00    1.5627439091E+19
    1.0500000000E+01    1.5611051734E+19
    1.1500000000E+01    1.5592184433E+19
    1.2500000000E+01    1.5570344071E+19
    1.3500000000E+01    1.5545438894E+19
    1.4500000000E+01    1.5517494238E+19
    1.5500000000E+01    1.5486536917E+19
    1.6500000000E+01    1.5452595608E+19
    1.7500000000E+01    1.5415735548E+19
    1.8500000000E+01    1.5376113298E+19
    1.9500000000E+01    1.5333906839E+19
    2.0500000000E+01    1.5289302934E+19
    2.1500000000E+01    1.5242497644E+19
    2.2500000000E+01    1.5193696865E+19
    2.3500000000E+01    1.5143116879E+19
    2.4500000000E+01    1.5090984930E+19
    2.5500000000E+01    1.5037539816E+19
    2.6500000000E+01    1.4983032510E+19
    2.7500000000E+01    1.4927726790E+19
    2.8500000000E+01    1.4871899899E+19
    2.9500000000E+01    1.4815843217E+19
    3.0500000000E+01    1.4759832798E+19
    3.1500000000E+01    1.4703820379E+19
    3.2500000000E+01    1.4647541454E+19
    3.3500000000E+01    1.4590713944E+19
    3.4500000000E+01    1.4533040458E+19
    3.5500000000E+01    1.4474207324E+19
    3.6500000000E+01    1.4413883456E+19
    3.7500000000E+01    1.4351719061E+19
    3.8500000000E+01    1.4287344114E+19
    3.9500000000E+01    1.4220378356E+19
    4.0500000000E+01    1.4150504844E+19
    4.1500000000E+01    1.4077424950E+19
    4.2500000000E+01    1.4000819783E+19
    4.3500000000E+01    1.3920347659E+19
    4.4500000000E+01    1.3835641315E+19
    4.5500000000E+01    1.3746304643E+19
    4.6500000000E+01    1.3651908822E+19
    4.7500000000E+01    1.3551987736E+19
    4.8500000000E+01    1.3446032500E+19
    4.9500000000E+01    1.3333484904E+19
    5.0500000000E+01    1.3213800021E+19
    5.1500000000E+01    1.3086951133E+19
    5.2500000000E+01    1.2953192118E+19
    5.3500000000E+01    1.2812810528E+19
    5.4500000000E+01    1.2666134054E+19
    5.5500000000E+01    1.2513540028E+19
    5.6500000000E+01    1.2355466580E+19
    5.7500000000E+01    1.2192425730E+19
    5.8500000000E+01    1.2025018753E+19
    5.9500000000E+01    1.1853954127E+19
    6.0500000000E+01    1.1680068405E+19
    6.1500000000E+01    1.1504350290E+19
    6.2500000000E+01    1.1327968066E+19
    6.3500000000E+01    1.1152300365E+19
    6.4500000000E+01    1.0978969868E+19
    6.5500000000E+01    1.0809877127E+19
    6.6500000000E+01    1.0647188234E+19
    6.7500000000E+01    1.0493342530E+19
    6.8500000000E+01    1.0351113998E+19
    6.9500000000E+01    1.0223753059E+19
    7.0500000000E+01    1.0116922910E+19
    7.1500000000E+01    1.0038893970E+19
    7.2500000000E+01    9.9990426385E+18
    7.3500000000E+01    9.9989443955E+18
    7.4500000000E+01    1.0010210869E+19
    7.5500000000E+01    1.0022395372E+19
    7.6500000000E+01    1.0031707407E+19
    7.7500000000E+01    1.0033806457E+19
    7.8500000000E+01    1.0023624782E+19
    7.9500000000E+01    9.9951980630E+18
    8.0500000000E+01    9.9497144161E+18
    8.1500000000E+01    9.9036539541E+18
    8.2500000000E+01    9.8797004372E+18
    8.3500000000E+01    9.9070361618E+18
    8.4500000000E+01    1.0022040378E+19
    8.5500000000E+01    1.0260317419E+19
    8.6500000000E+01    1.0624087389E+19
    8.7500000000E+01    1.1098990765E+19
    8.8500000000E+01    1.1647839335E+19
    8.9500000000E+01    1.2216665253E+19
    9.0500000000E+01    1.2747401603E+19
    9.1500000000E+01    1.3172369361E+19
    9.2500000000E+01    1.3416397036E+19
    9.3500000000E+01    1.3490901850E+19
    9.4500000000E+01    1.3476635961E+19
    9.5500000000E+01    1.3496309128E+19
    9.6500000000E+01    1.3523544137E+19
    9.7500000000E+01    1.3497130062E+19
    9.8500000000E+01    1.3420366350E+19
    9.9500000000E+01    1.3280478980E+19
