 # iter=         60  time[s]=   2.699395E-05  x[nm]  M[s/kg/m]
    5.0000000000E-01    1.5728603363E+19
    1.5000000000E+00    1.5721069124E+19
    2.5000000000E+00    1.5712060324E+19
    3.5000000000E+00    1.5701872003E+19
    4.5000000000E+00    1.5690811638E+19
    5.5000000000E+00    1.5679199841E+19
    6.5000000000E+00    1.5667345050E+19
    7.5000000000E+00    1.5655130510E+19
    8.5000000000E+00    1.5642068018E+19
    9.5000000000E+00    1.5627639107E+19
    1.0500000000E+01    1.5611305166E+19
    1.1500000000E+01    1.5592506397E+19
    1.2500000000E+01    1.5570747502E+19
    1.3500000000E+01    1.5545931655E+19
    1.4500000000E+01    1.5518083927E+19
    1.5500000000E+01    1.5487230864E+19
    1.6500000000E+01    1.5453400826E+19
    1.7500000000E+01    1.5416656703E+19
    1.8500000000E+01    1.5377153034E+19
    1.9500000000E+01    1.5335066754E+19
    2.0500000000E+01    1.5290583533E+19
    2.1500000000E+01    1.5243898293E+19
    2.2500000000E+01    1.5195215736E+19
    2.3500000000E+01    1.5144750898E+19
    2.4500000000E+01    1.5092729721E+19
    2.5500000000E+01    1.5039389645E+19
    2.6500000000E+01    1.4984980225E+19
    2.7500000000E+01    1.4929763759E+19
    2.8500000000E+01    1.4874015948E+19
    2.9500000000E+01    1.4818026563E+19
    3.0500000000E+01    1.4762075024E+19
    3.1500000000E+01    1.4706129477E+19
    3.2500000000E+01    1.4649928097E+19
    3.3500000000E+01    1.4593190272E+19
    3.4500000000E+01    1.4535620140E+19
    3.5500000000E+01    1.4476905629E+19
    3.6500000000E+01    1.4416717336E+19
    3.7500000000E+01    1.4354707229E+19
    3.8500000000E+01    1.4290507149E+19
    3.9500000000E+01    1.4223736780E+19
    4.0500000000E+01    1.4154076411E+19
    4.1500000000E+01    1.4081228719E+19
    4.2500000000E+01    1.4004876391E+19
    4.3500000000E+01    1.3924679457E+19
    4.4500000000E+01    1.3840272532E+19
    4.5500000000E+01    1.3751261571E+19
    4.6500000000E+01    1.3657220043E+19
    4.7500000000E+01    1.3557684383E+19
    4.8500000000E+01    1.3452148576E+19
    4.9500000000E+01    1.3340057660E+19
    5.0500000000E+01    1.3220855837E+19
    5.1500000000E+01    1.3094481162E+19
    5.2500000000E+01    1.2961182887E+19
    5.3500000000E+01    1.2821245044E+19
    5.4500000000E+01    1.2674991249E+19
    5.5500000000E+01    1.2522794117E+19
    5.6500000000E+01    1.2365086316E+19
    5.7500000000E+01    1.2202373555E+19
    5.8500000000E+01    1.2035249815E+19
    5.9500000000E+01    1.1864415176E+19
    6.0500000000E+01    1.1690696545E+19
    6.1500000000E+01    1.1515071598E+19
    6.2500000000E+01    1.1338696093E+19
    6.3500000000E+01    1.1162934560E+19
    6.4500000000E+01    1.0989393991E+19
    6.5500000000E+01    1.0819958400E+19
    6.6500000000E+01    1.0656780605E+19
    6.7500000000E+01    1.0502283946E+19
    6.8500000000E+01    1.0359224958E+19
    6.9500000000E+01    1.0230805783E+19
    7.0500000000E+01    1.0122492388E+19
    7.1500000000E+01    1.0042483705E+19
    7.2500000000E+01    1.0000123802E+19
    7.3500000000E+01    9.9984041922E+18
    7.4500000000E+01    1.0009524221E+19
    7.5500000000E+01    1.0021764139E+19
    7.6500000000E+01    1.0031348201E+19
    7.7500000000E+01    1.0033954188E+19
    7.8500000000E+01    1.0024538136E+19
    7.9500000000E+01    9.9971222429E+18
    8.0500000000E+01    9.9520911571E+18
    8.1500000000E+01    9.9055165248E+18
    8.2500000000E+01    9.8799212716E+18
    8.3500000000E+01    9.9043317533E+18
    8.4500000000E+01    1.0015046997E+19
    8.5500000000E+01    1.0248602617E+19
    8.6500000000E+01    1.0608637300E+19
    8.7500000000E+01    1.1081143351E+19
    8.8500000000E+01    1.1629733400E+19
    8.9500000000E+01    1.2200237255E+19
    9.0500000000E+01    1.2734300291E+19
    9.1500000000E+01    1.3164081158E+19
    9.2500000000E+01    1.3413215668E+19
    9.3500000000E+01    1.3490661353E+19
    9.4500000000E+01    1.3476885575E+19
    9.5500000000E+01    1.3495765855E+19
    9.6500000000E+01    1.3523595604E+19
    9.7500000000E+01    1.3497429484E+19
    9.8500000000E+01    1.3420691585E+19
    9.9500000000E+01    1.3280478980E+19
