 # iter=         32  time[s]=   1.299395E-05  x[nm]  M[s/kg/m]
    5.0000000000E-01    1.5728603363E+19
    1.5000000000E+00    1.5720485912E+19
    2.5000000000E+00    1.5710704988E+19
    3.5000000000E+00    1.5699623923E+19
    4.5000000000E+00    1.5687622475E+19
    5.5000000000E+00    1.5675097564E+19
    6.5000000000E+00    1.5662329747E+19
    7.5000000000E+00    1.5648931525E+19
    8.5000000000E+00    1.5634284474E+19
    9.5000000000E+00    1.5617745545E+19
    1.0500000000E+01    1.5598646223E+19
    1.1500000000E+01    1.5576326501E+19
    1.2500000000E+01    1.5550534113E+19
    1.3500000000E+01    1.5521299180E+19
    1.4500000000E+01    1.5488658996E+19
    1.5500000000E+01    1.5452653331E+19
    1.6500000000E+01    1.5413365068E+19
    1.7500000000E+01    1.5370987673E+19
    1.8500000000E+01    1.5325741217E+19
    1.9500000000E+01    1.5277856537E+19
    2.0500000000E+01    1.5227575840E+19
    2.1500000000E+01    1.5175153338E+19
    2.2500000000E+01    1.5120855906E+19
    2.3500000000E+01    1.5064963758E+19
    2.4500000000E+01    1.5007771142E+19
    2.5500000000E+01    1.4949587056E+19
    2.6500000000E+01    1.4890735965E+19
    2.7500000000E+01    1.4831558538E+19
    2.8500000000E+01    1.4772403337E+19
    2.9500000000E+01    1.4713338874E+19
    3.0500000000E+01    1.4654076720E+19
    3.1500000000E+01    1.4594291869E+19
    3.2500000000E+01    1.4533642291E+19
    3.3500000000E+01    1.4471767954E+19
    3.4500000000E+01    1.4408289656E+19
    3.5500000000E+01    1.4342807648E+19
    3.6500000000E+01    1.4274900008E+19
    3.7500000000E+01    1.4204146218E+19
    3.8500000000E+01    1.4130206093E+19
    3.9500000000E+01    1.4052745158E+19
    4.0500000000E+01    1.3971406696E+19
    4.1500000000E+01    1.3885809121E+19
    4.2500000000E+01    1.3795542888E+19
    4.3500000000E+01    1.3700166836E+19
    4.4500000000E+01    1.3599203864E+19
    4.5500000000E+01    1.3492135768E+19
    4.6500000000E+01    1.3378397075E+19
    4.7500000000E+01    1.3257378596E+19
    4.8500000000E+01    1.3128833214E+19
    4.9500000000E+01    1.2993042664E+19
    5.0500000000E+01    1.2850355667E+19
    5.1500000000E+01    1.2701162373E+19
    5.2500000000E+01    1.2545903884E+19
    5.3500000000E+01    1.2385083262E+19
    5.4500000000E+01    1.2219278277E+19
    5.5500000000E+01    1.2049156118E+19
    5.6500000000E+01    1.1875490327E+19
    5.7500000000E+01    1.1699180146E+19
    5.8500000000E+01    1.1521272417E+19
    5.9500000000E+01    1.1342986017E+19
    6.0500000000E+01    1.1165738611E+19
    6.1500000000E+01    1.0991175097E+19
    6.2500000000E+01    1.0821195463E+19
    6.3500000000E+01    1.0657939298E+19
    6.4500000000E+01    1.0503783704E+19
    6.5500000000E+01    1.0361395412E+19
    6.6500000000E+01    1.0233815007E+19
    6.7500000000E+01    1.0126140968E+19
    6.8500000000E+01    1.0045975842E+19
    6.9500000000E+01    1.0001786556E+19
    7.0500000000E+01    9.9975010679E+18
    7.1500000000E+01    1.0007931388E+19
    7.2500000000E+01    1.0019818450E+19
    7.3500000000E+01    1.0029806389E+19
    7.4500000000E+01    1.0034218696E+19
    7.5500000000E+01    1.0028934584E+19
    7.6500000000E+01    1.0009232020E+19
    7.7500000000E+01    9.9719452315E+18
    7.8500000000E+01    9.9266954757E+18
    7.9500000000E+01    9.8898337443E+18
    8.0500000000E+01    9.8813804331E+18
    8.1500000000E+01    9.9255908700E+18
    8.2500000000E+01    1.0050782508E+19
    8.3500000000E+01    1.0279609769E+19
    8.4500000000E+01    1.0608539808E+19
    8.5500000000E+01    1.1025716526E+19
    8.6500000000E+01    1.1505086801E+19
    8.7500000000E+01    1.2008617378E+19
    8.8500000000E+01    1.2497282588E+19
    8.9500000000E+01    1.2929336384E+19
    9.0500000000E+01    1.3255370325E+19
    9.1500000000E+01    1.3434305170E+19
    9.2500000000E+01    1.3490838943E+19
    9.3500000000E+01    1.3479376789E+19
    9.4500000000E+01    1.3484823255E+19
    9.5500000000E+01    1.3519960921E+19
    9.6500000000E+01    1.3517377013E+19
    9.7500000000E+01    1.3480810617E+19
    9.8500000000E+01    1.3404296243E+19
    9.9500000000E+01    1.3280478980E+19
