 # iter=         62  time[s]=   2.799395E-05  x[nm]  M[s/kg/m]
    5.0000000000E-01    1.5728603363E+19
    1.5000000000E+00    1.5721075302E+19
    2.5000000000E+00    1.5712074648E+19
    3.5000000000E+00    1.5701895763E+19
    4.5000000000E+00    1.5690845407E+19
    5.5000000000E+00    1.5679243437E+19
    6.5000000000E+00    1.5667398096E+19
    7.5000000000E+00    1.5655195367E+19
    8.5000000000E+00    1.5642148501E+19
    9.5000000000E+00    1.5627740254E+19
    1.0500000000E+01    1.5611433284E+19
    1.1500000000E+01    1.5592669114E+19
    1.2500000000E+01    1.5570951410E+19
    1.3500000000E+01    1.5546180731E+19
    1.4500000000E+01    1.5518382015E+19
    1.5500000000E+01    1.5487581672E+19
    1.6500000000E+01    1.5453807903E+19
    1.7500000000E+01    1.5417122435E+19
    1.8500000000E+01    1.5377678764E+19
    1.9500000000E+01    1.5335653297E+19
    2.0500000000E+01    1.5291231153E+19
    2.1500000000E+01    1.5244606677E+19
    2.2500000000E+01    1.5195983969E+19
    2.3500000000E+01    1.5145577437E+19
    2.4500000000E+01    1.5093612365E+19
    2.5500000000E+01    1.5040325508E+19
    2.6500000000E+01    1.4985965705E+19
    2.7500000000E+01    1.4930794507E+19
    2.8500000000E+01    1.4875086837E+19
    2.9500000000E+01    1.4819131656E+19
    3.0500000000E+01    1.4763209858E+19
    3.1500000000E+01    1.4707297956E+19
    3.2500000000E+01    1.4651135592E+19
    3.3500000000E+01    1.4594442892E+19
    3.4500000000E+01    1.4536924768E+19
    3.5500000000E+01    1.4478269954E+19
    3.6500000000E+01    1.4418149893E+19
    3.7500000000E+01    1.4356217443E+19
    3.8500000000E+01    1.4292105383E+19
    3.9500000000E+01    1.4225433460E+19
    4.0500000000E+01    1.4155880507E+19
    4.1500000000E+01    1.4083149827E+19
    4.2500000000E+01    1.4006924903E+19
    4.3500000000E+01    1.3926866627E+19
    4.4500000000E+01    1.3842610556E+19
    4.5500000000E+01    1.3753763684E+19
    4.6500000000E+01    1.3659900629E+19
    4.7500000000E+01    1.3560559109E+19
    4.8500000000E+01    1.3455234549E+19
    4.9500000000E+01    1.3343373620E+19
    5.0500000000E+01    1.3224415847E+19
    5.1500000000E+01    1.3098281075E+19
    5.2500000000E+01    1.2965215936E+19
    5.3500000000E+01    1.2825502697E+19
    5.4500000000E+01    1.2679462928E+19
    5.5500000000E+01    1.2527466872E+19
    5.6500000000E+01    1.2369944459E+19
    5.7500000000E+01    1.2207398226E+19
    5.8500000000E+01    1.2040418495E+19
    5.9500000000E+01    1.1869701127E+19
    6.0500000000E+01    1.1696068187E+19
    6.1500000000E+01    1.1520491810E+19
    6.2500000000E+01    1.1344121459E+19
    6.3500000000E+01    1.1168314576E+19
    6.4500000000E+01    1.0994670262E+19
    6.5500000000E+01    1.0825064141E+19
    6.6500000000E+01    1.0661642297E+19
    6.7500000000E+01    1.0506820066E+19
    6.8500000000E+01    1.0363345183E+19
    6.9500000000E+01    1.0234397945E+19
    7.0500000000E+01    1.0125345108E+19
    7.1500000000E+01    1.0044346902E+19
    7.2500000000E+01    1.0000730575E+19
    7.3500000000E+01    9.9981386680E+18
    7.4500000000E+01    1.0009178434E+19
    7.5500000000E+01    1.0021442003E+19
    7.6500000000E+01    1.0031158954E+19
    7.7500000000E+01    1.0034016253E+19
    7.8500000000E+01    1.0024981837E+19
    7.9500000000E+01    9.9980767933E+18
    8.0500000000E+01    9.9532911366E+18
    8.1500000000E+01    9.9064753472E+18
    8.2500000000E+01    9.8800711249E+18
    8.3500000000E+01    9.9030251341E+18
    8.4500000000E+01    1.0011593587E+19
    8.5500000000E+01    1.0242752012E+19
    8.6500000000E+01    1.0600882614E+19
    8.7500000000E+01    1.1072151998E+19
    8.8500000000E+01    1.1620585199E+19
    8.9500000000E+01    1.2191917222E+19
    9.0500000000E+01    1.2727646612E+19
    9.1500000000E+01    1.3159847823E+19
    9.2500000000E+01    1.3411577473E+19
    9.3500000000E+01    1.3490527625E+19
    9.4500000000E+01    1.3477016525E+19
    9.5500000000E+01    1.3495492034E+19
    9.6500000000E+01    1.3523620434E+19
    9.7500000000E+01    1.3497580218E+19
    9.8500000000E+01    1.3420855848E+19
    9.9500000000E+01    1.3280478980E+19
