 # iter=         43  time[s]=   1.849395E-05  x[nm]  M[s/kg/m]
    5.0000000000E-01    1.5728603363E+19
    1.5000000000E+00    1.5720902287E+19
    2.5000000000E+00    1.5711673235E+19
    3.5000000000E+00    1.5701229916E+19
    4.5000000000E+00    1.5689899541E+19
    5.5000000000E+00    1.5678023531E+19
    6.5000000000E+00    1.5665912283E+19
    7.5000000000E+00    1.5653373215E+19
    8.5000000000E+00    1.5639879788E+19
    9.5000000000E+00    1.5624879792E+19
    1.0500000000E+01    1.5607799502E+19
    1.1500000000E+01    1.5588042951E+19
    1.2500000000E+01    1.5565159202E+19
    1.3500000000E+01    1.5539110336E+19
    1.4500000000E+01    1.5509924873E+19
    1.5500000000E+01    1.5477633039E+19
    1.6500000000E+01    1.5442269063E+19
    1.7500000000E+01    1.5403932055E+19
    1.8500000000E+01    1.5362800531E+19
    1.9500000000E+01    1.5319066000E+19
    2.0500000000E+01    1.5272929384E+19
    2.1500000000E+01    1.5224601555E+19
    2.2500000000E+01    1.5174303900E+19
    2.3500000000E+01    1.5122268904E+19
    2.4500000000E+01    1.5068740750E+19
    2.5500000000E+01    1.5013975944E+19
    2.6500000000E+01    1.4958243958E+19
    2.7500000000E+01    1.4901827888E+19
    2.8500000000E+01    1.4845025129E+19
    2.9500000000E+01    1.4788147563E+19
    3.0500000000E+01    1.4731362731E+19
    3.1500000000E+01    1.4674454877E+19
    3.2500000000E+01    1.4617137945E+19
    3.3500000000E+01    1.4559110592E+19
    3.4500000000E+01    1.4500055288E+19
    3.5500000000E+01    1.4439637256E+19
    3.6500000000E+01    1.4377503248E+19
    3.7500000000E+01    1.4313280116E+19
    3.8500000000E+01    1.4246574784E+19
    3.9500000000E+01    1.4177030597E+19
    4.0500000000E+01    1.4104344732E+19
    4.1500000000E+01    1.4028199178E+19
    4.2500000000E+01    1.3948253863E+19
    4.3500000000E+01    1.3864144019E+19
    4.4500000000E+01    1.3775477075E+19
    4.5500000000E+01    1.3681828989E+19
    4.6500000000E+01    1.3582739908E+19
    4.7500000000E+01    1.3477708993E+19
    4.8500000000E+01    1.3366188233E+19
    4.9500000000E+01    1.3247593684E+19
    5.0500000000E+01    1.3121729226E+19
    5.1500000000E+01    1.2988841979E+19
    5.2500000000E+01    1.2849228907E+19
    5.3500000000E+01    1.2703225594E+19
    5.4500000000E+01    1.2551215398E+19
    5.5500000000E+01    1.2393640132E+19
    5.6500000000E+01    1.2231012567E+19
    5.7500000000E+01    1.2063931026E+19
    5.8500000000E+01    1.1893096382E+19
    5.9500000000E+01    1.1719331747E+19
    6.0500000000E+01    1.1543605107E+19
    6.1500000000E+01    1.1367055031E+19
    6.2500000000E+01    1.1191019438E+19
    6.3500000000E+01    1.1017067032E+19
    6.4500000000E+01    1.0847030279E+19
    6.5500000000E+01    1.0683005739E+19
    6.6500000000E+01    1.0527340267E+19
    6.7500000000E+01    1.0382690912E+19
    6.8500000000E+01    1.0252079603E+19
    6.9500000000E+01    1.0140272108E+19
    7.0500000000E+01    1.0054956088E+19
    7.1500000000E+01    1.0004994823E+19
    7.2500000000E+01    9.9966870471E+18
    7.3500000000E+01    1.0006900786E+19
    7.4500000000E+01    1.0019056109E+19
    7.5500000000E+01    1.0029493524E+19
    7.6500000000E+01    1.0034215698E+19
    7.7500000000E+01    1.0028630201E+19
    7.8500000000E+01    1.0007332947E+19
    7.9500000000E+01    9.9671570181E+18
    8.0500000000E+01    9.9198817010E+18
    8.1500000000E+01    9.8849327336E+18
    8.2500000000E+01    9.8870314874E+18
    8.3500000000E+01    9.9570958254E+18
    8.4500000000E+01    1.0131155861E+19
    8.5500000000E+01    1.0426686547E+19
    8.6500000000E+01    1.0834602910E+19
    8.7500000000E+01    1.1333904482E+19
    8.8500000000E+01    1.1880170795E+19
    8.9500000000E+01    1.2422975936E+19
    9.0500000000E+01    1.2907591212E+19
    9.1500000000E+01    1.3267960953E+19
    9.2500000000E+01    1.3450495358E+19
    9.3500000000E+01    1.3491450315E+19
    9.4500000000E+01    1.3474852789E+19
    9.5500000000E+01    1.3503358115E+19
    9.6500000000E+01    1.3522607992E+19
    9.7500000000E+01    1.3493147340E+19
    9.8500000000E+01    1.3416164465E+19
    9.9500000000E+01    1.3280478980E+19
