 # iter=         48  time[s]=   2.099395E-05  x[nm]  M[s/kg/m]
    5.0000000000E-01    1.5728603363E+19
    1.5000000000E+00    1.5720984477E+19
    2.5000000000E+00    1.5711863995E+19
    3.5000000000E+00    1.5701546342E+19
    4.5000000000E+00    1.5690348916E+19
    5.5000000000E+00    1.5678602787E+19
    6.5000000000E+00    1.5666618214E+19
    7.5000000000E+00    1.5654240381E+19
    8.5000000000E+00    1.5640961421E+19
    9.5000000000E+00    1.5626245932E+19
    1.0500000000E+01    1.5609537688E+19
    1.1500000000E+01    1.5590258562E+19
    1.2500000000E+01    1.5567931930E+19
    1.3500000000E+01    1.5542493683E+19
    1.4500000000E+01    1.5513970652E+19
    1.5500000000E+01    1.5482391241E+19
    1.6500000000E+01    1.5447786311E+19
    1.7500000000E+01    1.5410236135E+19
    1.8500000000E+01    1.5369908349E+19
    1.9500000000E+01    1.5326987204E+19
    2.0500000000E+01    1.5281666021E+19
    2.1500000000E+01    1.5234147720E+19
    2.2500000000E+01    1.5184645364E+19
    2.3500000000E+01    1.5133382730E+19
    2.4500000000E+01    1.5080594891E+19
    2.5500000000E+01    1.5026528828E+19
    2.6500000000E+01    1.4971444056E+19
    2.7500000000E+01    1.4915613272E+19
    2.8500000000E+01    1.4859323018E+19
    2.9500000000E+01    1.4802874362E+19
    3.0500000000E+01    1.4746509181E+19
    3.1500000000E+01    1.4690088446E+19
    3.2500000000E+01    1.4633336123E+19
    3.3500000000E+01    1.4575961267E+19
    3.4500000000E+01    1.4517657228E+19
    3.5500000000E+01    1.4458100635E+19
    3.6500000000E+01    1.4396950230E+19
    3.7500000000E+01    1.4333845505E+19
    3.8500000000E+01    1.4268405141E+19
    3.9500000000E+01    1.4200254968E+19
    4.0500000000E+01    1.4129089873E+19
    4.1500000000E+01    1.4054602480E+19
    4.2500000000E+01    1.3976464258E+19
    4.3500000000E+01    1.3894323024E+19
    4.4500000000E+01    1.3807800021E+19
    4.5500000000E+01    1.3716486473E+19
    4.6500000000E+01    1.3619939501E+19
    4.7500000000E+01    1.3517677283E+19
    4.8500000000E+01    1.3409173260E+19
    4.9500000000E+01    1.3293849395E+19
    5.0500000000E+01    1.3171279033E+19
    5.1500000000E+01    1.3041607377E+19
    5.2500000000E+01    1.2905108668E+19
    5.3500000000E+01    1.2762092146E+19
    5.4500000000E+01    1.2612910625E+19
    5.5500000000E+01    1.2457970534E+19
    5.6500000000E+01    1.2297743681E+19
    5.7500000000E+01    1.2132781028E+19
    5.8500000000E+01    1.1963728803E+19
    5.9500000000E+01    1.1791347254E+19
    6.0500000000E+01    1.1616532343E+19
    6.1500000000E+01    1.1440340602E+19
    6.2500000000E+01    1.1264017235E+19
    6.3500000000E+01    1.1089027275E+19
    6.4500000000E+01    1.0917089218E+19
    6.5500000000E+01    1.0750199647E+19
    6.6500000000E+01    1.0590604727E+19
    6.7500000000E+01    1.0440842985E+19
    6.8500000000E+01    1.0303793871E+19
    6.9500000000E+01    1.0183179642E+19
    7.0500000000E+01    1.0085786856E+19
    7.1500000000E+01    1.0020207980E+19
    7.2500000000E+01    9.9956761930E+18
    7.3500000000E+01    1.0002443911E+19
    7.4500000000E+01    1.0014352485E+19
    7.5500000000E+01    1.0025964747E+19
    7.6500000000E+01    1.0033395751E+19
    7.7500000000E+01    1.0032191925E+19
    7.8500000000E+01    1.0017136531E+19
    7.9500000000E+01    9.9828141190E+18
    8.0500000000E+01    9.9355545876E+18
    8.1500000000E+01    9.8936106994E+18
    8.2500000000E+01    9.8806261648E+18
    8.3500000000E+01    9.9266600174E+18
    8.4500000000E+01    1.0068395565E+19
    8.5500000000E+01    1.0334144652E+19
    8.6500000000E+01    1.0719351823E+19
    8.7500000000E+01    1.1207147233E+19
    8.8500000000E+01    1.1756131836E+19
    8.9500000000E+01    1.2313857693E+19
    9.0500000000E+01    1.2823896865E+19
    9.1500000000E+01    1.3219421939E+19
    9.2500000000E+01    1.3433794275E+19
    9.3500000000E+01    1.3491708822E+19
    9.4500000000E+01    1.3475443513E+19
    9.5500000000E+01    1.3499585799E+19
    9.6500000000E+01    1.3523171730E+19
    9.7500000000E+01    1.3495307514E+19
    9.8500000000E+01    1.3418415880E+19
    9.9500000000E+01    1.3280478980E+19
