 # iter=         38  time[s]=   1.599395E-05  x[nm]  M[s/kg/m]
    5.0000000000E-01    1.5728603363E+19
    1.5000000000E+00    1.5720765582E+19
    2.5000000000E+00    1.5711355673E+19
    3.5000000000E+00    1.5700703156E+19
    4.5000000000E+00    1.5689151972E+19
    5.5000000000E+00    1.5677061192E+19
    6.5000000000E+00    1.5664737443E+19
    7.5000000000E+00    1.5651924209E+19
    8.5000000000E+00    1.5638064544E+19
    9.5000000000E+00    1.5622577468E+19
    1.0500000000E+01    1.5604859274E+19
    1.1500000000E+01    1.5584286246E+19
    1.2500000000E+01    1.5560463271E+19
    1.3500000000E+01    1.5533385236E+19
    1.4500000000E+01    1.5503083504E+19
    1.5500000000E+01    1.5469591355E+19
    1.6500000000E+01    1.5432951992E+19
    1.7500000000E+01    1.5393297819E+19
    1.8500000000E+01    1.5350822506E+19
    1.9500000000E+01    1.5305729991E+19
    2.0500000000E+01    1.5258234223E+19
    2.1500000000E+01    1.5208559730E+19
    2.2500000000E+01    1.5156942205E+19
    2.3500000000E+01    1.5103629121E+19
    2.4500000000E+01    1.5048880362E+19
    2.5500000000E+01    1.4992968870E+19
    2.6500000000E+01    1.4936181314E+19
    2.7500000000E+01    1.4878818774E+19
    2.8500000000E+01    1.4821197432E+19
    2.9500000000E+01    1.4763627289E+19
    3.0500000000E+01    1.4706095072E+19
    3.1500000000E+01    1.4648319430E+19
    3.2500000000E+01    1.4589996976E+19
    3.3500000000E+01    1.4530808235E+19
    3.4500000000E+01    1.4470416670E+19
    3.5500000000E+01    1.4408467539E+19
    3.6500000000E+01    1.4344586559E+19
    3.7500000000E+01    1.4278378341E+19
    3.8500000000E+01    1.4209444798E+19
    3.9500000000E+01    1.4137461475E+19
    4.0500000000E+01    1.4062112592E+19
    4.1500000000E+01    1.3983061127E+19
    4.2500000000E+01    1.3899946328E+19
    4.3500000000E+01    1.3812380789E+19
    4.4500000000E+01    1.3719947004E+19
    4.5500000000E+01    1.3622193292E+19
    4.6500000000E+01    1.3518628948E+19
    4.7500000000E+01    1.3408718456E+19
    4.8500000000E+01    1.3291874857E+19
    4.9500000000E+01    1.3167678963E+19
    5.0500000000E+01    1.3036303800E+19
    5.1500000000E+01    1.2898051399E+19
    5.2500000000E+01    1.2753260342E+19
    5.3500000000E+01    1.2602314523E+19
    5.4500000000E+01    1.2445653335E+19
    5.5500000000E+01    1.2283783551E+19
    5.6500000000E+01    1.2117293144E+19
    5.7500000000E+01    1.1946867338E+19
    5.8500000000E+01    1.1773307164E+19
    5.9500000000E+01    1.1597550741E+19
    6.0500000000E+01    1.1420697434E+19
    6.1500000000E+01    1.1244034857E+19
    6.2500000000E+01    1.1069068418E+19
    6.3500000000E+01    1.0897552665E+19
    6.4500000000E+01    1.0731507941E+19
    6.5500000000E+01    1.0573190019E+19
    6.6500000000E+01    1.0425139024E+19
    6.7500000000E+01    1.0290218228E+19
    6.8500000000E+01    1.0172282231E+19
    6.9500000000E+01    1.0078225454E+19
    7.0500000000E+01    1.0016437854E+19
    7.1500000000E+01    9.9955430963E+18
    7.2500000000E+01    1.0003122876E+19
    7.3500000000E+01    1.0014947067E+19
    7.4500000000E+01    1.0026294612E+19
    7.5500000000E+01    1.0033453655E+19
    7.6500000000E+01    1.0032223135E+19
    7.7500000000E+01    1.0017748397E+19
    7.8500000000E+01    9.9849402786E+18
    7.9500000000E+01    9.9391780793E+18
    8.0500000000E+01    9.8970502059E+18
    8.1500000000E+01    9.8796725345E+18
    8.2500000000E+01    9.9134223159E+18
    8.3500000000E+01    1.0030171950E+19
    8.4500000000E+01    1.0259270791E+19
    8.5500000000E+01    1.0600554804E+19
    8.6500000000E+01    1.1041414349E+19
    8.7500000000E+01    1.1551864503E+19
    8.8500000000E+01    1.2087024811E+19
    8.9500000000E+01    1.2599721417E+19
    9.0500000000E+01    1.3037614266E+19
    9.1500000000E+01    1.3336905335E+19
    9.2500000000E+01    1.3471412903E+19
    9.3500000000E+01    1.3488803428E+19
    9.4500000000E+01    1.3475927696E+19
    9.5500000000E+01    1.3509524119E+19
    9.6500000000E+01    1.3521330371E+19
    9.7500000000E+01    1.3489344543E+19
    9.8500000000E+01    1.3412341600E+19
    9.9500000000E+01    1.3280478980E+19
