 # iter=         45  time[s]=   1.949395E-05  x[nm]  M[s/kg/m]
    5.0000000000E-01    1.5728603363E+19
    1.5000000000E+00    1.5720940340E+19
    2.5000000000E+00    1.5711761570E+19
    3.5000000000E+00    1.5701376443E+19
    4.5000000000E+00    1.5690107605E+19
    5.5000000000E+00    1.5678291658E+19
    6.5000000000E+00    1.5666239149E+19
    7.5000000000E+00    1.5653775062E+19
    8.5000000000E+00    1.5640381459E+19
    9.5000000000E+00    1.5625513956E+19
    1.0500000000E+01    1.5608606979E+19
    1.1500000000E+01    1.5589072780E+19
    1.2500000000E+01    1.5566447679E+19
    1.3500000000E+01    1.5540682287E+19
    1.4500000000E+01    1.5511804339E+19
    1.5500000000E+01    1.5479843217E+19
    1.6500000000E+01    1.5444831442E+19
    1.7500000000E+01    1.5406859221E+19
    1.8500000000E+01    1.5366100230E+19
    1.9500000000E+01    1.5322742600E+19
    2.0500000000E+01    1.5276983711E+19
    2.1500000000E+01    1.5229030730E+19
    2.2500000000E+01    1.5179101167E+19
    2.3500000000E+01    1.5127423445E+19
    2.4500000000E+01    1.5074237499E+19
    2.5500000000E+01    1.5019795394E+19
    2.6500000000E+01    1.4964361957E+19
    2.7500000000E+01    1.4908215429E+19
    2.8500000000E+01    1.4851648143E+19
    2.9500000000E+01    1.4794967187E+19
    3.0500000000E+01    1.4738379353E+19
    3.1500000000E+01    1.4681700210E+19
    3.2500000000E+01    1.4624648353E+19
    3.3500000000E+01    1.4566927300E+19
    3.4500000000E+01    1.4508224607E+19
    3.5500000000E+01    1.4448210832E+19
    3.6500000000E+01    1.4386538340E+19
    3.7500000000E+01    1.4322839899E+19
    3.8500000000E+01    1.4256727486E+19
    3.9500000000E+01    1.4187835373E+19
    4.0500000000E+01    1.4115860985E+19
    4.1500000000E+01    1.4040491306E+19
    4.2500000000E+01    1.3961391687E+19
    4.3500000000E+01    1.3878203280E+19
    4.4500000000E+01    1.3790540013E+19
    4.5500000000E+01    1.3697985034E+19
    4.6500000000E+01    1.3600086488E+19
    4.7500000000E+01    1.3496352504E+19
    4.8500000000E+01    1.3386245193E+19
    4.9500000000E+01    1.3269178353E+19
    5.0500000000E+01    1.3144841176E+19
    5.1500000000E+01    1.3013444092E+19
    5.2500000000E+01    1.2875273340E+19
    5.3500000000E+01    1.2730652071E+19
    5.4500000000E+01    1.2579949221E+19
    5.5500000000E+01    1.2423589898E+19
    5.6500000000E+01    1.2262067531E+19
    5.7500000000E+01    1.2095958080E+19
    5.8500000000E+01    1.1925936624E+19
    5.9500000000E+01    1.1752796608E+19
    6.0500000000E+01    1.1577472046E+19
    6.1500000000E+01    1.1401062840E+19
    6.2500000000E+01    1.1224863254E+19
    6.3500000000E+01    1.1050393242E+19
    6.4500000000E+01    1.0879431929E+19
    6.5500000000E+01    1.0714030960E+19
    6.6500000000E+01    1.0556488798E+19
    6.7500000000E+01    1.0409407046E+19
    6.8500000000E+01    1.0275732084E+19
    6.9500000000E+01    1.0159681640E+19
    7.0500000000E+01    1.0068588203E+19
    7.1500000000E+01    1.0011195339E+19
    7.2500000000E+01    9.9957308226E+18
    7.3500000000E+01    1.0004783838E+19
    7.4500000000E+01    1.0016890495E+19
    7.5500000000E+01    1.0027943258E+19
    7.6500000000E+01    1.0033997610E+19
    7.7500000000E+01    1.0030526944E+19
    7.8500000000E+01    1.0012216526E+19
    7.9500000000E+01    9.9745801087E+18
    8.0500000000E+01    9.9270374815E+18
    8.1500000000E+01    9.8885320613E+18
    8.2500000000E+01    9.8832900301E+18
    8.3500000000E+01    9.9418529096E+18
    8.4500000000E+01    1.0100755378E+19
    8.5500000000E+01    1.0382693672E+19
    8.6500000000E+01    1.0780318228E+19
    8.7500000000E+01    1.1274735440E+19
    8.8500000000E+01    1.1822636761E+19
    8.9500000000E+01    1.2372653712E+19
    9.0500000000E+01    1.2869293569E+19
    9.1500000000E+01    1.3246153141E+19
    9.2500000000E+01    1.3443159307E+19
    9.3500000000E+01    1.3491713969E+19
    9.4500000000E+01    1.3475010842E+19
    9.5500000000E+01    1.3501609457E+19
    9.6500000000E+01    1.3522887862E+19
    9.7500000000E+01    1.3494159519E+19
    9.8500000000E+01    1.3417211642E+19
    9.9500000000E+01    1.3280478980E+19
