 # iter=         20  time[s]=   6.993954E-06  x[nm]  M[s/kg/m]
    5.0000000000E-01    1.5728603363E+19
    1.5000000000E+00    1.5719236990E+19
    2.5000000000E+00    1.5707784616E+19
    3.5000000000E+00    1.5694785928E+19
    4.5000000000E+00    1.5680808346E+19
    5.5000000000E+00    1.5666409962E+19
    6.5000000000E+00    1.5651421863E+19
    7.5000000000E+00    1.5634971906E+19
    8.5000000000E+00    1.5616124115E+19
    9.5000000000E+00    1.5593902238E+19
    1.0500000000E+01    1.5567420239E+19
    1.1500000000E+01    1.5536490196E+19
    1.2500000000E+01    1.5501171114E+19
    1.3500000000E+01    1.5461526143E+19
    1.4500000000E+01    1.5417653374E+19
    1.5500000000E+01    1.5369814250E+19
    1.6500000000E+01    1.5318334538E+19
    1.7500000000E+01    1.5263556973E+19
    1.8500000000E+01    1.5205842218E+19
    1.9500000000E+01    1.5145569888E+19
    2.0500000000E+01    1.5083139614E+19
    2.1500000000E+01    1.5018972122E+19
    2.2500000000E+01    1.4953510329E+19
    2.3500000000E+01    1.4887220442E+19
    2.4500000000E+01    1.4820593017E+19
    2.5500000000E+01    1.4754097984E+19
    2.6500000000E+01    1.4687672912E+19
    2.7500000000E+01    1.4620880624E+19
    2.8500000000E+01    1.4553253826E+19
    2.9500000000E+01    1.4484300202E+19
    3.0500000000E+01    1.4413500938E+19
    3.1500000000E+01    1.4340308911E+19
    3.2500000000E+01    1.4264146539E+19
    3.3500000000E+01    1.4184455352E+19
    3.4500000000E+01    1.4100786649E+19
    3.5500000000E+01    1.4012687172E+19
    3.6500000000E+01    1.3919672857E+19
    3.7500000000E+01    1.3821224918E+19
    3.8500000000E+01    1.3716785175E+19
    3.9500000000E+01    1.3605750457E+19
    4.0500000000E+01    1.3487465880E+19
    4.1500000000E+01    1.3361216722E+19
    4.2500000000E+01    1.3226264817E+19
    4.3500000000E+01    1.3082523944E+19
    4.4500000000E+01    1.2930479286E+19
    4.5500000000E+01    1.2770682194E+19
    4.6500000000E+01    1.2603747950E+19
    4.7500000000E+01    1.2430369829E+19
    4.8500000000E+01    1.2251335087E+19
    4.9500000000E+01    1.2067543095E+19
    5.0500000000E+01    1.1880025775E+19
    5.1500000000E+01    1.1689970369E+19
    5.2500000000E+01    1.1498744425E+19
    5.3500000000E+01    1.1307922578E+19
    5.4500000000E+01    1.1119314278E+19
    5.5500000000E+01    1.0934991050E+19
    5.6500000000E+01    1.0757302210E+19
    5.7500000000E+01    1.0588827662E+19
    5.8500000000E+01    1.0432409404E+19
    5.9500000000E+01    1.0291176254E+19
    6.0500000000E+01    1.0169230020E+19
    6.1500000000E+01    1.0073806761E+19
    6.2500000000E+01    1.0013353540E+19
    6.3500000000E+01    9.9955937080E+18
    6.4500000000E+01    1.0004043544E+19
    6.5500000000E+01    1.0015821685E+19
    6.6500000000E+01    1.0026781140E+19
    6.7500000000E+01    1.0033511327E+19
    6.8500000000E+01    1.0032426564E+19
    6.9500000000E+01    1.0019702868E+19
    7.0500000000E+01    9.9914339003E+18
    7.1500000000E+01    9.9508140448E+18
    7.2500000000E+01    9.9100306125E+18
    7.3500000000E+01    9.8830890048E+18
    7.4500000000E+01    9.8855066238E+18
    7.5500000000E+01    9.9341149601E+18
    7.6500000000E+01    1.0046423273E+19
    7.7500000000E+01    1.0234451151E+19
    7.8500000000E+01    1.0492694344E+19
    7.9500000000E+01    1.0811390029E+19
    8.0500000000E+01    1.1177868407E+19
    8.1500000000E+01    1.1571263600E+19
    8.2500000000E+01    1.1970662628E+19
    8.3500000000E+01    1.2356833557E+19
    8.4500000000E+01    1.2711438476E+19
    8.5500000000E+01    1.3015841527E+19
    8.6500000000E+01    1.3249462614E+19
    8.7500000000E+01    1.3397349302E+19
    8.8500000000E+01    1.3471649050E+19
    8.9500000000E+01    1.3491750639E+19
    9.0500000000E+01    1.3482008936E+19
    9.1500000000E+01    1.3475696084E+19
    9.2500000000E+01    1.3493896165E+19
    9.3500000000E+01    1.3518737412E+19
    9.4500000000E+01    1.3522571621E+19
    9.5500000000E+01    1.3509651070E+19
    9.6500000000E+01    1.3481515443E+19
    9.7500000000E+01    1.3435532946E+19
    9.8500000000E+01    1.3368796344E+19
    9.9500000000E+01    1.3280478980E+19
