 # iter=         22  time[s]=   7.993954E-06  x[nm]  M[s/kg/m]
    5.0000000000E-01    1.5728603363E+19
    1.5000000000E+00    1.5719536440E+19
    2.5000000000E+00    1.5708486768E+19
    3.5000000000E+00    1.5695947839E+19
    4.5000000000E+00    1.5682437789E+19
    5.5000000000E+00    1.5668485348E+19
    6.5000000000E+00    1.5654069644E+19
    7.5000000000E+00    1.5638421534E+19
    8.5000000000E+00    1.5620689188E+19
    9.5000000000E+00    1.5599984930E+19
    1.0500000000E+01    1.5575425274E+19
    1.1500000000E+01    1.5546657487E+19
    1.2500000000E+01    1.5513725398E+19
    1.3500000000E+01    1.5476684795E+19
    1.4500000000E+01    1.5435600810E+19
    1.5500000000E+01    1.5390652087E+19
    1.6500000000E+01    1.5342127126E+19
    1.7500000000E+01    1.5290332808E+19
    1.8500000000E+01    1.5235591724E+19
    1.9500000000E+01    1.5178243073E+19
    2.0500000000E+01    1.5118643586E+19
    2.1500000000E+01    1.5057168480E+19
    2.2500000000E+01    1.4994212431E+19
    2.3500000000E+01    1.4930190552E+19
    2.4500000000E+01    1.4865539375E+19
    2.5500000000E+01    1.4800717798E+19
    2.6500000000E+01    1.4736078134E+19
    2.7500000000E+01    1.4671390974E+19
    2.8500000000E+01    1.4606241633E+19
    2.9500000000E+01    1.4540193440E+19
    3.0500000000E+01    1.4472786612E+19
    3.1500000000E+01    1.4403536849E+19
    3.2500000000E+01    1.4331933617E+19
    3.3500000000E+01    1.4257438438E+19
    3.4500000000E+01    1.4179542087E+19
    3.5500000000E+01    1.4097831656E+19
    3.6500000000E+01    1.4011883862E+19
    3.7500000000E+01    1.3921246861E+19
    3.8500000000E+01    1.3825436668E+19
    3.9500000000E+01    1.3723932908E+19
    4.0500000000E+01    1.3616173739E+19
    4.1500000000E+01    1.3501549774E+19
    4.2500000000E+01    1.3379396766E+19
    4.3500000000E+01    1.3249004181E+19
    4.4500000000E+01    1.3110145113E+19
    4.5500000000E+01    1.2963232001E+19
    4.6500000000E+01    1.2808757562E+19
    4.7500000000E+01    1.2647270433E+19
    4.8500000000E+01    1.2479387589E+19
    4.9500000000E+01    1.2305808515E+19
    5.0500000000E+01    1.2127331332E+19
    5.1500000000E+01    1.1944871068E+19
    5.2500000000E+01    1.1759480183E+19
    5.3500000000E+01    1.1572371352E+19
    5.4500000000E+01    1.1384942266E+19
    5.5500000000E+01    1.1198801961E+19
    5.6500000000E+01    1.1015797671E+19
    5.7500000000E+01    1.0838040099E+19
    5.8500000000E+01    1.0667885583E+19
    5.9500000000E+01    1.0507918645E+19
    6.0500000000E+01    1.0361000025E+19
    6.1500000000E+01    1.0230346037E+19
    6.2500000000E+01    1.0121336376E+19
    6.3500000000E+01    1.0041791028E+19
    6.4500000000E+01    1.0000122141E+19
    6.5500000000E+01    9.9982059917E+18
    6.6500000000E+01    1.0008868687E+19
    6.7500000000E+01    1.0020629532E+19
    6.8500000000E+01    1.0030228035E+19
    6.9500000000E+01    1.0034223168E+19
    7.0500000000E+01    1.0028937243E+19
    7.1500000000E+01    1.0010368602E+19
    7.2500000000E+01    9.9758095766E+18
    7.3500000000E+01    9.9332828580E+18
    7.4500000000E+01    9.8961544448E+18
    7.5500000000E+01    9.8795705668E+18
    7.6500000000E+01    9.9005478454E+18
    7.7500000000E+01    9.9776672625E+18
    7.8500000000E+01    1.0129474719E+19
    7.9500000000E+01    1.0360387826E+19
    8.0500000000E+01    1.0661607332E+19
    8.1500000000E+01    1.1022410754E+19
    8.2500000000E+01    1.1423708244E+19
    8.3500000000E+01    1.1841553318E+19
    8.4500000000E+01    1.2253405707E+19
    8.5500000000E+01    1.2637556063E+19
    8.6500000000E+01    1.2971771796E+19
    8.7500000000E+01    1.3231243874E+19
    8.8500000000E+01    1.3394756329E+19
    8.9500000000E+01    1.3473790559E+19
    9.0500000000E+01    1.3491569801E+19
    9.1500000000E+01    1.3479044644E+19
    9.2500000000E+01    1.3479041327E+19
    9.3500000000E+01    1.3504361764E+19
    9.4500000000E+01    1.3523950580E+19
    9.5500000000E+01    1.3516708006E+19
    9.6500000000E+01    1.3492085615E+19
    9.7500000000E+01    1.3446772869E+19
    9.8500000000E+01    1.3376821537E+19
    9.9500000000E+01    1.3280478980E+19
