 # iter=         26  time[s]=   9.993954E-06  x[nm]  M[s/kg/m]
    5.0000000000E-01    1.5728603363E+19
    1.5000000000E+00    1.5720010352E+19
    2.5000000000E+00    1.5709595605E+19
    3.5000000000E+00    1.5697784616E+19
    4.5000000000E+00    1.5685023130E+19
    5.5000000000E+00    1.5671776853E+19
    6.5000000000E+00    1.5658213705E+19
    7.5000000000E+00    1.5643741875E+19
    8.5000000000E+00    1.5627632215E+19
    9.5000000000E+00    1.5609125870E+19
    1.0500000000E+01    1.5587433679E+19
    1.1500000000E+01    1.5561966010E+19
    1.2500000000E+01    1.5532682212E+19
    1.3500000000E+01    1.5499627385E+19
    1.4500000000E+01    1.5462849483E+19
    1.5500000000E+01    1.5422420932E+19
    1.6500000000E+01    1.5378542307E+19
    1.7500000000E+01    1.5331469055E+19
    1.8500000000E+01    1.5281469356E+19
    1.9500000000E+01    1.5228824788E+19
    2.0500000000E+01    1.5173831073E+19
    2.1500000000E+01    1.5116798855E+19
    2.2500000000E+01    1.5058054496E+19
    2.3500000000E+01    1.4997940894E+19
    2.4500000000E+01    1.4936818311E+19
    2.5500000000E+01    1.4875065200E+19
    2.6500000000E+01    1.4813079035E+19
    2.7500000000E+01    1.4751221399E+19
    2.8500000000E+01    1.4689389001E+19
    2.9500000000E+01    1.4627224548E+19
    3.0500000000E+01    1.4564350078E+19
    3.1500000000E+01    1.4500367873E+19
    3.2500000000E+01    1.4434859306E+19
    3.3500000000E+01    1.4367383442E+19
    3.4500000000E+01    1.4297475355E+19
    3.5500000000E+01    1.4224653330E+19
    3.6500000000E+01    1.4148511226E+19
    3.7500000000E+01    1.4068683433E+19
    3.8500000000E+01    1.3984781564E+19
    3.9500000000E+01    1.3896390698E+19
    4.0500000000E+01    1.3803066073E+19
    4.1500000000E+01    1.3704329159E+19
    4.2500000000E+01    1.3599662995E+19
    4.3500000000E+01    1.3488506618E+19
    4.4500000000E+01    1.3370248382E+19
    4.5500000000E+01    1.3244239893E+19
    4.6500000000E+01    1.3110302522E+19
    4.7500000000E+01    1.2968794801E+19
    4.8500000000E+01    1.2820137571E+19
    4.9500000000E+01    1.2664800062E+19
    5.0500000000E+01    1.2503310678E+19
    5.1500000000E+01    1.2336269375E+19
    5.2500000000E+01    1.2164361836E+19
    5.3500000000E+01    1.1988375669E+19
    5.4500000000E+01    1.1809218786E+19
    5.5500000000E+01    1.1627940078E+19
    5.6500000000E+01    1.1445752342E+19
    5.7500000000E+01    1.1264057217E+19
    5.8500000000E+01    1.1084471557E+19
    5.9500000000E+01    1.0908854168E+19
    6.0500000000E+01    1.0739318257E+19
    6.1500000000E+01    1.0578192742E+19
    6.2500000000E+01    1.0428063715E+19
    6.3500000000E+01    1.0291800924E+19
    6.4500000000E+01    1.0173187852E+19
    6.5500000000E+01    1.0078942458E+19
    6.6500000000E+01    1.0017062459E+19
    6.7500000000E+01    9.9955685313E+18
    6.8500000000E+01    1.0002669943E+19
    6.9500000000E+01    1.0014170006E+19
    7.0500000000E+01    1.0025367236E+19
    7.1500000000E+01    1.0032920253E+19
    7.2500000000E+01    1.0033209187E+19
    7.3500000000E+01    1.0022246634E+19
    7.4500000000E+01    9.9956412183E+18
    7.5500000000E+01    9.9548848785E+18
    7.6500000000E+01    9.9123386592E+18
    7.7500000000E+01    9.8834176783E+18
    7.8500000000E+01    9.8862025930E+18
    7.9500000000E+01    9.9415274025E+18
    8.0500000000E+01    1.0072378129E+19
    8.1500000000E+01    1.0293289050E+19
    8.2500000000E+01    1.0598130553E+19
    8.3500000000E+01    1.0976208840E+19
    8.4500000000E+01    1.1407329890E+19
    8.5500000000E+01    1.1862166595E+19
    8.6500000000E+01    1.2311721989E+19
    8.7500000000E+01    1.2726824477E+19
    8.8500000000E+01    1.3075869287E+19
    8.9500000000E+01    1.3321894119E+19
    9.0500000000E+01    1.3451552125E+19
    9.1500000000E+01    1.3491321948E+19
    9.2500000000E+01    1.3480772397E+19
    9.3500000000E+01    1.3479536461E+19
    9.4500000000E+01    1.3509582042E+19
    9.5500000000E+01    1.3523285751E+19
    9.6500000000E+01    1.3506715879E+19
    9.7500000000E+01    1.3464427985E+19
    9.8500000000E+01    1.3390348313E+19
    9.9500000000E+01    1.3280478980E+19
