 # iter=         49  time[s]=   2.149395E-05  x[nm]  M[s/kg/m]
    5.0000000000E-01    1.5728603363E+19
    1.5000000000E+00    1.5720996359E+19
    2.5000000000E+00    1.5711891561E+19
    3.5000000000E+00    1.5701592068E+19
    4.5000000000E+00    1.5690413873E+19
    5.5000000000E+00    1.5678686564E+19
    6.5000000000E+00    1.5666720247E+19
    7.5000000000E+00    1.5654365503E+19
    8.5000000000E+00    1.5641117196E+19
    9.5000000000E+00    1.5626442325E+19
    1.0500000000E+01    1.5609787161E+19
    1.1500000000E+01    1.5590576168E+19
    1.2500000000E+01    1.5568329599E+19
    1.3500000000E+01    1.5542979115E+19
    1.4500000000E+01    1.5514551300E+19
    1.5500000000E+01    1.5483074298E+19
    1.6500000000E+01    1.5448578571E+19
    1.7500000000E+01    1.5411141807E+19
    1.8500000000E+01    1.5370929930E+19
    1.9500000000E+01    1.5328126154E+19
    2.0500000000E+01    1.5282922716E+19
    2.1500000000E+01    1.5235521401E+19
    2.2500000000E+01    1.5186134087E+19
    2.3500000000E+01    1.5134983308E+19
    2.4500000000E+01    1.5082302842E+19
    2.5500000000E+01    1.5028338314E+19
    2.6500000000E+01    1.4973347822E+19
    2.7500000000E+01    1.4917602586E+19
    2.8500000000E+01    1.4861387604E+19
    2.9500000000E+01    1.4805002340E+19
    3.0500000000E+01    1.4748696129E+19
    3.1500000000E+01    1.4692343705E+19
    3.2500000000E+01    1.4635670572E+19
    3.3500000000E+01    1.4578387259E+19
    3.4500000000E+01    1.4520188655E+19
    3.5500000000E+01    1.4460753002E+19
    3.6500000000E+01    1.4399740736E+19
    3.7500000000E+01    1.4336793133E+19
    3.8500000000E+01    1.4271530745E+19
    3.9500000000E+01    1.4203577675E+19
    4.0500000000E+01    1.4132627534E+19
    4.1500000000E+01    1.4058374437E+19
    4.2500000000E+01    1.3980491466E+19
    4.3500000000E+01    1.3898628198E+19
    4.4500000000E+01    1.3812407806E+19
    4.5500000000E+01    1.3721423637E+19
    4.6500000000E+01    1.3625235178E+19
    4.7500000000E+01    1.3523363248E+19
    4.8500000000E+01    1.3415284265E+19
    4.9500000000E+01    1.3300423379E+19
    5.0500000000E+01    1.3178327692E+19
    5.1500000000E+01    1.3049119862E+19
    5.2500000000E+01    1.2913070976E+19
    5.3500000000E+01    1.2770486621E+19
    5.4500000000E+01    1.2621715380E+19
    5.5500000000E+01    1.2467158780E+19
    5.6500000000E+01    1.2307282950E+19
    5.7500000000E+01    1.2142632292E+19
    5.8500000000E+01    1.1973845459E+19
    5.9500000000E+01    1.1801673980E+19
    6.0500000000E+01    1.1627003817E+19
    6.1500000000E+01    1.1450880094E+19
    6.2500000000E+01    1.1274535094E+19
    6.3500000000E+01    1.1099419359E+19
    6.4500000000E+01    1.0927235358E+19
    6.5500000000E+01    1.0759964301E+19
    6.6500000000E+01    1.0599838880E+19
    6.7500000000E+01    1.0449380927E+19
    6.8500000000E+01    1.0311452383E+19
    6.9500000000E+01    1.0189672023E+19
    7.0500000000E+01    1.0090655616E+19
    7.1500000000E+01    1.0022951584E+19
    7.2500000000E+01    9.9959041583E+18
    7.3500000000E+01    1.0001838745E+19
    7.4500000000E+01    1.0013668617E+19
    7.5500000000E+01    1.0025403815E+19
    7.6500000000E+01    1.0033175152E+19
    7.7500000000E+01    1.0032548151E+19
    7.8500000000E+01    1.0018331484E+19
    7.9500000000E+01    9.9849491031E+18
    8.0500000000E+01    9.9378712617E+18
    8.1500000000E+01    9.8951243299E+18
    8.2500000000E+01    9.8801944723E+18
    8.3500000000E+01    9.9230034863E+18
    8.4500000000E+01    1.0060217514E+19
    8.5500000000E+01    1.0321534666E+19
    8.6500000000E+01    1.0703314254E+19
    8.7500000000E+01    1.1189160908E+19
    8.8500000000E+01    1.1738286810E+19
    8.9500000000E+01    1.2297966231E+19
    9.0500000000E+01    1.2811510947E+19
    9.1500000000E+01    1.3211967255E+19
    9.2500000000E+01    1.3431114429E+19
    9.3500000000E+01    1.3491646681E+19
    9.4500000000E+01    1.3475601168E+19
    9.5500000000E+01    1.3499043548E+19
    9.6500000000E+01    1.3523240731E+19
    9.7500000000E+01    1.3495611718E+19
    9.8500000000E+01    1.3418738059E+19
    9.9500000000E+01    1.3280478980E+19
