 # iter=         37  time[s]=   1.549395E-05  x[nm]  M[s/kg/m]
    5.0000000000E-01    1.5728603363E+19
    1.5000000000E+00    1.5720729201E+19
    2.5000000000E+00    1.5711271107E+19
    3.5000000000E+00    1.5700562885E+19
    4.5000000000E+00    1.5688953012E+19
    5.5000000000E+00    1.5676805352E+19
    6.5000000000E+00    1.5664424608E+19
    7.5000000000E+00    1.5651537132E+19
    8.5000000000E+00    1.5637577970E+19
    9.5000000000E+00    1.5621958315E+19
    1.0500000000E+01    1.5604066297E+19
    1.1500000000E+01    1.5583271577E+19
    1.2500000000E+01    1.5559196036E+19
    1.3500000000E+01    1.5531841306E+19
    1.4500000000E+01    1.5501239513E+19
    1.5500000000E+01    1.5467424755E+19
    1.6500000000E+01    1.5430443569E+19
    1.7500000000E+01    1.5390437217E+19
    1.8500000000E+01    1.5347602974E+19
    1.9500000000E+01    1.5302148165E+19
    2.0500000000E+01    1.5254290289E+19
    2.1500000000E+01    1.5204257600E+19
    2.2500000000E+01    1.5152289699E+19
    2.3500000000E+01    1.5098638158E+19
    2.4500000000E+01    1.5043567155E+19
    2.5500000000E+01    1.4987354136E+19
    2.6500000000E+01    1.4930290485E+19
    2.7500000000E+01    1.4872682213E+19
    2.8500000000E+01    1.4814850662E+19
    2.9500000000E+01    1.4757096041E+19
    3.0500000000E+01    1.4699354295E+19
    3.1500000000E+01    1.4641335342E+19
    3.2500000000E+01    1.4582731014E+19
    3.3500000000E+01    1.4523216831E+19
    3.4500000000E+01    1.4462450999E+19
    3.5500000000E+01    1.4400073246E+19
    3.6500000000E+01    1.4335703452E+19
    3.7500000000E+01    1.4268940055E+19
    3.8500000000E+01    1.4199389038E+19
    3.9500000000E+01    1.4126730760E+19
    4.0500000000E+01    1.4050644510E+19
    4.1500000000E+01    1.3970787918E+19
    4.2500000000E+01    1.3886794396E+19
    4.3500000000E+01    1.3798270133E+19
    4.4500000000E+01    1.3704790552E+19
    4.5500000000E+01    1.3605896111E+19
    4.6500000000E+01    1.3501087305E+19
    4.7500000000E+01    1.3389818698E+19
    4.8500000000E+01    1.3271495824E+19
    4.9500000000E+01    1.3145797045E+19
    5.0500000000E+01    1.3012950996E+19
    5.1500000000E+01    1.2873269986E+19
    5.2500000000E+01    1.2727104546E+19
    5.3500000000E+01    1.2574852440E+19
    5.4500000000E+01    1.2416969169E+19
    5.5500000000E+01    1.2253980175E+19
    5.6500000000E+01    1.2086495040E+19
    5.7500000000E+01    1.1915223951E+19
    5.8500000000E+01    1.1740996674E+19
    5.9500000000E+01    1.1564784264E+19
    6.0500000000E+01    1.1387723618E+19
    6.1500000000E+01    1.1211144767E+19
    6.2500000000E+01    1.1036600549E+19
    6.3500000000E+01    1.0865897728E+19
    6.4500000000E+01    1.0701102408E+19
    6.5500000000E+01    1.0544517105E+19
    6.6500000000E+01    1.0398736629E+19
    6.7500000000E+01    1.0266685429E+19
    6.8500000000E+01    1.0152691741E+19
    6.9500000000E+01    1.0064055989E+19
    7.0500000000E+01    1.0009288980E+19
    7.1500000000E+01    9.9958899034E+18
    7.2500000000E+01    1.0005146505E+19
    7.3500000000E+01    1.0017116589E+19
    7.4500000000E+01    1.0027977684E+19
    7.5500000000E+01    1.0033969590E+19
    7.6500000000E+01    1.0030832529E+19
    7.7500000000E+01    1.0013634103E+19
    7.8500000000E+01    9.9779415950E+18
    7.9500000000E+01    9.9317150191E+18
    8.0500000000E+01    9.8921316015E+18
    8.1500000000E+01    9.8807584271E+18
    8.2500000000E+01    9.9243612783E+18
    8.3500000000E+01    1.0054927555E+19
    8.4500000000E+01    1.0298253853E+19
    8.5500000000E+01    1.0650839705E+19
    8.6500000000E+01    1.1099149019E+19
    8.7500000000E+01    1.1610905877E+19
    8.8500000000E+01    1.2141770219E+19
    8.9500000000E+01    1.2645381425E+19
    9.0500000000E+01    1.3069934248E+19
    9.1500000000E+01    1.3352812968E+19
    9.2500000000E+01    1.3475612136E+19
    9.3500000000E+01    1.3487749893E+19
    9.4500000000E+01    1.3476618078E+19
    9.5500000000E+01    1.3511095309E+19
    9.6500000000E+01    1.3520918001E+19
    9.7500000000E+01    1.3488289996E+19
    9.8500000000E+01    1.3411310065E+19
    9.9500000000E+01    1.3280478980E+19
