 # iter=         68  time[s]=   3.099395E-05  x[nm]  M[s/kg/m]
    5.0000000000E-01    1.5728603363E+19
    1.5000000000E+00    1.5721087450E+19
    2.5000000000E+00    1.5712102812E+19
    3.5000000000E+00    1.5701942479E+19
    4.5000000000E+00    1.5690911805E+19
    5.5000000000E+00    1.5679329166E+19
    6.5000000000E+00    1.5667502397E+19
    7.5000000000E+00    1.5655322847E+19
    8.5000000000E+00    1.5642306639E+19
    9.5000000000E+00    1.5627938922E+19
    1.0500000000E+01    1.5611684846E+19
    1.1500000000E+01    1.5592988525E+19
    1.2500000000E+01    1.5571351706E+19
    1.3500000000E+01    1.5546669738E+19
    1.4500000000E+01    1.5518967281E+19
    1.5500000000E+01    1.5488270480E+19
    1.6500000000E+01    1.5454607231E+19
    1.7500000000E+01    1.5418037020E+19
    1.8500000000E+01    1.5378711257E+19
    1.9500000000E+01    1.5336805312E+19
    2.0500000000E+01    1.5292503224E+19
    2.1500000000E+01    1.5245998207E+19
    2.2500000000E+01    1.5197493180E+19
    2.3500000000E+01    1.5147201317E+19
    2.4500000000E+01    1.5095346616E+19
    2.5500000000E+01    1.5042164487E+19
    2.6500000000E+01    1.4987902365E+19
    2.7500000000E+01    1.4932820340E+19
    2.8500000000E+01    1.4877191808E+19
    2.9500000000E+01    1.4821304143E+19
    3.0500000000E+01    1.4765440718E+19
    3.1500000000E+01    1.4709594561E+19
    3.2500000000E+01    1.4653508440E+19
    3.3500000000E+01    1.4596903930E+19
    3.4500000000E+01    1.4539487454E+19
    3.5500000000E+01    1.4480949325E+19
    3.6500000000E+01    1.4420962643E+19
    3.7500000000E+01    1.4359182007E+19
    3.8500000000E+01    1.4295242032E+19
    3.9500000000E+01    1.4228762757E+19
    4.0500000000E+01    1.4159420060E+19
    4.1500000000E+01    1.4086918407E+19
    4.2500000000E+01    1.4010942833E+19
    4.3500000000E+01    1.3931155914E+19
    4.4500000000E+01    1.3847195049E+19
    4.5500000000E+01    1.3758669259E+19
    4.6500000000E+01    1.3665155404E+19
    4.7500000000E+01    1.3566193705E+19
    4.8500000000E+01    1.3461282398E+19
    4.9500000000E+01    1.3349871333E+19
    5.0500000000E+01    1.3231392353E+19
    5.1500000000E+01    1.3105728964E+19
    5.2500000000E+01    1.2973122012E+19
    5.3500000000E+01    1.2833850315E+19
    5.4500000000E+01    1.2688231453E+19
    5.5500000000E+01    1.2536631051E+19
    5.6500000000E+01    1.2379473691E+19
    5.7500000000E+01    1.2217255730E+19
    5.8500000000E+01    1.2050560351E+19
    5.9500000000E+01    1.1880075191E+19
    6.0500000000E+01    1.1706612863E+19
    6.1500000000E+01    1.1531134694E+19
    6.2500000000E+01    1.1354777867E+19
    6.3500000000E+01    1.1178885976E+19
    6.4500000000E+01    1.1005042705E+19
    6.5500000000E+01    1.0835107169E+19
    6.6500000000E+01    1.0671212166E+19
    6.7500000000E+01    1.0515757473E+19
    6.8500000000E+01    1.0371473602E+19
    6.9500000000E+01    1.0241502458E+19
    7.0500000000E+01    1.0131017899E+19
    7.1500000000E+01    1.0048098761E+19
    7.2500000000E+01    1.0002038359E+19
    7.3500000000E+01    9.9976375109E+18
    7.4500000000E+01    1.0008502478E+19
    7.5500000000E+01    1.0020803992E+19
    7.6500000000E+01    1.0030772855E+19
    7.7500000000E+01    1.0034113953E+19
    7.8500000000E+01    1.0025818356E+19
    7.9500000000E+01    9.9999143050E+18
    8.0500000000E+01    9.9556428750E+18
    8.1500000000E+01    9.9083900357E+18
    8.2500000000E+01    9.8804382171E+18
    8.3500000000E+01    9.9005760242E+18
    8.4500000000E+01    1.0004971295E+19
    8.5500000000E+01    1.0231405031E+19
    8.6500000000E+01    1.0585766325E+19
    8.7500000000E+01    1.1054560068E+19
    8.8500000000E+01    1.1602633934E+19
    8.9500000000E+01    1.2175552568E+19
    9.0500000000E+01    1.2714523565E+19
    9.1500000000E+01    1.3151451909E+19
    9.2500000000E+01    1.3408302092E+19
    9.3500000000E+01    1.3490240905E+19
    9.4500000000E+01    1.3477282503E+19
    9.5500000000E+01    1.3494956154E+19
    9.6500000000E+01    1.3523666864E+19
    9.7500000000E+01    1.3497874941E+19
    9.8500000000E+01    1.3421178069E+19
    9.9500000000E+01    1.3280478980E+19
