 # iter=         33  time[s]=   1.349395E-05  x[nm]  M[s/kg/m]
    5.0000000000E-01    1.5728603363E+19
    1.5000000000E+00    1.5720543880E+19
    2.5000000000E+00    1.5710839965E+19
    3.5000000000E+00    1.5699847782E+19
    4.5000000000E+00    1.5687939483E+19
    5.5000000000E+00    1.5675503950E+19
    6.5000000000E+00    1.5662829388E+19
    7.5000000000E+00    1.5649555143E+19
    8.5000000000E+00    1.5635075591E+19
    9.5000000000E+00    1.5618760910E+19
    1.0500000000E+01    1.5599956406E+19
    1.1500000000E+01    1.5578006305E+19
    1.2500000000E+01    1.5552627335E+19
    1.3500000000E+01    1.5523845050E+19
    1.4500000000E+01    1.5491695498E+19
    1.5500000000E+01    1.5456217020E+19
    1.6500000000E+01    1.5417481416E+19
    1.7500000000E+01    1.5375671290E+19
    1.8500000000E+01    1.5331001259E+19
    1.9500000000E+01    1.5283696412E+19
    2.0500000000E+01    1.5233992916E+19
    2.1500000000E+01    1.5182138628E+19
    2.2500000000E+01    1.5128393741E+19
    2.3500000000E+01    1.5073031445E+19
    2.4500000000E+01    1.5016338607E+19
    2.5500000000E+01    1.4958616473E+19
    2.6500000000E+01    1.4900181379E+19
    2.7500000000E+01    1.4841365465E+19
    2.8500000000E+01    1.4782515425E+19
    2.9500000000E+01    1.4723778750E+19
    3.0500000000E+01    1.4664898047E+19
    3.1500000000E+01    1.4605556291E+19
    3.2500000000E+01    1.4545419830E+19
    3.3500000000E+01    1.4484137437E+19
    3.4500000000E+01    1.4421339192E+19
    3.5500000000E+01    1.4356635158E+19
    3.6500000000E+01    1.4289613824E+19
    3.7500000000E+01    1.4219852354E+19
    3.8500000000E+01    1.4146999715E+19
    3.9500000000E+01    1.4070729525E+19
    4.0500000000E+01    1.3990694142E+19
    4.1500000000E+01    1.3906521893E+19
    4.2500000000E+01    1.3817814120E+19
    4.3500000000E+01    1.3724141695E+19
    4.4500000000E+01    1.3625040904E+19
    4.5500000000E+01    1.3520008538E+19
    4.6500000000E+01    1.3408496037E+19
    4.7500000000E+01    1.3289902919E+19
    4.8500000000E+01    1.3163814269E+19
    4.9500000000E+01    1.3030431525E+19
    5.0500000000E+01    1.2890086177E+19
    5.1500000000E+01    1.2743148291E+19
    5.2500000000E+01    1.2590035585E+19
    5.3500000000E+01    1.2431223924E+19
    5.4500000000E+01    1.2267259489E+19
    5.5500000000E+01    1.2098772857E+19
    5.6500000000E+01    1.1926495249E+19
    5.7500000000E+01    1.1751277165E+19
    5.8500000000E+01    1.1574109588E+19
    5.9500000000E+01    1.1396147810E+19
    6.0500000000E+01    1.1218737739E+19
    6.1500000000E+01    1.1043444246E+19
    6.2500000000E+01    1.0872080606E+19
    6.3500000000E+01    1.0706713944E+19
    6.4500000000E+01    1.0549638823E+19
    6.5500000000E+01    1.0403430307E+19
    6.6500000000E+01    1.0270975577E+19
    6.7500000000E+01    1.0156455702E+19
    6.8500000000E+01    1.0066990037E+19
    6.9500000000E+01    1.0010871214E+19
    7.0500000000E+01    9.9957098681E+18
    7.1500000000E+01    1.0004495456E+19
    7.2500000000E+01    1.0016315925E+19
    7.3500000000E+01    1.0027263847E+19
    7.4500000000E+01    1.0033739259E+19
    7.5500000000E+01    1.0031714656E+19
    7.6500000000E+01    1.0016591165E+19
    7.7500000000E+01    9.9837575584E+18
    7.8500000000E+01    9.9389582574E+18
    7.9500000000E+01    9.8977767333E+18
    8.0500000000E+01    9.8795691679E+18
    8.1500000000E+01    9.9080364959E+18
    8.2500000000E+01    1.0011337193E+19
    8.3500000000E+01    1.0216977368E+19
    8.4500000000E+01    1.0527133451E+19
    8.5500000000E+01    1.0930948480E+19
    8.6500000000E+01    1.1406041791E+19
    8.7500000000E+01    1.1914107195E+19
    8.8500000000E+01    1.2414859164E+19
    8.9500000000E+01    1.2865598225E+19
    9.0500000000E+01    1.3216530075E+19
    9.1500000000E+01    1.3418654476E+19
    9.2500000000E+01    1.3489048187E+19
    9.3500000000E+01    1.3481356333E+19
    9.4500000000E+01    1.3482377241E+19
    9.5500000000E+01    1.3518185168E+19
    9.6500000000E+01    1.3518343725E+19
    9.7500000000E+01    1.3482657142E+19
    9.8500000000E+01    1.3405982531E+19
    9.9500000000E+01    1.3280478980E+19
