 # iter=         35  time[s]=   1.449395E-05  x[nm]  M[s/kg/m]
    5.0000000000E-01    1.5728603363E+19
    1.5000000000E+00    1.5720645150E+19
    2.5000000000E+00    1.5711075638E+19
    3.5000000000E+00    1.5700238666E+19
    4.5000000000E+00    1.5688493329E+19
    5.5000000000E+00    1.5676214712E+19
    6.5000000000E+00    1.5663701470E+19
    7.5000000000E+00    1.5650640368E+19
    8.5000000000E+00    1.5636448013E+19
    9.5000000000E+00    1.5620517232E+19
    1.0500000000E+01    1.5602216991E+19
    1.1500000000E+01    1.5580903468E+19
    1.2500000000E+01    1.5556240236E+19
    1.3500000000E+01    1.5528241767E+19
    1.4500000000E+01    1.5496941955E+19
    1.5500000000E+01    1.5462376810E+19
    1.6500000000E+01    1.5424602460E+19
    1.7500000000E+01    1.5383779963E+19
    1.8500000000E+01    1.5340114552E+19
    1.9500000000E+01    1.5293821499E+19
    2.0500000000E+01    1.5245126648E+19
    2.1500000000E+01    1.5194267013E+19
    2.2500000000E+01    1.5141491391E+19
    2.3500000000E+01    1.5087061002E+19
    2.4500000000E+01    1.5031250148E+19
    2.5500000000E+01    1.4974346885E+19
    2.6500000000E+01    1.4916653720E+19
    2.7500000000E+01    1.4858488306E+19
    2.8500000000E+01    1.4800184157E+19
    2.9500000000E+01    1.4741995458E+19
    3.0500000000E+01    1.4683752138E+19
    3.1500000000E+01    1.4625150690E+19
    3.2500000000E+01    1.4565871629E+19
    3.3500000000E+01    1.4505578604E+19
    3.4500000000E+01    1.4443917350E+19
    3.5500000000E+01    1.4380514456E+19
    3.6500000000E+01    1.4314975915E+19
    3.7500000000E+01    1.4246887005E+19
    3.8500000000E+01    1.4175871209E+19
    3.9500000000E+01    1.4101611097E+19
    4.0500000000E+01    1.4023774127E+19
    4.1500000000E+01    1.3942005073E+19
    4.2500000000E+01    1.3855923301E+19
    4.3500000000E+01    1.3765119557E+19
    4.4500000000E+01    1.3669152177E+19
    4.5500000000E+01    1.3567542587E+19
    4.6500000000E+01    1.3459769944E+19
    4.7500000000E+01    1.3345264699E+19
    4.8500000000E+01    1.3223451993E+19
    4.9500000000E+01    1.3094272698E+19
    5.0500000000E+01    1.2958025160E+19
    5.1500000000E+01    1.2815046727E+19
    5.2500000000E+01    1.2665717038E+19
    5.3500000000E+01    1.2510467689E+19
    5.4500000000E+01    1.2349793452E+19
    5.5500000000E+01    1.2184265302E+19
    5.6500000000E+01    1.2014545520E+19
    5.7500000000E+01    1.1841405115E+19
    5.8500000000E+01    1.1665743811E+19
    5.9500000000E+01    1.1488612732E+19
    6.0500000000E+01    1.1311239800E+19
    6.1500000000E+01    1.1135057627E+19
    6.2500000000E+01    1.0961733273E+19
    6.3500000000E+01    1.0793195397E+19
    6.4500000000E+01    1.0631610722E+19
    6.5500000000E+01    1.0479399722E+19
    6.6500000000E+01    1.0339286504E+19
    6.7500000000E+01    1.0214478458E+19
    6.8500000000E+01    1.0110660267E+19
    6.9500000000E+01    1.0035734579E+19
    7.0500000000E+01    9.9984520521E+18
    7.1500000000E+01    9.9990915632E+18
    7.2500000000E+01    1.0010105516E+19
    7.3500000000E+01    1.0021986744E+19
    7.4500000000E+01    1.0031263426E+19
    7.5500000000E+01    1.0034059066E+19
    7.6500000000E+01    1.0025969171E+19
    7.7500000000E+01    1.0001874985E+19
    7.8500000000E+01    9.9606866549E+18
    7.9500000000E+01    9.9151610297E+18
    8.0500000000E+01    9.8834798450E+18
    8.1500000000E+01    9.8882259128E+18
    8.2500000000E+01    9.9569363600E+18
    8.3500000000E+01    1.0121059545E+19
    8.4500000000E+01    1.0395921373E+19
    8.5500000000E+01    1.0773117380E+19
    8.6500000000E+01    1.1236034654E+19
    8.7500000000E+01    1.1748219923E+19
    8.8500000000E+01    1.2267092223E+19
    8.9500000000E+01    1.2748059136E+19
    9.0500000000E+01    1.3140378325E+19
    9.1500000000E+01    1.3385759360E+19
    9.2500000000E+01    1.3483276809E+19
    9.3500000000E+01    1.3484969327E+19
    9.4500000000E+01    1.3478796355E+19
    9.5500000000E+01    1.3514533127E+19
    9.6500000000E+01    1.3519848435E+19
    9.7500000000E+01    1.3485788059E+19
    9.8500000000E+01    1.3408907530E+19
    9.9500000000E+01    1.3280478980E+19
