 # iter=         12  time[s]=   3.020137E-06  x[nm]  M[s/kg/m]
    5.0000000000E-01    1.5728603363E+19
    1.5000000000E+00    1.5717322121E+19
    2.5000000000E+00    1.5703273793E+19
    3.5000000000E+00    1.5687356725E+19
    4.5000000000E+00    1.5670519371E+19
    5.5000000000E+00    1.5653047479E+19
    6.5000000000E+00    1.5633681427E+19
    7.5000000000E+00    1.5610893736E+19
    8.5000000000E+00    1.5583088379E+19
    9.5000000000E+00    1.5549196028E+19
    1.0500000000E+01    1.5509205927E+19
    1.1500000000E+01    1.5463227819E+19
    1.2500000000E+01    1.5411426024E+19
    1.3500000000E+01    1.5354231029E+19
    1.4500000000E+01    1.5292186404E+19
    1.5500000000E+01    1.5225867377E+19
    1.6500000000E+01    1.5155882736E+19
    1.7500000000E+01    1.5082876888E+19
    1.8500000000E+01    1.5007531958E+19
    1.9500000000E+01    1.4930569893E+19
    2.0500000000E+01    1.4852754498E+19
    2.1500000000E+01    1.4774886691E+19
    2.2500000000E+01    1.4697275130E+19
    2.3500000000E+01    1.4619311702E+19
    2.4500000000E+01    1.4540259749E+19
    2.5500000000E+01    1.4459340019E+19
    2.6500000000E+01    1.4375728112E+19
    2.7500000000E+01    1.4288551116E+19
    2.8500000000E+01    1.4196917233E+19
    2.9500000000E+01    1.4100100989E+19
    3.0500000000E+01    1.3997417677E+19
    3.1500000000E+01    1.3888133137E+19
    3.2500000000E+01    1.3771456447E+19
    3.3500000000E+01    1.3646531243E+19
    3.4500000000E+01    1.3512425094E+19
    3.5500000000E+01    1.3368116407E+19
    3.6500000000E+01    1.3212551674E+19
    3.7500000000E+01    1.3045683755E+19
    3.8500000000E+01    1.2868335739E+19
    3.9500000000E+01    1.2681443557E+19
    4.0500000000E+01    1.2486058054E+19
    4.1500000000E+01    1.2283371060E+19
    4.2500000000E+01    1.2074744712E+19
    4.3500000000E+01    1.1861744136E+19
    4.4500000000E+01    1.1646173235E+19
    4.5500000000E+01    1.1430112860E+19
    4.6500000000E+01    1.1215959869E+19
    4.7500000000E+01    1.1006464472E+19
    4.8500000000E+01    1.0804759485E+19
    4.9500000000E+01    1.0614308407E+19
    5.0500000000E+01    1.0438896442E+19
    5.1500000000E+01    1.0282664885E+19
    5.2500000000E+01    1.0151173375E+19
    5.3500000000E+01    1.0054022047E+19
    5.4500000000E+01    1.0001914188E+19
    5.5500000000E+01    9.9983305540E+18
    5.6500000000E+01    1.0010063215E+19
    5.7500000000E+01    1.0022608787E+19
    5.8500000000E+01    1.0031878746E+19
    5.9500000000E+01    1.0033769618E+19
    6.0500000000E+01    1.0024129369E+19
    6.1500000000E+01    9.9987364226E+18
    6.2500000000E+01    9.9587115349E+18
    6.3500000000E+01    9.9164113843E+18
    6.4500000000E+01    9.8860216085E+18
    6.5500000000E+01    9.8821585943E+18
    6.6500000000E+01    9.9194756602E+18
    6.7500000000E+01    1.0011956004E+19
    6.8500000000E+01    1.0170074938E+19
    6.9500000000E+01    1.0389297335E+19
    7.0500000000E+01    1.0659023547E+19
    7.1500000000E+01    1.0968759478E+19
    7.2500000000E+01    1.1304089481E+19
    7.3500000000E+01    1.1648673347E+19
    7.4500000000E+01    1.1988727681E+19
    7.5500000000E+01    1.2312714204E+19
    7.6500000000E+01    1.2610771085E+19
    7.7500000000E+01    1.2874128958E+19
    7.8500000000E+01    1.3094538824E+19
    7.9500000000E+01    1.3263728446E+19
    8.0500000000E+01    1.3378708590E+19
    8.1500000000E+01    1.3448392430E+19
    8.2500000000E+01    1.3482755615E+19
    8.3500000000E+01    1.3491752668E+19
    8.4500000000E+01    1.3485873521E+19
    8.5500000000E+01    1.3476671609E+19
    8.6500000000E+01    1.3476483356E+19
    8.7500000000E+01    1.3487871142E+19
    8.8500000000E+01    1.3504715108E+19
    8.9500000000E+01    1.3519540029E+19
    9.0500000000E+01    1.3523857320E+19
    9.1500000000E+01    1.3520241665E+19
    9.2500000000E+01    1.3511564869E+19
    9.3500000000E+01    1.3497562589E+19
    9.4500000000E+01    1.3477894209E+19
    9.5500000000E+01    1.3452141101E+19
    9.6500000000E+01    1.3419823434E+19
    9.7500000000E+01    1.3380469082E+19
    9.8500000000E+01    1.3333826123E+19
    9.9500000000E+01    1.3280478980E+19
