 # iter=         17  time[s]=   5.493954E-06  x[nm]  M[s/kg/m]
    5.0000000000E-01    1.5728603363E+19
    1.5000000000E+00    1.5718684642E+19
    2.5000000000E+00    1.5706486784E+19
    3.5000000000E+00    1.5692641466E+19
    4.5000000000E+00    1.5677814492E+19
    5.5000000000E+00    1.5662581030E+19
    6.5000000000E+00    1.5646462919E+19
    7.5000000000E+00    1.5628406975E+19
    8.5000000000E+00    1.5607308106E+19
    9.5000000000E+00    1.5582020489E+19
    1.0500000000E+01    1.5551839333E+19
    1.1500000000E+01    1.5516774067E+19
    1.2500000000E+01    1.5476897743E+19
    1.3500000000E+01    1.5432296938E+19
    1.4500000000E+01    1.5383207646E+19
    1.5500000000E+01    1.5330001035E+19
    1.6500000000E+01    1.5273072112E+19
    1.7500000000E+01    1.5212837282E+19
    1.8500000000E+01    1.5149735607E+19
    1.9500000000E+01    1.5084230112E+19
    2.0500000000E+01    1.5016809124E+19
    2.1500000000E+01    1.4947987619E+19
    2.2500000000E+01    1.4878308559E+19
    2.3500000000E+01    1.4808344181E+19
    2.4500000000E+01    1.4738582549E+19
    2.5500000000E+01    1.4668805753E+19
    2.6500000000E+01    1.4598495522E+19
    2.7500000000E+01    1.4527104349E+19
    2.8500000000E+01    1.4454054619E+19
    2.9500000000E+01    1.4378736725E+19
    3.0500000000E+01    1.4300506700E+19
    3.1500000000E+01    1.4218696134E+19
    3.2500000000E+01    1.4132742574E+19
    3.3500000000E+01    1.4042140906E+19
    3.4500000000E+01    1.3946353079E+19
    3.5500000000E+01    1.3844802304E+19
    3.6500000000E+01    1.3736867761E+19
    3.7500000000E+01    1.3621878208E+19
    3.8500000000E+01    1.3499104271E+19
    3.9500000000E+01    1.3367749074E+19
    4.0500000000E+01    1.3226981866E+19
    4.1500000000E+01    1.3076688325E+19
    4.2500000000E+01    1.2917435887E+19
    4.3500000000E+01    1.2749874217E+19
    4.4500000000E+01    1.2574729584E+19
    4.5500000000E+01    1.2392821897E+19
    4.6500000000E+01    1.2205084030E+19
    4.7500000000E+01    1.2012583638E+19
    4.8500000000E+01    1.1816547577E+19
    4.9500000000E+01    1.1618388830E+19
    5.0500000000E+01    1.1419735587E+19
    5.1500000000E+01    1.1222461660E+19
    5.2500000000E+01    1.1028716799E+19
    5.3500000000E+01    1.0840954143E+19
    5.4500000000E+01    1.0661907819E+19
    5.5500000000E+01    1.0494567293E+19
    5.6500000000E+01    1.0342225860E+19
    5.7500000000E+01    1.0208666626E+19
    5.8500000000E+01    1.0100518097E+19
    5.9500000000E+01    1.0026648479E+19
    6.0500000000E+01    9.9961781532E+18
    6.1500000000E+01    1.0001476724E+19
    6.2500000000E+01    1.0013217014E+19
    6.3500000000E+01    1.0024830653E+19
    6.4500000000E+01    1.0032757665E+19
    6.5500000000E+01    1.0033320736E+19
    6.6500000000E+01    1.0022677864E+19
    6.7500000000E+01    9.9968186822E+18
    6.8500000000E+01    9.9572558727E+18
    6.9500000000E+01    9.9157011341E+18
    7.0500000000E+01    9.8858137661E+18
    7.1500000000E+01    9.8823198036E+18
    7.2500000000E+01    9.9207582557E+18
    7.3500000000E+01    1.0016855858E+19
    7.4500000000E+01    1.0183130649E+19
    7.5500000000E+01    1.0416032234E+19
    7.6500000000E+01    1.0705672284E+19
    7.7500000000E+01    1.1041329158E+19
    7.8500000000E+01    1.1405989846E+19
    7.9500000000E+01    1.1780866241E+19
    8.0500000000E+01    1.2149365572E+19
    8.1500000000E+01    1.2496613368E+19
    8.2500000000E+01    1.2808699515E+19
    8.3500000000E+01    1.3071757047E+19
    8.4500000000E+01    1.3270896687E+19
    8.5500000000E+01    1.3398804597E+19
    8.6500000000E+01    1.3467231208E+19
    8.7500000000E+01    1.3490918694E+19
    8.8500000000E+01    1.3486740768E+19
    8.9500000000E+01    1.3475666667E+19
    9.0500000000E+01    1.3480686061E+19
    9.1500000000E+01    1.3500891541E+19
    9.2500000000E+01    1.3520732550E+19
    9.3500000000E+01    1.3522758500E+19
    9.4500000000E+01    1.3513144768E+19
    9.5500000000E+01    1.3493082862E+19
    9.6500000000E+01    1.3461211605E+19
    9.7500000000E+01    1.3415907577E+19
    9.8500000000E+01    1.3355617231E+19
    9.9500000000E+01    1.3280478980E+19
