 # iter=         71  time[s]=   3.249395E-05  x[nm]  M[s/kg/m]
    5.0000000000E-01    1.5728603363E+19
    1.5000000000E+00    1.5721091104E+19
    2.5000000000E+00    1.5712111281E+19
    3.5000000000E+00    1.5701956528E+19
    4.5000000000E+00    1.5690931774E+19
    5.5000000000E+00    1.5679354951E+19
    6.5000000000E+00    1.5667533765E+19
    7.5000000000E+00    1.5655361175E+19
    8.5000000000E+00    1.5642354169E+19
    9.5000000000E+00    1.5627998616E+19
    1.0500000000E+01    1.5611760412E+19
    1.1500000000E+01    1.5593084449E+19
    1.2500000000E+01    1.5571471930E+19
    1.3500000000E+01    1.5546816614E+19
    1.4500000000E+01    1.5519143078E+19
    1.5500000000E+01    1.5488477386E+19
    1.6500000000E+01    1.5454847345E+19
    1.7500000000E+01    1.5418311779E+19
    1.8500000000E+01    1.5379021460E+19
    1.9500000000E+01    1.5337151448E+19
    2.0500000000E+01    1.5292885457E+19
    2.1500000000E+01    1.5246416361E+19
    2.2500000000E+01    1.5197946727E+19
    2.3500000000E+01    1.5147689357E+19
    2.4500000000E+01    1.5095867863E+19
    2.5500000000E+01    1.5042717253E+19
    2.6500000000E+01    1.4988484540E+19
    2.7500000000E+01    1.4933429375E+19
    2.8500000000E+01    1.4877824698E+19
    2.9500000000E+01    1.4821957406E+19
    3.0500000000E+01    1.4766111514E+19
    3.1500000000E+01    1.4710285023E+19
    3.2500000000E+01    1.4654221711E+19
    3.3500000000E+01    1.4597643584E+19
    3.4500000000E+01    1.4540257519E+19
    3.5500000000E+01    1.4481754304E+19
    3.6500000000E+01    1.4421807533E+19
    3.7500000000E+01    1.4360072327E+19
    3.8500000000E+01    1.4296183852E+19
    3.9500000000E+01    1.4229762275E+19
    4.0500000000E+01    1.4160482566E+19
    4.1500000000E+01    1.4088049522E+19
    4.2500000000E+01    1.4012148640E+19
    4.3500000000E+01    1.3932443000E+19
    4.4500000000E+01    1.3848570553E+19
    4.5500000000E+01    1.3760140923E+19
    4.6500000000E+01    1.3666731644E+19
    4.7500000000E+01    1.3567883681E+19
    4.8500000000E+01    1.3463096113E+19
    4.9500000000E+01    1.3351819738E+19
    5.0500000000E+01    1.3233484457E+19
    5.1500000000E+01    1.3107962749E+19
    5.2500000000E+01    1.2975493536E+19
    5.3500000000E+01    1.2836354608E+19
    5.4500000000E+01    1.2690862351E+19
    5.5500000000E+01    1.2539381012E+19
    5.6500000000E+01    1.2382333576E+19
    5.7500000000E+01    1.2220214553E+19
    5.8500000000E+01    1.2053604997E+19
    5.9500000000E+01    1.1883190087E+19
    6.0500000000E+01    1.1709779613E+19
    6.1500000000E+01    1.1534331675E+19
    6.2500000000E+01    1.1357979784E+19
    6.3500000000E+01    1.1182063396E+19
    6.4500000000E+01    1.1008161582E+19
    6.5500000000E+01    1.0838128492E+19
    6.6500000000E+01    1.0674092913E+19
    6.7500000000E+01    1.0518449991E+19
    6.8500000000E+01    1.0373925077E+19
    6.9500000000E+01    1.0243649615E+19
    7.0500000000E+01    1.0132740191E+19
    7.1500000000E+01    1.0049249716E+19
    7.2500000000E+01    1.0002461082E+19
    7.3500000000E+01    9.9974932039E+18
    7.4500000000E+01    1.0008300280E+19
    7.5500000000E+01    1.0020610999E+19
    7.6500000000E+01    1.0030653206E+19
    7.7500000000E+01    1.0034137137E+19
    7.8500000000E+01    1.0026060755E+19
    7.9500000000E+01    1.0000456526E+19
    8.0500000000E+01    9.9563478907E+18
    8.1500000000E+01    9.9089731652E+18
    8.2500000000E+01    9.8805670048E+18
    8.3500000000E+01    9.8998701425E+18
    8.4500000000E+01    1.0003022775E+19
    8.5500000000E+01    1.0228033149E+19
    8.6500000000E+01    1.0581254309E+19
    8.7500000000E+01    1.1049292304E+19
    8.8500000000E+01    1.1597244892E+19
    8.9500000000E+01    1.2170629845E+19
    9.0500000000E+01    1.2710566691E+19
    9.1500000000E+01    1.3148908434E+19
    9.2500000000E+01    1.3407302949E+19
    9.3500000000E+01    1.3490148455E+19
    9.4500000000E+01    1.3477364607E+19
    9.5500000000E+01    1.3494795671E+19
    9.6500000000E+01    1.3523680209E+19
    9.7500000000E+01    1.3497963147E+19
    9.8500000000E+01    1.3421274776E+19
    9.9500000000E+01    1.3280478980E+19
