 # iter=         11  time[s]=   2.547411E-06  x[nm]  M[s/kg/m]
    5.0000000000E-01    1.5728603363E+19
    1.5000000000E+00    1.5716939089E+19
    2.5000000000E+00    1.5702368465E+19
    3.5000000000E+00    1.5685875552E+19
    4.5000000000E+00    1.5668490283E+19
    5.5000000000E+00    1.5650324212E+19
    6.5000000000E+00    1.5629915473E+19
    7.5000000000E+00    1.5605584987E+19
    8.5000000000E+00    1.5575610496E+19
    9.5000000000E+00    1.5539137194E+19
    1.0500000000E+01    1.5496240004E+19
    1.1500000000E+01    1.5447044553E+19
    1.2500000000E+01    1.5391808799E+19
    1.3500000000E+01    1.5331073067E+19
    1.4500000000E+01    1.5265444263E+19
    1.5500000000E+01    1.5195565042E+19
    1.6500000000E+01    1.5122116029E+19
    1.7500000000E+01    1.5045818129E+19
    1.8500000000E+01    1.4967434849E+19
    1.9500000000E+01    1.4887774584E+19
    2.0500000000E+01    1.4807692758E+19
    2.1500000000E+01    1.4727904867E+19
    2.2500000000E+01    1.4648057174E+19
    2.3500000000E+01    1.4567370380E+19
    2.4500000000E+01    1.4485019268E+19
    2.5500000000E+01    1.4400130780E+19
    2.6500000000E+01    1.4311780715E+19
    2.7500000000E+01    1.4219001981E+19
    2.8500000000E+01    1.4120965533E+19
    2.9500000000E+01    1.4016946036E+19
    3.0500000000E+01    1.3906170488E+19
    3.1500000000E+01    1.3787806711E+19
    3.2500000000E+01    1.3660954254E+19
    3.3500000000E+01    1.3524633208E+19
    3.4500000000E+01    1.3377770391E+19
    3.5500000000E+01    1.3219241386E+19
    3.6500000000E+01    1.3048928602E+19
    3.7500000000E+01    1.2867717606E+19
    3.8500000000E+01    1.2676625419E+19
    3.9500000000E+01    1.2476792682E+19
    4.0500000000E+01    1.2269511825E+19
    4.1500000000E+01    1.2056258634E+19
    4.2500000000E+01    1.1838727251E+19
    4.3500000000E+01    1.1618868206E+19
    4.4500000000E+01    1.1398928560E+19
    4.5500000000E+01    1.1181492250E+19
    4.6500000000E+01    1.0969517523E+19
    4.7500000000E+01    1.0766359366E+19
    4.8500000000E+01    1.0575696398E+19
    4.9500000000E+01    1.0401550196E+19
    5.0500000000E+01    1.0248321379E+19
    5.1500000000E+01    1.0122721332E+19
    5.2500000000E+01    1.0035234671E+19
    5.3500000000E+01    9.9968278199E+18
    5.4500000000E+01    1.0001398650E+19
    5.5500000000E+01    1.0013905331E+19
    5.6500000000E+01    1.0025985892E+19
    5.7500000000E+01    1.0033458728E+19
    5.8500000000E+01    1.0032148462E+19
    5.9500000000E+01    1.0017846166E+19
    6.0500000000E+01    9.9867745796E+18
    6.1500000000E+01    9.9444083610E+18
    6.2500000000E+01    9.9044178018E+18
    6.3500000000E+01    9.8811222768E+18
    6.4500000000E+01    9.8890465626E+18
    6.5500000000E+01    9.9424204716E+18
    6.6500000000E+01    1.0054394139E+19
    6.7500000000E+01    1.0231280991E+19
    6.8500000000E+01    1.0464783022E+19
    6.9500000000E+01    1.0744382999E+19
    7.0500000000E+01    1.1059275268E+19
    7.1500000000E+01    1.1394062208E+19
    7.2500000000E+01    1.1733583891E+19
    7.3500000000E+01    1.2065257518E+19
    7.4500000000E+01    1.2378584814E+19
    7.5500000000E+01    1.2664596425E+19
    7.6500000000E+01    1.2915307116E+19
    7.7500000000E+01    1.3123196144E+19
    7.8500000000E+01    1.3280822546E+19
    7.9500000000E+01    1.3387326836E+19
    8.0500000000E+01    1.3451764892E+19
    8.1500000000E+01    1.3483486771E+19
    8.2500000000E+01    1.3491751533E+19
    8.3500000000E+01    1.3486180213E+19
    8.4500000000E+01    1.3477167156E+19
    8.5500000000E+01    1.3475830191E+19
    8.6500000000E+01    1.3485543288E+19
    8.7500000000E+01    1.3501160593E+19
    8.8500000000E+01    1.3516407882E+19
    8.9500000000E+01    1.3523936747E+19
    9.0500000000E+01    1.3522144572E+19
    9.1500000000E+01    1.3515906780E+19
    9.2500000000E+01    1.3505118324E+19
    9.3500000000E+01    1.3489572722E+19
    9.4500000000E+01    1.3469003844E+19
    9.5500000000E+01    1.3443087871E+19
    9.6500000000E+01    1.3411462583E+19
    9.7500000000E+01    1.3373791557E+19
    9.8500000000E+01    1.3329944048E+19
    9.9500000000E+01    1.3280478980E+19
