 # iter=         53  time[s]=   2.349395E-05  x[nm]  rho[1/m3]
    5.0000000000E-01    3.3698422874E+27
    1.5000000000E+00    3.3499081801E+27
    2.5000000000E+00    3.3300657812E+27
    3.5000000000E+00    3.3103892362E+27
    4.5000000000E+00    3.2909564796E+27
    5.5000000000E+00    3.2718493382E+27
    6.5000000000E+00    3.2531494419E+27
    7.5000000000E+00    3.2348782775E+27
    8.5000000000E+00    3.2170074107E+27
    9.5000000000E+00    3.1995049026E+27
    1.0500000000E+01    3.1823366007E+27
    1.1500000000E+01    3.1654661314E+27
    1.2500000000E+01    3.1488653430E+27
    1.3500000000E+01    3.1325480778E+27
    1.4500000000E+01    3.1165402277E+27
    1.5500000000E+01    3.1008689913E+27
    1.6500000000E+01    3.0855628448E+27
    1.7500000000E+01    3.0706351985E+27
    1.8500000000E+01    3.0560632166E+27
    1.9500000000E+01    3.0418180342E+27
    2.0500000000E+01    3.0278694781E+27
    2.1500000000E+01    3.0141859886E+27
    2.2500000000E+01    3.0007345401E+27
    2.3500000000E+01    2.9874805580E+27
    2.4500000000E+01    2.9743878345E+27
    2.5500000000E+01    2.9614184411E+27
    2.6500000000E+01    2.9485326396E+27
    2.7500000000E+01    2.9356887901E+27
    2.8500000000E+01    2.9228432569E+27
    2.9500000000E+01    2.9099503130E+27
    3.0500000000E+01    2.8969660263E+27
    3.1500000000E+01    2.8838786875E+27
    3.2500000000E+01    2.8706934894E+27
    3.3500000000E+01    2.8574158462E+27
    3.4500000000E+01    2.8440512563E+27
    3.5500000000E+01    2.8306052982E+27
    3.6500000000E+01    2.8170836277E+27
    3.7500000000E+01    2.8034919762E+27
    3.8500000000E+01    2.7898361498E+27
    3.9500000000E+01    2.7761182609E+27
    4.0500000000E+01    2.7623195736E+27
    4.1500000000E+01    2.7484128646E+27
    4.2500000000E+01    2.7343689169E+27
    4.3500000000E+01    2.7201563152E+27
    4.4500000000E+01    2.7057411987E+27
    4.5500000000E+01    2.6910869700E+27
    4.6500000000E+01    2.6761539485E+27
    4.7500000000E+01    2.6608989585E+27
    4.8500000000E+01    2.6452748356E+27
    4.9500000000E+01    2.6292298330E+27
    5.0500000000E+01    2.6127125991E+27
    5.1500000000E+01    2.5956991695E+27
    5.2500000000E+01    2.5781753800E+27
    5.3500000000E+01    2.5601265581E+27
    5.4500000000E+01    2.5415376295E+27
    5.5500000000E+01    2.5223932764E+27
    5.6500000000E+01    2.5026781517E+27
    5.7500000000E+01    2.4823771620E+27
    5.8500000000E+01    2.4614758396E+27
    5.9500000000E+01    2.4399608256E+27
    6.0500000000E+01    2.4178204909E+27
    6.1500000000E+01    2.3950457277E+27
    6.2500000000E+01    2.3716309463E+27
    6.3500000000E+01    2.3475753153E+27
    6.4500000000E+01    2.3228842828E+27
    6.5500000000E+01    2.2975542398E+27
    6.6500000000E+01    2.2713195033E+27
    6.7500000000E+01    2.2436597337E+27
    6.8500000000E+01    2.2139687017E+27
    6.9500000000E+01    2.1815979563E+27
    7.0500000000E+01    2.1463946669E+27
    7.1500000000E+01    2.1086167863E+27
    7.2500000000E+01    2.0686324689E+27
    7.3500000000E+01    2.0268618855E+27
    7.4500000000E+01    1.9834906818E+27
    7.5500000000E+01    1.9383143479E+27
    7.6500000000E+01    1.8910127355E+27
    7.7500000000E+01    1.8411915147E+27
    7.8500000000E+01    1.7883573673E+27
    7.9500000000E+01    1.7318905893E+27
    8.0500000000E+01    1.6713745301E+27
    8.1500000000E+01    1.6068475134E+27
    8.2500000000E+01    1.5385762995E+27
    8.3500000000E+01    1.4671552274E+27
    8.4500000000E+01    1.3936416995E+27
    8.5500000000E+01    1.3193819852E+27
    8.6500000000E+01    1.2450551142E+27
    8.7500000000E+01    1.1709867930E+27
    8.8500000000E+01    1.0973916815E+27
    8.9500000000E+01    1.0242250250E+27
    9.0500000000E+01    9.5106622364E+26
    9.1500000000E+01    8.7710426396E+26
    9.2500000000E+01    8.0117962068E+26
    9.3500000000E+01    7.2268997260E+26
    9.4500000000E+01    6.4214582478E+26
    9.5500000000E+01    5.6132024309E+26
    9.6500000000E+01    4.7817200560E+26
    9.7500000000E+01    3.8967388803E+26
    9.8500000000E+01    2.9501200739E+26
    9.9500000000E+01    1.9502545555E+26
