 # iter=         46  time[s]=   1.999395E-05  x[nm]  rho[1/m3]
    5.0000000000E-01    3.3698422874E+27
    1.5000000000E+00    3.3497264309E+27
    2.5000000000E+00    3.3297047785E+27
    3.5000000000E+00    3.3098537050E+27
    4.5000000000E+00    3.2902535020E+27
    5.5000000000E+00    3.2709884778E+27
    6.5000000000E+00    3.2521416111E+27
    7.5000000000E+00    3.2337307448E+27
    8.5000000000E+00    3.2157261604E+27
    9.5000000000E+00    3.1980949352E+27
    1.0500000000E+01    3.1808018525E+27
    1.1500000000E+01    3.1638094025E+27
    1.2500000000E+01    3.1470920174E+27
    1.3500000000E+01    3.1306669758E+27
    1.4500000000E+01    3.1145610007E+27
    1.5500000000E+01    3.0988021514E+27
    1.6500000000E+01    3.0834194835E+27
    1.7500000000E+01    3.0684210977E+27
    1.8500000000E+01    3.0537812042E+27
    1.9500000000E+01    3.0394699642E+27
    2.0500000000E+01    3.0254561857E+27
    2.1500000000E+01    3.0117072443E+27
    2.2500000000E+01    2.9981890021E+27
    2.3500000000E+01    2.9848657247E+27
    2.4500000000E+01    2.9716999950E+27
    2.5500000000E+01    2.9586526259E+27
    2.6500000000E+01    2.9456825697E+27
    2.7500000000E+01    2.9327468267E+27
    2.8500000000E+01    2.9198003509E+27
    2.9500000000E+01    2.9067959545E+27
    3.0500000000E+01    2.8936936436E+27
    3.1500000000E+01    2.8804896500E+27
    3.2500000000E+01    2.8671895303E+27
    3.3500000000E+01    2.8537989285E+27
    3.4500000000E+01    2.8403235704E+27
    3.5500000000E+01    2.8267692590E+27
    3.6500000000E+01    2.8131418714E+27
    3.7500000000E+01    2.7994473567E+27
    3.8500000000E+01    2.7856916934E+27
    3.9500000000E+01    2.7718719330E+27
    4.0500000000E+01    2.7579643787E+27
    4.1500000000E+01    2.7439408392E+27
    4.2500000000E+01    2.7297710621E+27
    4.3500000000E+01    2.7154225123E+27
    4.4500000000E+01    2.7008601119E+27
    4.5500000000E+01    2.6860459311E+27
    4.6500000000E+01    2.6709388223E+27
    4.7500000000E+01    2.6554939823E+27
    4.8500000000E+01    2.6396624274E+27
    4.9500000000E+01    2.6233904778E+27
    5.0500000000E+01    2.6066343993E+27
    5.1500000000E+01    2.5893774121E+27
    5.2500000000E+01    2.5716055456E+27
    5.3500000000E+01    2.5533043874E+27
    5.4500000000E+01    2.5344592189E+27
    5.5500000000E+01    2.5150551986E+27
    5.6500000000E+01    2.4950776045E+27
    5.7500000000E+01    2.4745121531E+27
    5.8500000000E+01    2.4533454143E+27
    5.9500000000E+01    2.4315653459E+27
    6.0500000000E+01    2.4091619760E+27
    6.1500000000E+01    2.3861282656E+27
    6.2500000000E+01    2.3624611864E+27
    6.3500000000E+01    2.3381630499E+27
    6.4500000000E+01    2.3132431202E+27
    6.5500000000E+01    2.2876426169E+27
    6.6500000000E+01    2.2609628635E+27
    6.7500000000E+01    2.2326529929E+27
    6.8500000000E+01    2.2020799949E+27
    6.9500000000E+01    2.1687072107E+27
    7.0500000000E+01    2.1326176255E+27
    7.1500000000E+01    2.0941142536E+27
    7.2500000000E+01    2.0536039324E+27
    7.3500000000E+01    2.0114606793E+27
    7.4500000000E+01    1.9677180433E+27
    7.5500000000E+01    1.9221148277E+27
    7.6500000000E+01    1.8743182821E+27
    7.7500000000E+01    1.8239178543E+27
    7.8500000000E+01    1.7703984665E+27
    7.9500000000E+01    1.7131570196E+27
    8.0500000000E+01    1.6519686893E+27
    8.1500000000E+01    1.5869529178E+27
    8.2500000000E+01    1.5184602036E+27
    8.3500000000E+01    1.4471900738E+27
    8.4500000000E+01    1.3743068658E+27
    8.5500000000E+01    1.3009989605E+27
    8.6500000000E+01    1.2277773966E+27
    8.7500000000E+01    1.1549147304E+27
    8.8500000000E+01    1.0825827628E+27
    8.9500000000E+01    1.0106586439E+27
    9.0500000000E+01    9.3866979455E+26
    9.1500000000E+01    8.6576992773E+26
    9.2500000000E+01    7.9086304167E+26
    9.3500000000E+01    7.1350464650E+26
    9.4500000000E+01    6.3434991059E+26
    9.5500000000E+01    5.5503190519E+26
    9.6500000000E+01    4.7317398272E+26
    9.7500000000E+01    3.8612777353E+26
    9.8500000000E+01    2.9312408782E+26
    9.9500000000E+01    1.9502545555E+26
