 # iter=         33  time[s]=   1.349395E-05  x[nm]  rho[1/m3]
    5.0000000000E-01    3.3698422874E+27
    1.5000000000E+00    3.3487501836E+27
    2.5000000000E+00    3.3277663239E+27
    3.5000000000E+00    3.3069796902E+27
    4.5000000000E+00    3.2864839394E+27
    5.5000000000E+00    3.2663774839E+27
    6.5000000000E+00    3.2467469540E+27
    7.5000000000E+00    3.2275899895E+27
    8.5000000000E+00    3.2088707464E+27
    9.5000000000E+00    3.1905505610E+27
    1.0500000000E+01    3.1725880093E+27
    1.1500000000E+01    3.1549414916E+27
    1.2500000000E+01    3.1376077365E+27
    1.3500000000E+01    3.1206159182E+27
    1.4500000000E+01    3.1039975477E+27
    1.5500000000E+01    3.0877856602E+27
    1.6500000000E+01    3.0720016879E+27
    1.7500000000E+01    3.0566225357E+27
    1.8500000000E+01    3.0416142465E+27
    1.9500000000E+01    3.0269413223E+27
    2.0500000000E+01    3.0125666396E+27
    2.1500000000E+01    2.9984513632E+27
    2.2500000000E+01    2.9845548575E+27
    2.3500000000E+01    2.9708345963E+27
    2.4500000000E+01    2.9572460709E+27
    2.5500000000E+01    2.9437426970E+27
    2.6500000000E+01    2.9302757213E+27
    2.7500000000E+01    2.9167941279E+27
    2.8500000000E+01    2.9032447347E+27
    2.9500000000E+01    2.8895925035E+27
    3.0500000000E+01    2.8758398867E+27
    3.1500000000E+01    2.8619936278E+27
    3.2500000000E+01    2.8480605542E+27
    3.3500000000E+01    2.8340475680E+27
    3.4500000000E+01    2.8199616394E+27
    3.5500000000E+01    2.8058098001E+27
    3.6500000000E+01    2.7915991395E+27
    3.7500000000E+01    2.7773340420E+27
    3.8500000000E+01    2.7629967261E+27
    3.9500000000E+01    2.7485574573E+27
    4.0500000000E+01    2.7339843461E+27
    4.1500000000E+01    2.7192431945E+27
    4.2500000000E+01    2.7042972397E+27
    4.3500000000E+01    2.6891068518E+27
    4.4500000000E+01    2.6736291730E+27
    4.5500000000E+01    2.6578176864E+27
    4.6500000000E+01    2.6416216989E+27
    4.7500000000E+01    2.6249857427E+27
    4.8500000000E+01    2.6078620335E+27
    4.9500000000E+01    2.5902334791E+27
    5.0500000000E+01    2.5720878482E+27
    5.1500000000E+01    2.5534126595E+27
    5.2500000000E+01    2.5341953477E+27
    5.3500000000E+01    2.5144234786E+27
    5.4500000000E+01    2.4940850273E+27
    5.5500000000E+01    2.4731687346E+27
    5.6500000000E+01    2.4516645608E+27
    5.7500000000E+01    2.4295642584E+27
    5.8500000000E+01    2.4068620901E+27
    5.9500000000E+01    2.3835557180E+27
    6.0500000000E+01    2.3596472953E+27
    6.1500000000E+01    2.3351447846E+27
    6.2500000000E+01    2.3100634269E+27
    6.3500000000E+01    2.2843166170E+27
    6.4500000000E+01    2.2574773452E+27
    6.5500000000E+01    2.2289979651E+27
    6.6500000000E+01    2.1982587668E+27
    6.7500000000E+01    2.1648146333E+27
    6.8500000000E+01    2.1288257928E+27
    6.9500000000E+01    2.0906244984E+27
    7.0500000000E+01    2.0506346684E+27
    7.1500000000E+01    2.0092209521E+27
    7.2500000000E+01    1.9664092638E+27
    7.3500000000E+01    1.9219723333E+27
    7.4500000000E+01    1.8756282760E+27
    7.5500000000E+01    1.8270350848E+27
    7.6500000000E+01    1.7757716810E+27
    7.7500000000E+01    1.7213398958E+27
    7.8500000000E+01    1.6635406608E+27
    7.9500000000E+01    1.6025075449E+27
    8.0500000000E+01    1.5385458863E+27
    8.1500000000E+01    1.4722052518E+27
    8.2500000000E+01    1.4043574978E+27
    8.3500000000E+01    1.3361203528E+27
    8.4500000000E+01    1.2681136705E+27
    8.5500000000E+01    1.2006073306E+27
    8.6500000000E+01    1.1337658662E+27
    8.7500000000E+01    1.0676482246E+27
    8.8500000000E+01    1.0020695289E+27
    8.9500000000E+01    9.3661019524E+26
    9.0500000000E+01    8.7060252104E+26
    9.1500000000E+01    8.0319618234E+26
    9.2500000000E+01    7.3397986463E+26
    9.3500000000E+01    6.6319273695E+26
    9.4500000000E+01    5.9208455869E+26
    9.5500000000E+01    5.2057995984E+26
    9.6500000000E+01    4.4575093373E+26
    9.7500000000E+01    3.6671644417E+26
    9.8500000000E+01    2.8282664860E+26
    9.9500000000E+01    1.9502545555E+26
