 # iter=         52  time[s]=   2.299395E-05  x[nm]  rho[1/m3]
    5.0000000000E-01    3.3698422874E+27
    1.5000000000E+00    3.3498897199E+27
    2.5000000000E+00    3.3300291126E+27
    3.5000000000E+00    3.3103348359E+27
    4.5000000000E+00    3.2908850619E+27
    5.5000000000E+00    3.2717618674E+27
    6.5000000000E+00    3.2530470271E+27
    7.5000000000E+00    3.2347616620E+27
    8.5000000000E+00    3.2168772043E+27
    9.5000000000E+00    3.1993616161E+27
    1.0500000000E+01    3.1821806384E+27
    1.1500000000E+01    3.1652977828E+27
    1.2500000000E+01    3.1486851277E+27
    1.3500000000E+01    3.1323568860E+27
    1.4500000000E+01    3.1163390336E+27
    1.5500000000E+01    3.1006588553E+27
    1.6500000000E+01    3.0853448989E+27
    1.7500000000E+01    3.0704100703E+27
    1.8500000000E+01    3.0558312009E+27
    1.9500000000E+01    3.0415793277E+27
    2.0500000000E+01    3.0276241751E+27
    2.1500000000E+01    3.0139340769E+27
    2.2500000000E+01    3.0004758954E+27
    2.3500000000E+01    2.9872149399E+27
    2.4500000000E+01    2.9741148811E+27
    2.5500000000E+01    2.9611376644E+27
    2.6500000000E+01    2.9482434203E+27
    2.7500000000E+01    2.9353903725E+27
    2.8500000000E+01    2.9225347440E+27
    2.9500000000E+01    2.9096306614E+27
    3.0500000000E+01    2.8966344582E+27
    3.1500000000E+01    2.8835353196E+27
    3.2500000000E+01    2.8703384981E+27
    3.3500000000E+01    2.8570494311E+27
    3.4500000000E+01    2.8436736400E+27
    3.5500000000E+01    2.8302167262E+27
    3.6500000000E+01    2.8166843679E+27
    3.7500000000E+01    2.8030823184E+27
    3.8500000000E+01    2.7894164057E+27
    3.9500000000E+01    2.7756883549E+27
    4.0500000000E+01    2.7618788191E+27
    4.1500000000E+01    2.7479604759E+27
    4.2500000000E+01    2.7339040054E+27
    4.3500000000E+01    2.7196778810E+27
    4.4500000000E+01    2.7052481213E+27
    4.5500000000E+01    2.6905779968E+27
    4.6500000000E+01    2.6756276818E+27
    4.7500000000E+01    2.6603538398E+27
    4.8500000000E+01    2.6447091268E+27
    4.9500000000E+01    2.6286415941E+27
    5.0500000000E+01    2.6121003989E+27
    5.1500000000E+01    2.5950625329E+27
    5.2500000000E+01    2.5775138571E+27
    5.3500000000E+01    2.5594397246E+27
    5.4500000000E+01    2.5408250953E+27
    5.5500000000E+01    2.5216546979E+27
    5.6500000000E+01    2.5019132459E+27
    5.7500000000E+01    2.4815857246E+27
    5.8500000000E+01    2.4606577674E+27
    5.9500000000E+01    2.4391161432E+27
    6.0500000000E+01    2.4169493844E+27
    6.1500000000E+01    2.3941485846E+27
    6.2500000000E+01    2.3707084040E+27
    6.3500000000E+01    2.3466283183E+27
    6.4500000000E+01    2.3219141488E+27
    6.5500000000E+01    2.2965591520E+27
    6.6500000000E+01    2.2702830599E+27
    6.7500000000E+01    2.2425616778E+27
    6.8500000000E+01    2.2127860866E+27
    6.9500000000E+01    2.1803138822E+27
    7.0500000000E+01    2.1450190899E+27
    7.1500000000E+01    2.1071652832E+27
    7.2500000000E+01    2.0671249154E+27
    7.3500000000E+01    2.0253155010E+27
    7.4500000000E+01    1.9819080104E+27
    7.5500000000E+01    1.9366899661E+27
    7.6500000000E+01    1.8893399819E+27
    7.7500000000E+01    1.8394621420E+27
    7.8500000000E+01    1.7865610101E+27
    7.9500000000E+01    1.7300165010E+27
    8.0500000000E+01    1.6694308752E+27
    8.1500000000E+01    1.6048519034E+27
    8.2500000000E+01    1.5365545582E+27
    8.3500000000E+01    1.4651436997E+27
    8.4500000000E+01    1.3916882495E+27
    8.5500000000E+01    1.3175228865E+27
    8.6500000000E+01    1.2433067671E+27
    8.7500000000E+01    1.1693597182E+27
    8.8500000000E+01    1.0958924744E+27
    8.9500000000E+01    1.0228521906E+27
    9.0500000000E+01    9.4981271084E+26
    9.1500000000E+01    8.7595930787E+26
    9.2500000000E+01    8.0013755799E+26
    9.3500000000E+01    7.2176155136E+26
    9.4500000000E+01    6.4135652442E+26
    9.5500000000E+01    5.6068425176E+26
    9.6500000000E+01    4.7766678239E+26
    9.7500000000E+01    3.8931532271E+26
    9.8500000000E+01    2.9482101939E+26
    9.9500000000E+01    1.9502545555E+26
