 # iter=         57  time[s]=   2.549395E-05  x[nm]  rho[1/m3]
    5.0000000000E-01    3.3698422874E+27
    1.5000000000E+00    3.3499650040E+27
    2.5000000000E+00    3.3301786559E+27
    3.5000000000E+00    3.3105566991E+27
    4.5000000000E+00    3.2911763391E+27
    5.5000000000E+00    3.2721186357E+27
    6.5000000000E+00    3.2534647628E+27
    7.5000000000E+00    3.2352373266E+27
    8.5000000000E+00    3.2174083083E+27
    9.5000000000E+00    3.1999460712E+27
    1.0500000000E+01    3.1828167900E+27
    1.1500000000E+01    3.1659844425E+27
    1.2500000000E+01    3.1494202147E+27
    1.3500000000E+01    3.1331367776E+27
    1.4500000000E+01    3.1171597664E+27
    1.5500000000E+01    3.1015161144E+27
    1.6500000000E+01    3.0862340653E+27
    1.7500000000E+01    3.0713285225E+27
    1.8500000000E+01    3.0567777271E+27
    1.9500000000E+01    3.0425531135E+27
    2.0500000000E+01    3.0286248218E+27
    2.1500000000E+01    3.0149616199E+27
    2.2500000000E+01    3.0015308238E+27
    2.3500000000E+01    2.9882982152E+27
    2.4500000000E+01    2.9752279576E+27
    2.5500000000E+01    2.9622825090E+27
    2.6500000000E+01    2.9494225327E+27
    2.7500000000E+01    2.9366068059E+27
    2.8500000000E+01    2.9237921255E+27
    2.9500000000E+01    2.9109332121E+27
    3.0500000000E+01    2.8979854812E+27
    3.1500000000E+01    2.8849343925E+27
    3.2500000000E+01    2.8717849012E+27
    3.3500000000E+01    2.8585423497E+27
    3.4500000000E+01    2.8452121656E+27
    3.5500000000E+01    2.8317998575E+27
    3.6500000000E+01    2.8183110124E+27
    3.7500000000E+01    2.8047512938E+27
    3.8500000000E+01    2.7911264411E+27
    3.9500000000E+01    2.7774395883E+27
    4.0500000000E+01    2.7636739988E+27
    4.1500000000E+01    2.7498027739E+27
    4.2500000000E+01    2.7357970103E+27
    4.3500000000E+01    2.7216256313E+27
    4.4500000000E+01    2.7072551438E+27
    4.5500000000E+01    2.6926493520E+27
    4.6500000000E+01    2.6777690168E+27
    4.7500000000E+01    2.6625714514E+27
    4.8500000000E+01    2.6470100368E+27
    4.9500000000E+01    2.6310336396E+27
    5.0500000000E+01    2.6145896944E+27
    5.1500000000E+01    2.5976510534E+27
    5.2500000000E+01    2.5802034233E+27
    5.3500000000E+01    2.5622320558E+27
    5.4500000000E+01    2.5437217720E+27
    5.5500000000E+01    2.5246571148E+27
    5.6500000000E+01    2.5050225536E+27
    5.7500000000E+01    2.4848027576E+27
    5.8500000000E+01    2.4639829549E+27
    5.9500000000E+01    2.4425493998E+27
    6.0500000000E+01    2.4204899763E+27
    6.1500000000E+01    2.3977949678E+27
    6.2500000000E+01    2.3744580298E+27
    6.3500000000E+01    2.3504774028E+27
    6.4500000000E+01    2.3258574050E+27
    6.5500000000E+01    2.3006014414E+27
    6.6500000000E+01    2.2744887222E+27
    6.7500000000E+01    2.2470125228E+27
    6.8500000000E+01    2.2175748472E+27
    6.9500000000E+01    2.1855144594E+27
    7.0500000000E+01    2.1505947114E+27
    7.1500000000E+01    2.1130534673E+27
    7.2500000000E+01    2.0732455651E+27
    7.3500000000E+01    2.0315965245E+27
    7.4500000000E+01    1.9883350235E+27
    7.5500000000E+01    1.9432847993E+27
    7.6500000000E+01    1.8961294576E+27
    7.7500000000E+01    1.8464794675E+27
    7.8500000000E+01    1.7938479062E+27
    7.9500000000E+01    1.7376182959E+27
    8.0500000000E+01    1.6773179623E+27
    8.1500000000E+01    1.6129538512E+27
    8.2500000000E+01    1.5447678724E+27
    8.3500000000E+01    1.4733222543E+27
    8.4500000000E+01    1.3996387644E+27
    8.5500000000E+01    1.3250921017E+27
    8.6500000000E+01    1.2504266047E+27
    8.7500000000E+01    1.1759867195E+27
    8.8500000000E+01    1.1019987778E+27
    8.9500000000E+01    1.0284430079E+27
    9.0500000000E+01    9.5491631878E+26
    9.1500000000E+01    8.8061932768E+26
    9.2500000000E+01    8.0437857808E+26
    9.3500000000E+01    7.2554089011E+26
    9.4500000000E+01    6.4457133477E+26
    9.5500000000E+01    5.6327381619E+26
    9.6500000000E+01    4.7972347884E+26
    9.7500000000E+01    3.9077514341E+26
    9.8500000000E+01    2.9559871245E+26
    9.9500000000E+01    1.9502545555E+26
