 # iter=         51  time[s]=   2.249395E-05  x[nm]  rho[1/m3]
    5.0000000000E-01    3.3698422874E+27
    1.5000000000E+00    3.3498691746E+27
    2.5000000000E+00    3.3299883028E+27
    3.5000000000E+00    3.3102742929E+27
    4.5000000000E+00    3.2908055821E+27
    5.5000000000E+00    3.2716645258E+27
    6.5000000000E+00    3.2529330581E+27
    7.5000000000E+00    3.2346318913E+27
    8.5000000000E+00    3.2167323100E+27
    9.5000000000E+00    3.1992021662E+27
    1.0500000000E+01    3.1820070815E+27
    1.1500000000E+01    3.1651104394E+27
    1.2500000000E+01    3.1484845835E+27
    1.3500000000E+01    3.1321441335E+27
    1.4500000000E+01    3.1161151583E+27
    1.5500000000E+01    3.1004250395E+27
    1.6500000000E+01    3.0851024014E+27
    1.7500000000E+01    3.0701595787E+27
    1.8500000000E+01    3.0555730409E+27
    1.9500000000E+01    3.0413137162E+27
    2.0500000000E+01    3.0273512147E+27
    2.1500000000E+01    3.0136537507E+27
    2.2500000000E+01    3.0001880622E+27
    2.3500000000E+01    2.9869193283E+27
    2.4500000000E+01    2.9738110846E+27
    2.5500000000E+01    2.9608251353E+27
    2.6500000000E+01    2.9479214645E+27
    2.7500000000E+01    2.9350581435E+27
    2.8500000000E+01    2.9221912378E+27
    2.9500000000E+01    2.9092747104E+27
    3.0500000000E+01    2.8962652230E+27
    3.1500000000E+01    2.8831529386E+27
    3.2500000000E+01    2.8699431674E+27
    3.3500000000E+01    2.8566413729E+27
    3.4500000000E+01    2.8432531021E+27
    3.5500000000E+01    2.8297839816E+27
    3.6500000000E+01    2.8162397147E+27
    3.7500000000E+01    2.8026260792E+27
    3.8500000000E+01    2.7889489274E+27
    3.9500000000E+01    2.7752095193E+27
    4.0500000000E+01    2.7613878543E+27
    4.1500000000E+01    2.7474565013E+27
    4.2500000000E+01    2.7333860252E+27
    4.3500000000E+01    2.7191447752E+27
    4.4500000000E+01    2.7046986346E+27
    4.5500000000E+01    2.6900107262E+27
    4.6500000000E+01    2.6750410617E+27
    4.7500000000E+01    2.6597461245E+27
    4.8500000000E+01    2.6440783695E+27
    4.9500000000E+01    2.6279856213E+27
    5.0500000000E+01    2.6114176752E+27
    5.1500000000E+01    2.5943525321E+27
    5.2500000000E+01    2.5767760763E+27
    5.3500000000E+01    2.5586736890E+27
    5.4500000000E+01    2.5400303692E+27
    5.5500000000E+01    2.5208308975E+27
    5.6500000000E+01    2.5010600557E+27
    5.7500000000E+01    2.4807029178E+27
    5.8500000000E+01    2.4597452304E+27
    5.9500000000E+01    2.4381739065E+27
    6.0500000000E+01    2.4159776599E+27
    6.1500000000E+01    2.3931478107E+27
    6.2500000000E+01    2.3696792998E+27
    6.3500000000E+01    2.3455719478E+27
    6.4500000000E+01    2.3208319953E+27
    6.5500000000E+01    2.2954486525E+27
    6.6500000000E+01    2.2691255311E+27
    6.7500000000E+01    2.2413344240E+27
    6.8500000000E+01    2.2114634091E+27
    6.9500000000E+01    2.1788780306E+27
    7.0500000000E+01    2.1434817689E+27
    7.1500000000E+01    2.1055440268E+27
    7.2500000000E+01    2.0654419938E+27
    7.3500000000E+01    2.0235896941E+27
    7.4500000000E+01    1.9801414408E+27
    7.5500000000E+01    1.9348765431E+27
    7.6500000000E+01    1.8874722266E+27
    7.7500000000E+01    1.8375307941E+27
    7.8500000000E+01    1.7845544288E+27
    7.9500000000E+01    1.7279230699E+27
    8.0500000000E+01    1.6672603345E+27
    8.1500000000E+01    1.6026241195E+27
    8.2500000000E+01    1.5342986168E+27
    8.3500000000E+01    1.4629004444E+27
    8.4500000000E+01    1.3895112666E+27
    8.5500000000E+01    1.3154515424E+27
    8.6500000000E+01    1.2413591019E+27
    8.7500000000E+01    1.1675473436E+27
    8.8500000000E+01    1.0942225418E+27
    8.9500000000E+01    1.0213228733E+27
    9.0500000000E+01    9.4841607321E+26
    9.1500000000E+01    8.7468331751E+26
    9.2500000000E+01    7.9897620297E+26
    9.3500000000E+01    7.2072700613E+26
    9.4500000000E+01    6.4047734461E+26
    9.5500000000E+01    5.5997567470E+26
    9.6500000000E+01    4.7710382212E+26
    9.7500000000E+01    3.8891580871E+26
    9.8500000000E+01    2.9460824427E+26
    9.9500000000E+01    1.9502545555E+26
