 # iter=         71  time[s]=   3.249395E-05  x[nm]  rho[1/m3]
    5.0000000000E-01    3.3698422874E+27
    1.5000000000E+00    3.3500464288E+27
    2.5000000000E+00    3.3303404038E+27
    3.5000000000E+00    3.3107966861E+27
    4.5000000000E+00    3.2914914434E+27
    5.5000000000E+00    3.2725046439E+27
    6.5000000000E+00    3.2539167809E+27
    7.5000000000E+00    3.2357520455E+27
    8.5000000000E+00    3.2179830276E+27
    9.5000000000E+00    3.2005785188E+27
    1.0500000000E+01    3.1835051579E+27
    1.1500000000E+01    3.1667274211E+27
    1.2500000000E+01    3.1502156639E+27
    1.3500000000E+01    3.1339808066E+27
    1.4500000000E+01    3.1180481145E+27
    1.5500000000E+01    3.1024441445E+27
    1.6500000000E+01    3.0871967805E+27
    1.7500000000E+01    3.0723228988E+27
    1.8500000000E+01    3.0578024226E+27
    1.9500000000E+01    3.0436072121E+27
    2.0500000000E+01    3.0297078518E+27
    2.1500000000E+01    3.0160735742E+27
    2.2500000000E+01    3.0026721801E+27
    2.3500000000E+01    2.9894699567E+27
    2.4500000000E+01    2.9764315941E+27
    2.5500000000E+01    2.9635200978E+27
    2.6500000000E+01    2.9506967007E+27
    2.7500000000E+01    2.9379207708E+27
    2.8500000000E+01    2.9251497178E+27
    2.9500000000E+01    2.9123388965E+27
    3.0500000000E+01    2.8994431766E+27
    3.1500000000E+01    2.8864438397E+27
    3.2500000000E+01    2.8733453199E+27
    3.3500000000E+01    2.8601528572E+27
    3.4500000000E+01    2.8468717778E+27
    3.5500000000E+01    2.8335074906E+27
    3.6500000000E+01    2.8200654839E+27
    3.7500000000E+01    2.8065513243E+27
    3.8500000000E+01    2.7929706560E+27
    3.9500000000E+01    2.7793276763E+27
    4.0500000000E+01    2.7656087394E+27
    4.1500000000E+01    2.7517875021E+27
    4.2500000000E+01    2.7378355026E+27
    4.3500000000E+01    2.7237221403E+27
    4.4500000000E+01    2.7094144388E+27
    4.5500000000E+01    2.6948767654E+27
    4.6500000000E+01    2.6800705003E+27
    4.7500000000E+01    2.6649536411E+27
    4.8500000000E+01    2.6494803320E+27
    4.9500000000E+01    2.6336002965E+27
    5.0500000000E+01    2.6172600357E+27
    5.1500000000E+01    2.6004274258E+27
    5.2500000000E+01    2.5830877553E+27
    5.3500000000E+01    2.5652261708E+27
    5.4500000000E+01    2.5468273496E+27
    5.5500000000E+01    2.5278756415E+27
    5.6500000000E+01    2.5083552632E+27
    5.7500000000E+01    2.4882505557E+27
    5.8500000000E+01    2.4675463265E+27
    5.9500000000E+01    2.4462282958E+27
    6.0500000000E+01    2.4242836741E+27
    6.1500000000E+01    2.4017019026E+27
    6.2500000000E+01    2.3784755914E+27
    6.3500000000E+01    2.3546016943E+27
    6.4500000000E+01    2.3300829607E+27
    6.5500000000E+01    2.3049273375E+27
    6.6500000000E+01    2.2789758643E+27
    6.7500000000E+01    2.2517470292E+27
    6.8500000000E+01    2.2226545062E+27
    6.9500000000E+01    2.1910312809E+27
    7.0500000000E+01    2.1565224194E+27
    7.1500000000E+01    2.1193275391E+27
    7.2500000000E+01    2.0797826096E+27
    7.3500000000E+01    2.0383139276E+27
    7.4500000000E+01    1.9952047585E+27
    7.5500000000E+01    1.9503293395E+27
    7.6500000000E+01    1.9033768065E+27
    7.7500000000E+01    1.8539642953E+27
    7.8500000000E+01    1.8016137335E+27
    7.9500000000E+01    1.7457172322E+27
    8.0500000000E+01    1.6857298220E+27
    8.1500000000E+01    1.6216064899E+27
    8.2500000000E+01    1.5535546791E+27
    8.3500000000E+01    1.4820913942E+27
    8.4500000000E+01    1.4081870897E+27
    8.5500000000E+01    1.3332394424E+27
    8.6500000000E+01    1.2580949681E+27
    8.7500000000E+01    1.1831273129E+27
    8.8500000000E+01    1.1085787777E+27
    8.9500000000E+01    1.0344653519E+27
    9.0500000000E+01    9.6041011992E+26
    9.1500000000E+01    8.8563091276E+26
    9.2500000000E+01    8.0893873228E+26
    9.3500000000E+01    7.2960695281E+26
    9.4500000000E+01    6.4803525384E+26
    9.5500000000E+01    5.6606182170E+26
    9.6500000000E+01    4.8193646761E+26
    9.7500000000E+01    3.9234633596E+26
    9.8500000000E+01    2.9643611100E+26
    9.9500000000E+01    1.9502545555E+26
