 # iter=         70  time[s]=   3.199395E-05  x[nm]  rho[1/m3]
    5.0000000000E-01    3.3698422874E+27
    1.5000000000E+00    3.3500438401E+27
    2.5000000000E+00    3.3303352613E+27
    3.5000000000E+00    3.3107890558E+27
    4.5000000000E+00    3.2914814243E+27
    5.5000000000E+00    3.2724923695E+27
    6.5000000000E+00    3.2539024068E+27
    7.5000000000E+00    3.2357356772E+27
    8.5000000000E+00    3.2179647511E+27
    9.5000000000E+00    3.2005584066E+27
    1.0500000000E+01    3.1834832677E+27
    1.1500000000E+01    3.1667037949E+27
    1.2500000000E+01    3.1501903681E+27
    1.3500000000E+01    3.1339539645E+27
    1.4500000000E+01    3.1180198611E+27
    1.5500000000E+01    3.1024146267E+27
    1.6500000000E+01    3.0871661570E+27
    1.7500000000E+01    3.0722912689E+27
    1.8500000000E+01    3.0577698296E+27
    1.9500000000E+01    3.0435736855E+27
    2.0500000000E+01    3.0296734073E+27
    2.1500000000E+01    3.0160382128E+27
    2.2500000000E+01    3.0026358874E+27
    2.3500000000E+01    2.9894327024E+27
    2.4500000000E+01    2.9763933311E+27
    2.5500000000E+01    2.9634807619E+27
    2.6500000000E+01    2.9506562095E+27
    2.7500000000E+01    2.9378790235E+27
    2.8500000000E+01    2.9251065939E+27
    2.9500000000E+01    2.9122942558E+27
    3.0500000000E+01    2.8993968897E+27
    3.1500000000E+01    2.8863959110E+27
    3.2500000000E+01    2.8732957743E+27
    3.3500000000E+01    2.8601017227E+27
    3.4500000000E+01    2.8468190858E+27
    3.5500000000E+01    2.8334532755E+27
    3.6500000000E+01    2.8200097834E+27
    3.7500000000E+01    2.8064941790E+27
    3.8500000000E+01    2.7929121096E+27
    3.9500000000E+01    2.7792677452E+27
    4.0500000000E+01    2.7655473391E+27
    4.1500000000E+01    2.7517245281E+27
    4.2500000000E+01    2.7377708365E+27
    4.3500000000E+01    2.7236556487E+27
    4.4500000000E+01    2.7093459720E+27
    4.5500000000E+01    2.6948061562E+27
    4.6500000000E+01    2.6799975618E+27
    4.7500000000E+01    2.6648781652E+27
    4.8500000000E+01    2.6494020866E+27
    4.9500000000E+01    2.6335190224E+27
    5.0500000000E+01    2.6171754910E+27
    5.1500000000E+01    2.6003395307E+27
    5.2500000000E+01    2.5829964491E+27
    5.3500000000E+01    2.5651313963E+27
    5.4500000000E+01    2.5467290537E+27
    5.5500000000E+01    2.5277737774E+27
    5.6500000000E+01    2.5082497918E+27
    5.7500000000E+01    2.4881414483E+27
    5.8500000000E+01    2.4674335673E+27
    5.9500000000E+01    2.4461118858E+27
    6.0500000000E+01    2.4241636351E+27
    6.1500000000E+01    2.4015782828E+27
    6.2500000000E+01    2.3783484715E+27
    6.3500000000E+01    2.3544711952E+27
    6.4500000000E+01    2.3299492522E+27
    6.5500000000E+01    2.3047905233E+27
    6.6500000000E+01    2.2788341654E+27
    6.7500000000E+01    2.2515977452E+27
    6.8500000000E+01    2.2224945679E+27
    6.9500000000E+01    2.1908576181E+27
    7.0500000000E+01    2.1563356158E+27
    7.1500000000E+01    2.1191295982E+27
    7.2500000000E+01    2.0795761295E+27
    7.3500000000E+01    2.0381015927E+27
    7.4500000000E+01    1.9949876534E+27
    7.5500000000E+01    1.9501067824E+27
    7.6500000000E+01    1.9031479229E+27
    7.7500000000E+01    1.8537280024E+27
    7.8500000000E+01    1.8013686726E+27
    7.9500000000E+01    1.7454617215E+27
    8.0500000000E+01    1.6854642997E+27
    8.1500000000E+01    1.6213331872E+27
    8.2500000000E+01    1.5532769021E+27
    8.3500000000E+01    1.4818138716E+27
    8.4500000000E+01    1.4079161840E+27
    8.5500000000E+01    1.3329810836E+27
    8.6500000000E+01    1.2578517203E+27
    8.7500000000E+01    1.1829007582E+27
    8.8500000000E+01    1.1083699992E+27
    8.9500000000E+01    1.0342743005E+27
    9.0500000000E+01    9.6023589431E+26
    9.1500000000E+01    8.8547205405E+26
    9.2500000000E+01    8.0879419927E+26
    9.3500000000E+01    7.2947804457E+26
    9.4500000000E+01    6.4792535440E+26
    9.5500000000E+01    5.6597339851E+26
    9.6500000000E+01    4.8186630358E+26
    9.7500000000E+01    3.9229651356E+26
    9.8500000000E+01    2.9640955123E+26
    9.9500000000E+01    1.9502545555E+26
