 # iter=         60  time[s]=   2.699395E-05  x[nm]  rho[1/m3]
    5.0000000000E-01    3.3698422874E+27
    1.5000000000E+00    3.3499940670E+27
    2.5000000000E+00    3.3302363880E+27
    3.5000000000E+00    3.3106423547E+27
    4.5000000000E+00    3.2912888016E+27
    5.5000000000E+00    3.2722563976E+27
    6.5000000000E+00    3.2536260774E+27
    7.5000000000E+00    3.2354210154E+27
    8.5000000000E+00    3.2176134085E+27
    9.5000000000E+00    3.2001717734E+27
    1.0500000000E+01    3.1830624511E+27
    1.1500000000E+01    3.1662495979E+27
    1.2500000000E+01    3.1497040878E+27
    1.3500000000E+01    3.1334379761E+27
    1.4500000000E+01    3.1174767665E+27
    1.5500000000E+01    3.1018472573E+27
    1.6500000000E+01    3.0865775670E+27
    1.7500000000E+01    3.0716833267E+27
    1.8500000000E+01    3.0571433585E+27
    1.9500000000E+01    3.0429292493E+27
    2.0500000000E+01    3.0290112985E+27
    2.1500000000E+01    3.0153584404E+27
    2.2500000000E+01    3.0019381646E+27
    2.3500000000E+01    2.9887164341E+27
    2.4500000000E+01    2.9756576009E+27
    2.5500000000E+01    2.9627243193E+27
    2.6500000000E+01    2.9498774569E+27
    2.7500000000E+01    2.9370760024E+27
    2.8500000000E+01    2.9242769725E+27
    2.9500000000E+01    2.9114353152E+27
    3.0500000000E+01    2.8985062018E+27
    3.1500000000E+01    2.8854736112E+27
    3.2500000000E+01    2.8723423397E+27
    3.3500000000E+01    2.8591176931E+27
    3.4500000000E+01    2.8458050628E+27
    3.5500000000E+01    2.8324099218E+27
    3.6500000000E+01    2.8189378220E+27
    3.7500000000E+01    2.8053943919E+27
    3.8500000000E+01    2.7917853371E+27
    3.9500000000E+01    2.7781142219E+27
    4.0500000000E+01    2.7643653885E+27
    4.1500000000E+01    2.7505121215E+27
    4.2500000000E+01    2.7365256762E+27
    4.3500000000E+01    2.7223751470E+27
    4.4500000000E+01    2.7080272266E+27
    4.5500000000E+01    2.6934459218E+27
    4.6500000000E+01    2.6785922164E+27
    4.7500000000E+01    2.6634236700E+27
    4.8500000000E+01    2.6478939386E+27
    4.9500000000E+01    2.6319521974E+27
    5.0500000000E+01    2.6155454480E+27
    5.1500000000E+01    2.5986448064E+27
    5.2500000000E+01    2.5812358690E+27
    5.3500000000E+01    2.5633038493E+27
    5.4500000000E+01    2.5448335165E+27
    5.5500000000E+01    2.5258093435E+27
    5.6500000000E+01    2.5062157082E+27
    5.7500000000E+01    2.4860371612E+27
    5.8500000000E+01    2.4652587783E+27
    5.9500000000E+01    2.4438666206E+27
    6.0500000000E+01    2.4218483284E+27
    6.1500000000E+01    2.3991938805E+27
    6.2500000000E+01    2.3758965544E+27
    6.3500000000E+01    2.3519541257E+27
    6.4500000000E+01    2.3273703456E+27
    6.5500000000E+01    2.3021508816E+27
    6.6500000000E+01    2.2760975319E+27
    6.7500000000E+01    2.2487117200E+27
    6.8500000000E+01    2.2193996327E+27
    6.9500000000E+01    2.1874964798E+27
    7.0500000000E+01    2.1527227953E+27
    7.1500000000E+01    2.1153042255E+27
    7.2500000000E+01    2.0755888345E+27
    7.3500000000E+01    2.0340032850E+27
    7.4500000000E+01    1.9907967514E+27
    7.5500000000E+01    1.9458097112E+27
    7.6500000000E+01    1.8987276671E+27
    7.7500000000E+01    1.8491634957E+27
    7.8500000000E+01    1.7966334748E+27
    7.9500000000E+01    1.7405237602E+27
    8.0500000000E+01    1.6803346324E+27
    8.1500000000E+01    1.6160555063E+27
    8.2500000000E+01    1.5479158341E+27
    8.3500000000E+01    1.4764615910E+27
    8.4500000000E+01    1.4026962536E+27
    8.5500000000E+01    1.3280050099E+27
    8.6500000000E+01    1.2531676886E+27
    8.7500000000E+01    1.1785387889E+27
    8.8500000000E+01    1.1043504207E+27
    8.9500000000E+01    1.0305956002E+27
    9.0500000000E+01    9.5688043065E+26
    9.1500000000E+01    8.8241159800E+26
    9.2500000000E+01    8.0600951847E+26
    9.3500000000E+01    7.2699484977E+26
    9.4500000000E+01    6.4580936537E+26
    9.5500000000E+01    5.6427051539E+26
    9.6500000000E+01    4.8051477506E+26
    9.7500000000E+01    3.9133690150E+26
    9.8500000000E+01    2.9589806830E+26
    9.9500000000E+01    1.9502545555E+26
