 # iter=         23  time[s]=   8.493954E-06  x[nm]  rho[1/m3]
    5.0000000000E-01    3.3698422874E+27
    1.5000000000E+00    3.3467092436E+27
    2.5000000000E+00    3.3237175866E+27
    3.5000000000E+00    3.3009864808E+27
    4.5000000000E+00    3.2786417629E+27
    5.5000000000E+00    3.2568147464E+27
    6.5000000000E+00    3.2355733046E+27
    7.5000000000E+00    3.2148807193E+27
    8.5000000000E+00    3.1946876854E+27
    9.5000000000E+00    3.1749409013E+27
    1.0500000000E+01    3.1555852459E+27
    1.1500000000E+01    3.1366105052E+27
    1.2500000000E+01    3.1180542293E+27
    1.3500000000E+01    3.0999579118E+27
    1.4500000000E+01    3.0823643882E+27
    1.5500000000E+01    3.0652839965E+27
    1.6500000000E+01    3.0486770481E+27
    1.7500000000E+01    3.0324979832E+27
    1.8500000000E+01    3.0166990775E+27
    1.9500000000E+01    3.0012303329E+27
    2.0500000000E+01    2.9860393657E+27
    2.1500000000E+01    2.9710712940E+27
    2.2500000000E+01    2.9562686249E+27
    2.3500000000E+01    2.9415711425E+27
    2.4500000000E+01    2.9269157992E+27
    2.5500000000E+01    2.9122366120E+27
    2.6500000000E+01    2.8974679699E+27
    2.7500000000E+01    2.8825869619E+27
    2.8500000000E+01    2.8676022319E+27
    2.9500000000E+01    2.8525232039E+27
    3.0500000000E+01    2.8373593879E+27
    3.1500000000E+01    2.8221203631E+27
    3.2500000000E+01    2.8068157645E+27
    3.3500000000E+01    2.7914552719E+27
    3.4500000000E+01    2.7760447634E+27
    3.5500000000E+01    2.7605617317E+27
    3.6500000000E+01    2.7449693520E+27
    3.7500000000E+01    2.7292281675E+27
    3.8500000000E+01    2.7132958737E+27
    3.9500000000E+01    2.6971269954E+27
    4.0500000000E+01    2.6806724986E+27
    4.1500000000E+01    2.6638793246E+27
    4.2500000000E+01    2.6466898271E+27
    4.3500000000E+01    2.6290410898E+27
    4.4500000000E+01    2.6108722076E+27
    4.5500000000E+01    2.5921598720E+27
    4.6500000000E+01    2.5728937688E+27
    4.7500000000E+01    2.5530636837E+27
    4.8500000000E+01    2.5326597467E+27
    4.9500000000E+01    2.5116727488E+27
    5.0500000000E+01    2.4900945401E+27
    5.1500000000E+01    2.4679185252E+27
    5.2500000000E+01    2.4451402787E+27
    5.3500000000E+01    2.4217583019E+27
    5.4500000000E+01    2.3977749472E+27
    5.5500000000E+01    2.3731975312E+27
    5.6500000000E+01    2.3480396579E+27
    5.7500000000E+01    2.3223227616E+27
    5.8500000000E+01    2.2960551167E+27
    5.9500000000E+01    2.2689459872E+27
    6.0500000000E+01    2.2404506900E+27
    6.1500000000E+01    2.2099580334E+27
    6.2500000000E+01    2.1768797170E+27
    6.3500000000E+01    2.1412343495E+27
    6.4500000000E+01    2.1033872865E+27
    6.5500000000E+01    2.0637955548E+27
    6.6500000000E+01    2.0229218849E+27
    6.7500000000E+01    1.9809621853E+27
    6.8500000000E+01    1.9377783842E+27
    6.9500000000E+01    1.8931654603E+27
    7.0500000000E+01    1.8468829868E+27
    7.1500000000E+01    1.7986461303E+27
    7.2500000000E+01    1.7481131039E+27
    7.3500000000E+01    1.6950277273E+27
    7.4500000000E+01    1.6395169518E+27
    7.5500000000E+01    1.5818592322E+27
    7.6500000000E+01    1.5224661032E+27
    7.7500000000E+01    1.4619151685E+27
    7.8500000000E+01    1.4009703295E+27
    7.9500000000E+01    1.3404780552E+27
    8.0500000000E+01    1.2808552256E+27
    8.1500000000E+01    1.2222715751E+27
    8.2500000000E+01    1.1648063394E+27
    8.3500000000E+01    1.1085047576E+27
    8.4500000000E+01    1.0532944604E+27
    8.5500000000E+01    9.9898471419E+26
    8.6500000000E+01    9.4528702111E+26
    8.7500000000E+01    8.9181889985E+26
    8.8500000000E+01    8.3809834365E+26
    8.9500000000E+01    7.8376309843E+26
    9.0500000000E+01    7.2871918092E+26
    9.1500000000E+01    6.7313493072E+26
    9.2500000000E+01    6.1760436423E+26
    9.3500000000E+01    5.6256737076E+26
    9.4500000000E+01    5.0700434617E+26
    9.5500000000E+01    4.4939632021E+26
    9.6500000000E+01    3.8961083844E+26
    9.7500000000E+01    3.2726491139E+26
    9.8500000000E+01    2.6211099620E+26
    9.9500000000E+01    1.9502545555E+26
