 # iter=         36  time[s]=   1.499395E-05  x[nm]  rho[1/m3]
    5.0000000000E-01    3.3698422874E+27
    1.5000000000E+00    3.3490928383E+27
    2.5000000000E+00    3.3284465806E+27
    3.5000000000E+00    3.3079879457E+27
    4.5000000000E+00    3.2878057608E+27
    5.5000000000E+00    3.2679933350E+27
    6.5000000000E+00    3.2486368003E+27
    7.5000000000E+00    3.2297408749E+27
    8.5000000000E+00    3.2112717708E+27
    9.5000000000E+00    3.1931929282E+27
    1.0500000000E+01    3.1754651975E+27
    1.1500000000E+01    3.1580477163E+27
    1.2500000000E+01    3.1409282820E+27
    1.3500000000E+01    3.1241329305E+27
    1.4500000000E+01    3.1076914278E+27
    1.5500000000E+01    3.0916349934E+27
    1.6500000000E+01    3.0759906367E+27
    1.7500000000E+01    3.0607452612E+27
    1.8500000000E+01    3.0458669569E+27
    1.9500000000E+01    3.0313222975E+27
    2.0500000000E+01    3.0170763328E+27
    2.1500000000E+01    3.0030925053E+27
    2.2500000000E+01    2.9893325650E+27
    2.3500000000E+01    2.9757564809E+27
    2.4500000000E+01    2.9623223527E+27
    2.5500000000E+01    2.9489863188E+27
    2.6500000000E+01    2.9357024645E+27
    2.7500000000E+01    2.9224227292E+27
    2.8500000000E+01    2.9090968124E+27
    2.9500000000E+01    2.8956778452E+27
    3.0500000000E+01    2.8821561640E+27
    3.1500000000E+01    2.8685380069E+27
    3.2500000000E+01    2.8548297505E+27
    3.3500000000E+01    2.8410378509E+27
    3.4500000000E+01    2.8271688368E+27
    3.5500000000E+01    2.8132293042E+27
    3.6500000000E+01    2.7992259124E+27
    3.7500000000E+01    2.7851653100E+27
    3.8500000000E+01    2.7710438780E+27
    3.9500000000E+01    2.7568362446E+27
    4.0500000000E+01    2.7425126296E+27
    4.1500000000E+01    2.7280411172E+27
    4.2500000000E+01    2.7133874273E+27
    4.3500000000E+01    2.6985146465E+27
    4.4500000000E+01    2.6833829082E+27
    4.5500000000E+01    2.6679490119E+27
    4.6500000000E+01    2.6521659676E+27
    4.7500000000E+01    2.6359824486E+27
    4.8500000000E+01    2.6193430778E+27
    4.9500000000E+01    2.6022113127E+27
    5.0500000000E+01    2.5845735248E+27
    5.1500000000E+01    2.5664168292E+27
    5.2500000000E+01    2.5477280681E+27
    5.3500000000E+01    2.5284939783E+27
    5.4500000000E+01    2.5087014110E+27
    5.5500000000E+01    2.4883376171E+27
    5.6500000000E+01    2.4673906152E+27
    5.7500000000E+01    2.4458496619E+27
    5.8500000000E+01    2.4237058480E+27
    5.9500000000E+01    2.4009528478E+27
    6.0500000000E+01    2.3775878516E+27
    6.1500000000E+01    2.3536127117E+27
    6.2500000000E+01    2.3290353303E+27
    6.3500000000E+01    2.3038678633E+27
    6.4500000000E+01    2.2779425206E+27
    6.5500000000E+01    2.2507828723E+27
    6.6500000000E+01    2.2218210322E+27
    6.7500000000E+01    2.1904220358E+27
    6.8500000000E+01    2.1562803159E+27
    6.9500000000E+01    2.1196214186E+27
    7.0500000000E+01    2.0807939304E+27
    7.1500000000E+01    2.0402273191E+27
    7.2500000000E+01    1.9982209945E+27
    7.3500000000E+01    1.9546951938E+27
    7.4500000000E+01    1.9093905697E+27
    7.5500000000E+01    1.8619925625E+27
    7.6500000000E+01    1.8121158446E+27
    7.7500000000E+01    1.7592805591E+27
    7.8500000000E+01    1.7029844001E+27
    7.9500000000E+01    1.6431482387E+27
    8.0500000000E+01    1.5799452892E+27
    8.1500000000E+01    1.5137569519E+27
    8.2500000000E+01    1.4452658464E+27
    8.3500000000E+01    1.3755378609E+27
    8.4500000000E+01    1.3056275037E+27
    8.5500000000E+01    1.2359799250E+27
    8.6500000000E+01    1.1668265868E+27
    8.7500000000E+01    1.0983213466E+27
    8.8500000000E+01    1.0304031500E+27
    8.9500000000E+01    9.6273344215E+26
    9.0500000000E+01    8.9469978404E+26
    9.1500000000E+01    8.2539171527E+26
    9.2500000000E+01    7.5413000281E+26
    9.3500000000E+01    6.8093790218E+26
    9.4500000000E+01    6.0693035713E+26
    9.5500000000E+01    5.3275905204E+26
    9.6500000000E+01    4.5544362788E+26
    9.7500000000E+01    3.7356818003E+26
    9.8500000000E+01    2.8645406091E+26
    9.9500000000E+01    1.9502545555E+26
