 # iter=         31  time[s]=   1.249395E-05  x[nm]  rho[1/m3]
    5.0000000000E-01    3.3698422874E+27
    1.5000000000E+00    3.3484648436E+27
    2.5000000000E+00    3.3271999584E+27
    3.5000000000E+00    3.3061405105E+27
    4.5000000000E+00    3.2853842985E+27
    5.5000000000E+00    3.2650341151E+27
    6.5000000000E+00    3.2451762390E+27
    7.5000000000E+00    3.2258025973E+27
    8.5000000000E+00    3.2068756422E+27
    9.5000000000E+00    3.1883548831E+27
    1.0500000000E+01    3.1701969207E+27
    1.1500000000E+01    3.1523605208E+27
    1.2500000000E+01    3.1348501008E+27
    1.3500000000E+01    3.1176968807E+27
    1.4500000000E+01    3.1009338805E+27
    1.5500000000E+01    3.0845955308E+27
    1.6500000000E+01    3.0686956586E+27
    1.7500000000E+01    3.0532050094E+27
    1.8500000000E+01    3.0380879135E+27
    1.9500000000E+01    3.0233070733E+27
    2.0500000000E+01    3.0088234760E+27
    2.1500000000E+01    2.9945963041E+27
    2.2500000000E+01    2.9805828447E+27
    2.3500000000E+01    2.9667383960E+27
    2.4500000000E+01    2.9530161737E+27
    2.5500000000E+01    2.9393672160E+27
    2.6500000000E+01    2.9257402893E+27
    2.7500000000E+01    2.9120817946E+27
    2.8500000000E+01    2.8983382141E+27
    2.9500000000E+01    2.8844898395E+27
    3.0500000000E+01    2.8705430857E+27
    3.1500000000E+01    2.8565050790E+27
    3.2500000000E+01    2.8423830262E+27
    3.3500000000E+01    2.8281842050E+27
    3.4500000000E+01    2.8139159569E+27
    3.5500000000E+01    2.7995856804E+27
    3.6500000000E+01    2.7852007582E+27
    3.7500000000E+01    2.7707577536E+27
    3.8500000000E+01    2.7562298680E+27
    3.9500000000E+01    2.7415855483E+27
    4.0500000000E+01    2.7267910062E+27
    4.1500000000E+01    2.7118099811E+27
    4.2500000000E+01    2.6966034573E+27
    4.3500000000E+01    2.6811293292E+27
    4.4500000000E+01    2.6653420001E+27
    4.5500000000E+01    2.6491919023E+27
    4.6500000000E+01    2.6326249190E+27
    4.7500000000E+01    2.6155846609E+27
    4.8500000000E+01    2.5980415687E+27
    4.9500000000E+01    2.5799836804E+27
    5.0500000000E+01    2.5613990326E+27
    5.1500000000E+01    2.5422755606E+27
    5.2500000000E+01    2.5226013025E+27
    5.3500000000E+01    2.5023646611E+27
    5.4500000000E+01    2.4815547393E+27
    5.5500000000E+01    2.4601617656E+27
    5.6500000000E+01    2.4381776310E+27
    5.7500000000E+01    2.4155965597E+27
    5.8500000000E+01    2.3924159417E+27
    5.9500000000E+01    2.3686373524E+27
    6.0500000000E+01    2.3442677877E+27
    6.1500000000E+01    2.3193211322E+27
    6.2500000000E+01    2.2937865939E+27
    6.3500000000E+01    2.2673505068E+27
    6.4500000000E+01    2.2394912307E+27
    6.5500000000E+01    2.2096171613E+27
    6.6500000000E+01    2.1771465258E+27
    6.7500000000E+01    2.1420610848E+27
    6.8500000000E+01    2.1046667595E+27
    6.9500000000E+01    2.0653637212E+27
    7.0500000000E+01    2.0245749956E+27
    7.1500000000E+01    1.9824783219E+27
    7.2500000000E+01    1.9389063383E+27
    7.3500000000E+01    1.8936073878E+27
    7.4500000000E+01    1.8462788968E+27
    7.5500000000E+01    1.7965524311E+27
    7.6500000000E+01    1.7439730577E+27
    7.7500000000E+01    1.6881852755E+27
    7.8500000000E+01    1.6292475971E+27
    7.9500000000E+01    1.5673948714E+27
    8.0500000000E+01    1.5030575574E+27
    8.1500000000E+01    1.4369324610E+27
    8.2500000000E+01    1.3700301576E+27
    8.3500000000E+01    1.3032403552E+27
    8.4500000000E+01    1.2369203240E+27
    8.5500000000E+01    1.1712557113E+27
    8.6500000000E+01    1.1063703961E+27
    8.7500000000E+01    1.0422192848E+27
    8.8500000000E+01    9.7853643248E+26
    8.9500000000E+01    9.1484961559E+26
    9.0500000000E+01    8.5045459540E+26
    9.1500000000E+01    7.8463349698E+26
    9.2500000000E+01    7.1716761957E+26
    9.3500000000E+01    6.4846914013E+26
    9.4500000000E+01    5.7977958563E+26
    9.5500000000E+01    5.1041228448E+26
    9.6500000000E+01    4.3767409797E+26
    9.7500000000E+01    3.6101521456E+26
    9.8500000000E+01    2.7981468556E+26
    9.9500000000E+01    1.9502545555E+26
