 # iter=         30  time[s]=   1.199395E-05  x[nm]  rho[1/m3]
    5.0000000000E-01    3.3698422874E+27
    1.5000000000E+00    3.3483025550E+27
    2.5000000000E+00    3.3268778795E+27
    3.5000000000E+00    3.3056634006E+27
    4.5000000000E+00    3.2847593220E+27
    5.5000000000E+00    3.2642709819E+27
    6.5000000000E+00    3.2442841179E+27
    7.5000000000E+00    3.2247875251E+27
    8.5000000000E+00    3.2057426724E+27
    9.5000000000E+00    3.1871079990E+27
    1.0500000000E+01    3.1688389492E+27
    1.1500000000E+01    3.1508949967E+27
    1.2500000000E+01    3.1332848644E+27
    1.3500000000E+01    3.1160407799E+27
    1.4500000000E+01    3.0991966447E+27
    1.5500000000E+01    3.0827874387E+27
    1.6500000000E+01    3.0668217723E+27
    1.7500000000E+01    3.0512676689E+27
    1.8500000000E+01    3.0360884558E+27
    1.9500000000E+01    3.0212457808E+27
    2.0500000000E+01    3.0066995228E+27
    2.1500000000E+01    2.9924077017E+27
    2.2500000000E+01    2.9783263846E+27
    2.3500000000E+01    2.9644095916E+27
    2.4500000000E+01    2.9506092008E+27
    2.5500000000E+01    2.9368748522E+27
    2.6500000000E+01    2.9231538530E+27
    2.7500000000E+01    2.9093910839E+27
    2.8500000000E+01    2.8955348964E+27
    2.9500000000E+01    2.8815743033E+27
    3.0500000000E+01    2.8675164872E+27
    3.1500000000E+01    2.8533687941E+27
    3.2500000000E+01    2.8391386481E+27
    3.3500000000E+01    2.8248335424E+27
    3.4500000000E+01    2.8104610312E+27
    3.5500000000E+01    2.7960287235E+27
    3.6500000000E+01    2.7815436167E+27
    3.7500000000E+01    2.7669955087E+27
    3.8500000000E+01    2.7523547605E+27
    3.9500000000E+01    2.7375887648E+27
    4.0500000000E+01    2.7226625915E+27
    4.1500000000E+01    2.7075387356E+27
    4.2500000000E+01    2.6921768190E+27
    4.3500000000E+01    2.6765332332E+27
    4.4500000000E+01    2.6605607143E+27
    4.5500000000E+01    2.6442078306E+27
    4.6500000000E+01    2.6274183655E+27
    4.7500000000E+01    2.6101397942E+27
    4.8500000000E+01    2.5923521674E+27
    4.9500000000E+01    2.5740438857E+27
    5.0500000000E+01    2.5552031665E+27
    5.1500000000E+01    2.5358182213E+27
    5.2500000000E+01    2.5158774846E+27
    5.3500000000E+01    2.4953699055E+27
    5.4500000000E+01    2.4742853194E+27
    5.5500000000E+01    2.4526149175E+27
    5.6500000000E+01    2.4303518357E+27
    5.7500000000E+01    2.4074918872E+27
    5.8500000000E+01    2.3840344654E+27
    5.9500000000E+01    2.3599836431E+27
    6.0500000000E+01    2.3353494922E+27
    6.1500000000E+01    2.3101495499E+27
    6.2500000000E+01    2.2842994189E+27
    6.3500000000E+01    2.2573710124E+27
    6.4500000000E+01    2.2288164913E+27
    6.5500000000E+01    2.1980194907E+27
    6.6500000000E+01    2.1645478999E+27
    6.7500000000E+01    2.1285772499E+27
    6.8500000000E+01    2.0904518641E+27
    6.9500000000E+01    2.0506045084E+27
    7.0500000000E+01    2.0094055948E+27
    7.1500000000E+01    1.9668903699E+27
    7.2500000000E+01    1.9228465556E+27
    7.3500000000E+01    1.8770121048E+27
    7.4500000000E+01    1.8290714810E+27
    7.5500000000E+01    1.7786394770E+27
    7.6500000000E+01    1.7252583714E+27
    7.7500000000E+01    1.6687353368E+27
    7.8500000000E+01    1.6092120879E+27
    7.9500000000E+01    1.5469845044E+27
    8.0500000000E+01    1.4825588276E+27
    8.1500000000E+01    1.4167152246E+27
    8.2500000000E+01    1.3504951982E+27
    8.3500000000E+01    1.2845823522E+27
    8.4500000000E+01    1.2192516711E+27
    8.5500000000E+01    1.1546548658E+27
    8.6500000000E+01    1.0908827885E+27
    8.7500000000E+01    1.0278330914E+27
    8.8500000000E+01    9.6520168729E+26
    8.9500000000E+01    9.0249126348E+26
    9.0500000000E+01    8.3898708739E+26
    9.1500000000E+01    7.7407252687E+26
    9.2500000000E+01    7.0762328421E+26
    9.3500000000E+01    6.4014839481E+26
    9.4500000000E+01    5.7281982897E+26
    9.5500000000E+01    5.0462981704E+26
    9.6500000000E+01    4.3309069809E+26
    9.7500000000E+01    3.5778340393E+26
    9.8500000000E+01    2.7810994575E+26
    9.9500000000E+01    1.9502545555E+26
