 # iter=          9  time[s]=   1.601959E-06  x[nm]  rho[1/m3]
    5.0000000000E-01    3.3698422874E+27
    1.5000000000E+00    3.3382773697E+27
    2.5000000000E+00    3.3070626090E+27
    3.5000000000E+00    3.2765156150E+27
    4.5000000000E+00    3.2469597683E+27
    5.5000000000E+00    3.2184841438E+27
    6.5000000000E+00    3.1909744122E+27
    7.5000000000E+00    3.1642970132E+27
    8.5000000000E+00    3.1383525112E+27
    9.5000000000E+00    3.1132034894E+27
    1.0500000000E+01    3.0889538829E+27
    1.1500000000E+01    3.0656776069E+27
    1.2500000000E+01    3.0433027391E+27
    1.3500000000E+01    3.0217136865E+27
    1.4500000000E+01    3.0007883189E+27
    1.5500000000E+01    2.9803977190E+27
    1.6500000000E+01    2.9604059394E+27
    1.7500000000E+01    2.9406697838E+27
    1.8500000000E+01    2.9210386333E+27
    1.9500000000E+01    2.9013550206E+27
    2.0500000000E+01    2.8815188586E+27
    2.1500000000E+01    2.8615437306E+27
    2.2500000000E+01    2.8414554280E+27
    2.3500000000E+01    2.8212796934E+27
    2.4500000000E+01    2.8010421191E+27
    2.5500000000E+01    2.7807671497E+27
    2.6500000000E+01    2.7604382260E+27
    2.7500000000E+01    2.7399799983E+27
    2.8500000000E+01    2.7193073713E+27
    2.9500000000E+01    2.6983287634E+27
    3.0500000000E+01    2.6769452506E+27
    3.1500000000E+01    2.6550494801E+27
    3.2500000000E+01    2.6325242949E+27
    3.3500000000E+01    2.6092517597E+27
    3.4500000000E+01    2.5851890988E+27
    3.5500000000E+01    2.5603328175E+27
    3.6500000000E+01    2.5346817718E+27
    3.7500000000E+01    2.5082378737E+27
    3.8500000000E+01    2.4810072480E+27
    3.9500000000E+01    2.4530016429E+27
    4.0500000000E+01    2.4242401320E+27
    4.1500000000E+01    2.3947511381E+27
    4.2500000000E+01    2.3645747926E+27
    4.3500000000E+01    2.3337656043E+27
    4.4500000000E+01    2.3023898877E+27
    4.5500000000E+01    2.2701871382E+27
    4.6500000000E+01    2.2363317540E+27
    4.7500000000E+01    2.1998898627E+27
    4.8500000000E+01    2.1602364231E+27
    4.9500000000E+01    2.1178298760E+27
    5.0500000000E+01    2.0734357889E+27
    5.1500000000E+01    2.0278562442E+27
    5.2500000000E+01    1.9815378123E+27
    5.3500000000E+01    1.9344080176E+27
    5.4500000000E+01    1.8862918621E+27
    5.5500000000E+01    1.8369958781E+27
    5.6500000000E+01    1.7863047560E+27
    5.7500000000E+01    1.7339838247E+27
    5.8500000000E+01    1.6800464125E+27
    5.9500000000E+01    1.6248639412E+27
    6.0500000000E+01    1.5688976093E+27
    6.1500000000E+01    1.5126844380E+27
    6.2500000000E+01    1.4568314751E+27
    6.3500000000E+01    1.4019959360E+27
    6.4500000000E+01    1.3487932333E+27
    6.5500000000E+01    1.2974678207E+27
    6.6500000000E+01    1.2480681422E+27
    6.7500000000E+01    1.2005745419E+27
    6.8500000000E+01    1.1549445804E+27
    6.9500000000E+01    1.1111141684E+27
    7.0500000000E+01    1.0689716576E+27
    7.1500000000E+01    1.0283765848E+27
    7.2500000000E+01    9.8917403845E+26
    7.3500000000E+01    9.5120331908E+26
    7.4500000000E+01    9.1430236596E+26
    7.5500000000E+01    8.7830912117E+26
    7.6500000000E+01    8.4306711599E+26
    7.7500000000E+01    8.0849144298E+26
    7.8500000000E+01    7.7456238419E+26
    7.9500000000E+01    7.4129361393E+26
    8.0500000000E+01    7.0873066555E+26
    8.1500000000E+01    6.7695126022E+26
    8.2500000000E+01    6.4606642209E+26
    8.3500000000E+01    6.1621325286E+26
    8.4500000000E+01    5.8738712912E+26
    8.5500000000E+01    5.5942142764E+26
    8.6500000000E+01    5.3211380927E+26
    8.7500000000E+01    5.0522669778E+26
    8.8500000000E+01    4.7855013070E+26
    8.9500000000E+01    4.5217101068E+26
    9.0500000000E+01    4.2606979103E+26
    9.1500000000E+01    4.0019706505E+26
    9.2500000000E+01    3.7449835556E+26
    9.3500000000E+01    3.4891456066E+26
    9.4500000000E+01    3.2338340601E+26
    9.5500000000E+01    2.9784280975E+26
    9.6500000000E+01    2.7223795647E+26
    9.7500000000E+01    2.4653575814E+26
    9.8500000000E+01    2.2075448414E+26
    9.9500000000E+01    1.9502545555E+26
