 # iter=          2  time[s]=   1.377964E-13  x[nm]  rho[1/m3]
    5.0000000000E-01    3.3698422874E+27
    1.5000000000E+00    3.3235223518E+27
    2.5000000000E+00    3.2789164342E+27
    3.5000000000E+00    3.2368597710E+27
    4.5000000000E+00    3.1974128984E+27
    5.5000000000E+00    3.1601252240E+27
    6.5000000000E+00    3.1247015013E+27
    7.5000000000E+00    3.0912797191E+27
    8.5000000000E+00    3.0599984774E+27
    9.5000000000E+00    3.0306380193E+27
    1.0500000000E+01    3.0028640776E+27
    1.1500000000E+01    2.9763423347E+27
    1.2500000000E+01    2.9507384726E+27
    1.3500000000E+01    2.9257181736E+27
    1.4500000000E+01    2.9009479616E+27
    1.5500000000E+01    2.8762112917E+27
    1.6500000000E+01    2.8515273299E+27
    1.7500000000E+01    2.8269435657E+27
    1.8500000000E+01    2.8025074887E+27
    1.9500000000E+01    2.7782644654E+27
    2.0500000000E+01    2.7541870325E+27
    2.1500000000E+01    2.7301583776E+27
    2.2500000000E+01    2.7060562175E+27
    2.3500000000E+01    2.6817582694E+27
    2.4500000000E+01    2.6571422503E+27
    2.5500000000E+01    2.6320858773E+27
    2.6500000000E+01    2.6064829607E+27
    2.7500000000E+01    2.5803407171E+27
    2.8500000000E+01    2.5537151057E+27
    2.9500000000E+01    2.5266622740E+27
    3.0500000000E+01    2.4992383695E+27
    3.1500000000E+01    2.4714995399E+27
    3.2500000000E+01    2.4435019329E+27
    3.3500000000E+01    2.4153016958E+27
    3.4500000000E+01    2.3869549765E+27
    3.5500000000E+01    2.3585179224E+27
    3.6500000000E+01    2.3300466812E+27
    3.7500000000E+01    2.3015906183E+27
    3.8500000000E+01    2.2729248055E+27
    3.9500000000E+01    2.2434617168E+27
    4.0500000000E+01    2.2125889511E+27
    4.1500000000E+01    2.1797547126E+27
    4.2500000000E+01    2.1449981789E+27
    4.3500000000E+01    2.1086919976E+27
    4.4500000000E+01    2.0712125728E+27
    4.5500000000E+01    2.0329082762E+27
    4.6500000000E+01    1.9939744378E+27
    4.7500000000E+01    1.9543608878E+27
    4.8500000000E+01    1.9139576533E+27
    4.9500000000E+01    1.8726547609E+27
    5.0500000000E+01    1.8303422373E+27
    5.1500000000E+01    1.7869101091E+27
    5.2500000000E+01    1.7422500457E+27
    5.3500000000E+01    1.6963862385E+27
    5.4500000000E+01    1.6495706267E+27
    5.5500000000E+01    1.6020776063E+27
    5.6500000000E+01    1.5541815734E+27
    5.7500000000E+01    1.5061569241E+27
    5.8500000000E+01    1.4582780546E+27
    5.9500000000E+01    1.4108193607E+27
    6.0500000000E+01    1.3640402238E+27
    6.1500000000E+01    1.3180126059E+27
    6.2500000000E+01    1.2726811488E+27
    6.3500000000E+01    1.2279880651E+27
    6.4500000000E+01    1.1838832620E+27
    6.5500000000E+01    1.1403618088E+27
    6.6500000000E+01    1.0974351989E+27
    6.7500000000E+01    1.0551149495E+27
    6.8500000000E+01    1.0134125777E+27
    6.9500000000E+01    9.7233960048E+26
    7.0500000000E+01    9.3190753501E+26
    7.1500000000E+01    8.9212789835E+26
    7.2500000000E+01    8.5301321991E+26
    7.3500000000E+01    8.1462953333E+26
    7.4500000000E+01    7.7712188680E+26
    7.5500000000E+01    7.4064168756E+26
    7.6500000000E+01    7.0534034288E+26
    7.7500000000E+01    6.7136926003E+26
    7.8500000000E+01    6.3887984628E+26
    7.9500000000E+01    6.0799466671E+26
    8.0500000000E+01    5.7860506295E+26
    8.1500000000E+01    5.5049122670E+26
    8.2500000000E+01    5.2343264256E+26
    8.3500000000E+01    4.9720880246E+26
    8.4500000000E+01    4.7174600828E+26
    8.5500000000E+01    4.4717405500E+26
    8.6500000000E+01    4.2349265034E+26
    8.7500000000E+01    4.0069817046E+26
    8.8500000000E+01    3.7878699149E+26
    8.9500000000E+01    3.5775548960E+26
    9.0500000000E+01    3.3760004090E+26
    9.1500000000E+01    3.1831702157E+26
    9.2500000000E+01    2.9990280774E+26
    9.3500000000E+01    2.8235377555E+26
    9.4500000000E+01    2.6566630115E+26
    9.5500000000E+01    2.4983676068E+26
    9.6500000000E+01    2.3486153030E+26
    9.7500000000E+01    2.2073698614E+26
    9.8500000000E+01    2.0745950435E+26
    9.9500000000E+01    1.9502545555E+26
