 # iter=         58  time[s]=   2.599395E-05  x[nm]  rho[1/m3]
    5.0000000000E-01    3.3698422874E+27
    1.5000000000E+00    3.3499757627E+27
    2.5000000000E+00    3.3302000274E+27
    3.5000000000E+00    3.3105884072E+27
    4.5000000000E+00    3.2912179701E+27
    5.5000000000E+00    3.2721696312E+27
    6.5000000000E+00    3.2535244761E+27
    7.5000000000E+00    3.2353053218E+27
    8.5000000000E+00    3.2174842291E+27
    9.5000000000E+00    3.2000296182E+27
    1.0500000000E+01    3.1829077254E+27
    1.1500000000E+01    3.1660825947E+27
    1.2500000000E+01    3.1495252945E+27
    1.3500000000E+01    3.1332482692E+27
    1.4500000000E+01    3.1172771053E+27
    1.5500000000E+01    3.1016386861E+27
    1.6500000000E+01    3.0863612093E+27
    1.7500000000E+01    3.0714598507E+27
    1.8500000000E+01    3.0569130641E+27
    1.9500000000E+01    3.0426923403E+27
    2.0500000000E+01    3.0287678786E+27
    2.1500000000E+01    3.0151085084E+27
    2.2500000000E+01    3.0016816100E+27
    2.3500000000E+01    2.9884530326E+27
    2.4500000000E+01    2.9753870093E+27
    2.5500000000E+01    2.9624460711E+27
    2.6500000000E+01    2.9495909568E+27
    2.7500000000E+01    2.9367805222E+27
    2.8500000000E+01    2.9239716456E+27
    2.9500000000E+01    2.9111191319E+27
    3.0500000000E+01    2.8981782995E+27
    3.1500000000E+01    2.8851340619E+27
    3.2500000000E+01    2.8719913188E+27
    3.3500000000E+01    2.8587553989E+27
    3.4500000000E+01    2.8454317164E+27
    3.5500000000E+01    2.8320257668E+27
    3.6500000000E+01    2.8185431241E+27
    3.7500000000E+01    2.8049894387E+27
    3.8500000000E+01    2.7913704377E+27
    3.9500000000E+01    2.7776894211E+27
    4.0500000000E+01    2.7639300481E+27
    4.1500000000E+01    2.7500654860E+27
    4.2500000000E+01    2.7360668903E+27
    4.3500000000E+01    2.7219032480E+27
    4.4500000000E+01    2.7075411350E+27
    4.5500000000E+01    2.6929444304E+27
    4.6500000000E+01    2.6780739781E+27
    4.7500000000E+01    2.6628871828E+27
    4.8500000000E+01    2.6473375275E+27
    4.9500000000E+01    2.6313739935E+27
    5.0500000000E+01    2.6149438412E+27
    5.1500000000E+01    2.5980192869E+27
    5.2500000000E+01    2.5805860008E+27
    5.3500000000E+01    2.5626292204E+27
    5.4500000000E+01    2.5441337475E+27
    5.5500000000E+01    2.5250840988E+27
    5.6500000000E+01    2.5054647098E+27
    5.7500000000E+01    2.4852602057E+27
    5.8500000000E+01    2.4644557577E+27
    5.9500000000E+01    2.4430375483E+27
    6.0500000000E+01    2.4209933710E+27
    6.1500000000E+01    2.3983133958E+27
    6.2500000000E+01    2.3749911377E+27
    6.3500000000E+01    2.3510246643E+27
    6.4500000000E+01    2.3264180830E+27
    6.5500000000E+01    2.3011757302E+27
    6.6500000000E+01    2.2750852261E+27
    6.7500000000E+01    2.2476427607E+27
    6.8500000000E+01    2.2182518885E+27
    6.9500000000E+01    2.1862498434E+27
    7.0500000000E+01    2.1513840863E+27
    7.1500000000E+01    2.1138881279E+27
    7.2500000000E+01    2.0741142935E+27
    7.3500000000E+01    2.0324886450E+27
    7.4500000000E+01    1.9892475789E+27
    7.5500000000E+01    1.9442208477E+27
    7.6500000000E+01    1.8970927582E+27
    7.7500000000E+01    1.8474746746E+27
    7.8500000000E+01    1.7948808645E+27
    7.9500000000E+01    1.7386957579E+27
    8.0500000000E+01    1.6784365252E+27
    8.1500000000E+01    1.6141037467E+27
    8.2500000000E+01    1.5459347005E+27
    8.3500000000E+01    1.4744855844E+27
    8.4500000000E+01    1.4007713988E+27
    8.5500000000E+01    1.3261710339E+27
    8.6500000000E+01    1.2514418201E+27
    8.7500000000E+01    1.1769318827E+27
    8.8500000000E+01    1.1028697050E+27
    8.9500000000E+01    1.0292402504E+27
    9.0500000000E+01    9.5564381228E+26
    9.1500000000E+01    8.8128324491E+26
    9.2500000000E+01    8.0498274661E+26
    9.3500000000E+01    7.2607946190E+26
    9.4500000000E+01    6.4502984250E+26
    9.5500000000E+01    5.6364297968E+26
    9.6500000000E+01    4.8001658451E+26
    9.7500000000E+01    3.9098321864E+26
    9.8500000000E+01    2.9570958810E+26
    9.9500000000E+01    1.9502545555E+26
