 # iter=         14  time[s]=   3.993954E-06  x[nm]  rho[1/m3]
    5.0000000000E-01    3.3698422874E+27
    1.5000000000E+00    3.3428087474E+27
    2.5000000000E+00    3.3159968664E+27
    3.5000000000E+00    3.2896008079E+27
    4.5000000000E+00    3.2638269972E+27
    5.5000000000E+00    3.2388421881E+27
    6.5000000000E+00    3.2146214590E+27
    7.5000000000E+00    3.1910869917E+27
    8.5000000000E+00    3.1681535150E+27
    9.5000000000E+00    3.1457462698E+27
    1.0500000000E+01    3.1238901805E+27
    1.1500000000E+01    3.1026498993E+27
    1.2500000000E+01    3.0820927952E+27
    1.3500000000E+01    3.0622384418E+27
    1.4500000000E+01    3.0430243497E+27
    1.5500000000E+01    3.0243771540E+27
    1.6500000000E+01    3.0062195916E+27
    1.7500000000E+01    2.9884703065E+27
    1.8500000000E+01    2.9710436552E+27
    1.9500000000E+01    2.9538495148E+27
    2.0500000000E+01    2.9367930990E+27
    2.1500000000E+01    2.9197747886E+27
    2.2500000000E+01    2.9026902759E+27
    2.3500000000E+01    2.8854696241E+27
    2.4500000000E+01    2.8681190761E+27
    2.5500000000E+01    2.8506542189E+27
    2.6500000000E+01    2.8330907533E+27
    2.7500000000E+01    2.8154444528E+27
    2.8500000000E+01    2.7977311288E+27
    2.9500000000E+01    2.7799653749E+27
    3.0500000000E+01    2.7621299072E+27
    3.1500000000E+01    2.7441714853E+27
    3.2500000000E+01    2.7260312207E+27
    3.3500000000E+01    2.7076456964E+27
    3.4500000000E+01    2.6889464069E+27
    3.5500000000E+01    2.6698590682E+27
    3.6500000000E+01    2.6503027683E+27
    3.7500000000E+01    2.6301889140E+27
    3.8500000000E+01    2.6094303582E+27
    3.9500000000E+01    2.5879951930E+27
    4.0500000000E+01    2.5658737742E+27
    4.1500000000E+01    2.5430573272E+27
    4.2500000000E+01    2.5195384597E+27
    4.3500000000E+01    2.4953118501E+27
    4.4500000000E+01    2.4703751021E+27
    4.5500000000E+01    2.4447298008E+27
    4.6500000000E+01    2.4183828041E+27
    4.7500000000E+01    2.3913478024E+27
    4.8500000000E+01    2.3636471734E+27
    4.9500000000E+01    2.3353141365E+27
    5.0500000000E+01    2.3063939114E+27
    5.1500000000E+01    2.2767274777E+27
    5.2500000000E+01    2.2456701647E+27
    5.3500000000E+01    2.2124512834E+27
    5.4500000000E+01    2.1763265346E+27
    5.5500000000E+01    2.1373375316E+27
    5.6500000000E+01    2.0960282968E+27
    5.7500000000E+01    2.0530530370E+27
    5.8500000000E+01    2.0089880983E+27
    5.9500000000E+01    1.9639776070E+27
    6.0500000000E+01    1.9178624476E+27
    6.1500000000E+01    1.8704502431E+27
    6.2500000000E+01    1.8215226306E+27
    6.3500000000E+01    1.7708296793E+27
    6.4500000000E+01    1.7181210335E+27
    6.5500000000E+01    1.6635031539E+27
    6.6500000000E+01    1.6073513383E+27
    6.7500000000E+01    1.5501413857E+27
    6.8500000000E+01    1.4924571881E+27
    6.9500000000E+01    1.4349863432E+27
    7.0500000000E+01    1.3784936981E+27
    7.1500000000E+01    1.3235677125E+27
    7.2500000000E+01    1.2703975535E+27
    7.3500000000E+01    1.2190460430E+27
    7.4500000000E+01    1.1695123747E+27
    7.5500000000E+01    1.1217756329E+27
    7.6500000000E+01    1.0757474609E+27
    7.7500000000E+01    1.0312843035E+27
    7.8500000000E+01    9.8820857181E+26
    7.9500000000E+01    9.4632159357E+26
    8.0500000000E+01    9.0540979750E+26
    8.1500000000E+01    8.6524538067E+26
    8.2500000000E+01    8.2561760052E+26
    8.3500000000E+01    7.8643186646E+26
    8.4500000000E+01    7.4766258497E+26
    8.5500000000E+01    7.0934093343E+26
    8.6500000000E+01    6.7156528128E+26
    8.7500000000E+01    6.3451790011E+26
    8.8500000000E+01    5.9839828863E+26
    8.9500000000E+01    5.6304029119E+26
    9.0500000000E+01    5.2807128746E+26
    9.1500000000E+01    4.9298041899E+26
    9.2500000000E+01    4.5751829493E+26
    9.3500000000E+01    4.2174019646E+26
    9.4500000000E+01    3.8552718394E+26
    9.5500000000E+01    3.4875573885E+26
    9.6500000000E+01    3.1130990517E+26
    9.7500000000E+01    2.7311334711E+26
    9.8500000000E+01    2.3421494071E+26
    9.9500000000E+01    1.9502545555E+26
