 # iter=         25  time[s]=   9.493954E-06  x[nm]  rho[1/m3]
    5.0000000000E-01    3.3698422874E+27
    1.5000000000E+00    3.3472570048E+27
    2.5000000000E+00    3.3248036765E+27
    3.5000000000E+00    3.3025928211E+27
    4.5000000000E+00    3.2807410354E+27
    5.5000000000E+00    3.2593706995E+27
    6.5000000000E+00    3.2385581395E+27
    7.5000000000E+00    3.2182744342E+27
    8.5000000000E+00    3.1984742198E+27
    9.5000000000E+00    3.1791084895E+27
    1.0500000000E+01    3.1601249553E+27
    1.1500000000E+01    3.1414988436E+27
    1.2500000000E+01    3.1232607347E+27
    1.3500000000E+01    3.1054487829E+27
    1.4500000000E+01    3.0881029954E+27
    1.5500000000E+01    3.0712501993E+27
    1.6500000000E+01    3.0548627993E+27
    1.7500000000E+01    3.0388990773E+27
    1.8500000000E+01    3.0233153653E+27
    1.9500000000E+01    3.0080659444E+27
    2.0500000000E+01    2.9931029424E+27
    2.1500000000E+01    2.9783762292E+27
    2.2500000000E+01    2.9638333112E+27
    2.3500000000E+01    2.9494192260E+27
    2.4500000000E+01    2.9350764384E+27
    2.5500000000E+01    2.9207447383E+27
    2.6500000000E+01    2.9063611444E+27
    2.7500000000E+01    2.8918737403E+27
    2.8500000000E+01    2.8772796489E+27
    2.9500000000E+01    2.8625874943E+27
    3.0500000000E+01    2.8478059934E+27
    3.1500000000E+01    2.8329439404E+27
    3.2500000000E+01    2.8180101940E+27
    3.3500000000E+01    2.8030136661E+27
    3.4500000000E+01    2.7879633134E+27
    3.5500000000E+01    2.7728605100E+27
    3.6500000000E+01    2.7576783127E+27
    3.7500000000E+01    2.7423814452E+27
    3.8500000000E+01    2.7269321592E+27
    3.9500000000E+01    2.7112899727E+27
    4.0500000000E+01    2.6954113585E+27
    4.1500000000E+01    2.6792493706E+27
    4.2500000000E+01    2.6627531963E+27
    4.3500000000E+01    2.6458676164E+27
    4.4500000000E+01    2.6285323523E+27
    4.5500000000E+01    2.6106896525E+27
    4.6500000000E+01    2.5923175625E+27
    4.7500000000E+01    2.5734054580E+27
    4.8500000000E+01    2.5539427178E+27
    4.9500000000E+01    2.5339189441E+27
    5.0500000000E+01    2.5133242459E+27
    5.1500000000E+01    2.4921495950E+27
    5.2500000000E+01    2.4703872728E+27
    5.3500000000E+01    2.4480314269E+27
    5.4500000000E+01    2.4250787597E+27
    5.5500000000E+01    2.4015293737E+27
    5.6500000000E+01    2.3773877966E+27
    5.7500000000E+01    2.3526642090E+27
    5.8500000000E+01    2.3273758897E+27
    5.9500000000E+01    2.3015419694E+27
    6.0500000000E+01    2.2749604334E+27
    6.1500000000E+01    2.2471248880E+27
    6.2500000000E+01    2.2174514202E+27
    6.3500000000E+01    2.1853192916E+27
    6.4500000000E+01    2.1505646387E+27
    6.5500000000E+01    2.1134988468E+27
    6.6500000000E+01    2.0745352352E+27
    6.7500000000E+01    2.0341398875E+27
    6.8500000000E+01    1.9925958562E+27
    6.9500000000E+01    1.9498178305E+27
    7.0500000000E+01    1.9055990342E+27
    7.1500000000E+01    1.8596957819E+27
    7.2500000000E+01    1.8118180443E+27
    7.3500000000E+01    1.7616159449E+27
    7.4500000000E+01    1.7087362355E+27
    7.5500000000E+01    1.6531928191E+27
    7.6500000000E+01    1.5952140304E+27
    7.7500000000E+01    1.5351626322E+27
    7.8500000000E+01    1.4735783086E+27
    7.9500000000E+01    1.4112116534E+27
    8.0500000000E+01    1.3489751684E+27
    8.1500000000E+01    1.2874048158E+27
    8.2500000000E+01    1.2267109470E+27
    8.3500000000E+01    1.1669984175E+27
    8.4500000000E+01    1.1083330965E+27
    8.5500000000E+01    1.0506506041E+27
    8.6500000000E+01    9.9374404426E+26
    8.7500000000E+01    9.3728413523E+26
    8.8500000000E+01    8.8081776035E+26
    8.9500000000E+01    8.2377950023E+26
    9.0500000000E+01    7.6582165725E+26
    9.1500000000E+01    7.0691506505E+26
    9.2500000000E+01    6.4743156899E+26
    9.3500000000E+01    5.8824190902E+26
    9.4500000000E+01    5.2901778995E+26
    9.5500000000E+01    4.6787458931E+26
    9.6500000000E+01    4.0412203970E+26
    9.7500000000E+01    3.3742049475E+26
    9.8500000000E+01    2.6741438906E+26
    9.9500000000E+01    1.9502545555E+26
