 # iter=          6  time[s]=   4.194747E-07  x[nm]  rho[1/m3]
    5.0000000000E-01    3.3698422874E+27
    1.5000000000E+00    3.3320805926E+27
    2.5000000000E+00    3.2949255049E+27
    3.5000000000E+00    3.2589454989E+27
    4.5000000000E+00    3.2245427896E+27
    5.5000000000E+00    3.1916054334E+27
    6.5000000000E+00    3.1599136092E+27
    7.5000000000E+00    3.1293352491E+27
    8.5000000000E+00    3.0999996201E+27
    9.5000000000E+00    3.0720672258E+27
    1.0500000000E+01    3.0455056472E+27
    1.1500000000E+01    3.0201251171E+27
    1.2500000000E+01    2.9957221273E+27
    1.3500000000E+01    2.9720835853E+27
    1.4500000000E+01    2.9489871560E+27
    1.5500000000E+01    2.9262017220E+27
    1.6500000000E+01    2.9034882175E+27
    1.7500000000E+01    2.8806744671E+27
    1.8500000000E+01    2.8577767274E+27
    1.9500000000E+01    2.8348408650E+27
    2.0500000000E+01    2.8119113285E+27
    2.1500000000E+01    2.7890308532E+27
    2.2500000000E+01    2.7662180791E+27
    2.3500000000E+01    2.7433935045E+27
    2.4500000000E+01    2.7204474097E+27
    2.5500000000E+01    2.6972648169E+27
    2.6500000000E+01    2.6737249369E+27
    2.7500000000E+01    2.6497003929E+27
    2.8500000000E+01    2.6250562035E+27
    2.9500000000E+01    2.5996862889E+27
    3.0500000000E+01    2.5735922591E+27
    3.1500000000E+01    2.5467986287E+27
    3.2500000000E+01    2.5193332950E+27
    3.3500000000E+01    2.4912283414E+27
    3.4500000000E+01    2.4625209372E+27
    3.5500000000E+01    2.4332543421E+27
    3.6500000000E+01    2.4034790129E+27
    3.7500000000E+01    2.3732538002E+27
    3.8500000000E+01    2.3426471974E+27
    3.9500000000E+01    2.3117385730E+27
    4.0500000000E+01    2.2804563621E+27
    4.1500000000E+01    2.2481464770E+27
    4.2500000000E+01    2.2140123441E+27
    4.3500000000E+01    2.1773420850E+27
    4.4500000000E+01    2.1382745077E+27
    4.5500000000E+01    2.0974696706E+27
    4.6500000000E+01    2.0556311101E+27
    4.7500000000E+01    2.0133377234E+27
    4.8500000000E+01    1.9707543078E+27
    4.9500000000E+01    1.9277454442E+27
    5.0500000000E+01    1.8841484990E+27
    5.1500000000E+01    1.8397868734E+27
    5.2500000000E+01    1.7944665858E+27
    5.3500000000E+01    1.7479718404E+27
    5.4500000000E+01    1.7001807966E+27
    5.5500000000E+01    1.6512545633E+27
    5.6500000000E+01    1.6014277598E+27
    5.7500000000E+01    1.5509800071E+27
    5.8500000000E+01    1.5002446541E+27
    5.9500000000E+01    1.4496128280E+27
    6.0500000000E+01    1.3995304426E+27
    6.1500000000E+01    1.3504349445E+27
    6.2500000000E+01    1.3025041882E+27
    6.3500000000E+01    1.2557932914E+27
    6.4500000000E+01    1.2103182660E+27
    6.5500000000E+01    1.1660815708E+27
    6.6500000000E+01    1.1230852190E+27
    6.7500000000E+01    1.0812937935E+27
    6.8500000000E+01    1.0406423852E+27
    6.9500000000E+01    1.0010470309E+27
    7.0500000000E+01    9.6241184571E+26
    7.1500000000E+01    9.2463331501E+26
    7.2500000000E+01    8.8760226610E+26
    7.3500000000E+01    8.5120575256E+26
    7.4500000000E+01    8.1538504579E+26
    7.5500000000E+01    7.8016693320E+26
    7.6500000000E+01    7.4561978787E+26
    7.7500000000E+01    7.1184868335E+26
    7.8500000000E+01    6.7899350679E+26
    7.9500000000E+01    6.4722645991E+26
    8.0500000000E+01    6.1674038943E+26
    8.1500000000E+01    5.8757282829E+26
    8.2500000000E+01    5.5958277773E+26
    8.3500000000E+01    5.3259792772E+26
    8.4500000000E+01    5.0642482415E+26
    8.5500000000E+01    4.8090185573E+26
    8.6500000000E+01    4.5614811247E+26
    8.7500000000E+01    4.3219039261E+26
    8.8500000000E+01    4.0901943264E+26
    8.9500000000E+01    3.8661904451E+26
    9.0500000000E+01    3.6496513211E+26
    9.1500000000E+01    3.4402464210E+26
    9.2500000000E+01    3.2375456295E+26
    9.3500000000E+01    3.0410116259E+26
    9.4500000000E+01    2.8499975972E+26
    9.5500000000E+01    2.6637547525E+26
    9.6500000000E+01    2.4814565396E+26
    9.7500000000E+01    2.3022507278E+26
    9.8500000000E+01    2.1253584631E+26
    9.9500000000E+01    1.9502545555E+26
