 # iter=         67  time[s]=   3.049395E-05  x[nm]  rho[1/m3]
    5.0000000000E-01    3.3698422874E+27
    1.5000000000E+00    3.3500341217E+27
    2.5000000000E+00    3.3303159556E+27
    3.5000000000E+00    3.3107604110E+27
    4.5000000000E+00    3.2914438118E+27
    5.5000000000E+00    3.2724462907E+27
    6.5000000000E+00    3.2538484459E+27
    7.5000000000E+00    3.2356742303E+27
    8.5000000000E+00    3.2178961409E+27
    9.5000000000E+00    3.2004829050E+27
    1.0500000000E+01    3.1834010915E+27
    1.1500000000E+01    3.1666151016E+27
    1.2500000000E+01    3.1500954077E+27
    1.3500000000E+01    3.1338531997E+27
    1.4500000000E+01    3.1179137993E+27
    1.5500000000E+01    3.1023038198E+27
    1.6500000000E+01    3.0870512012E+27
    1.7500000000E+01    3.0721725349E+27
    1.8500000000E+01    3.0576474791E+27
    1.9500000000E+01    3.0434478297E+27
    2.0500000000E+01    3.0295441046E+27
    2.1500000000E+01    3.0159054662E+27
    2.2500000000E+01    3.0024996425E+27
    2.3500000000E+01    2.9892928448E+27
    2.4500000000E+01    2.9762496837E+27
    2.5500000000E+01    2.9633330827E+27
    2.6500000000E+01    2.9505041889E+27
    2.7500000000E+01    2.9377222816E+27
    2.8500000000E+01    2.9249446783E+27
    2.9500000000E+01    2.9121266385E+27
    3.0500000000E+01    2.8992230878E+27
    3.1500000000E+01    2.8862159435E+27
    3.2500000000E+01    2.8731097344E+27
    3.3500000000E+01    2.8599097159E+27
    3.4500000000E+01    2.8466212296E+27
    3.5500000000E+01    2.8332496993E+27
    3.6500000000E+01    2.8198006284E+27
    3.7500000000E+01    2.8062795979E+27
    3.8500000000E+01    2.7926922665E+27
    3.9500000000E+01    2.7790426982E+27
    4.0500000000E+01    2.7653167682E+27
    4.1500000000E+01    2.7514880401E+27
    4.2500000000E+01    2.7375279859E+27
    4.3500000000E+01    2.7234059337E+27
    4.4500000000E+01    2.7090888298E+27
    4.5500000000E+01    2.6945409573E+27
    4.6500000000E+01    2.6797236038E+27
    4.7500000000E+01    2.6645946646E+27
    4.8500000000E+01    2.6491081701E+27
    4.9500000000E+01    2.6332137156E+27
    5.0500000000E+01    2.6168578900E+27
    5.1500000000E+01    2.6000093397E+27
    5.2500000000E+01    2.5826534401E+27
    5.3500000000E+01    2.5647753535E+27
    5.4500000000E+01    2.5463597781E+27
    5.5500000000E+01    2.5273910928E+27
    5.6500000000E+01    2.5078535516E+27
    5.7500000000E+01    2.4877315442E+27
    5.8500000000E+01    2.4670099406E+27
    5.9500000000E+01    2.4456745402E+27
    6.0500000000E+01    2.4237126535E+27
    6.1500000000E+01    2.4011138469E+27
    6.2500000000E+01    2.3778708855E+27
    6.3500000000E+01    2.3539809148E+27
    6.4500000000E+01    2.3294469173E+27
    6.5500000000E+01    2.3042764854E+27
    6.6500000000E+01    2.2783016496E+27
    6.7500000000E+01    2.2510365914E+27
    6.8500000000E+01    2.2218932306E+27
    6.9500000000E+01    2.1902046442E+27
    7.0500000000E+01    2.1556333531E+27
    7.1500000000E+01    2.1183855960E+27
    7.2500000000E+01    2.0788001720E+27
    7.3500000000E+01    2.0373037279E+27
    7.4500000000E+01    1.9941718437E+27
    7.5500000000E+01    1.9492704436E+27
    7.6500000000E+01    1.9022877626E+27
    7.7500000000E+01    1.8528399445E+27
    7.8500000000E+01    1.8004476020E+27
    7.9500000000E+01    1.7445013330E+27
    8.0500000000E+01    1.6844663610E+27
    8.1500000000E+01    1.6203061108E+27
    8.2500000000E+01    1.5522331481E+27
    8.3500000000E+01    1.4807712496E+27
    8.4500000000E+01    1.4068986366E+27
    8.5500000000E+01    1.3320107623E+27
    8.6500000000E+01    1.2569381973E+27
    8.7500000000E+01    1.1820499547E+27
    8.8500000000E+01    1.1075859594E+27
    8.9500000000E+01    1.0335568136E+27
    9.0500000000E+01    9.5958156208E+26
    9.1500000000E+01    8.8487539135E+26
    9.2500000000E+01    8.0825133276E+26
    9.3500000000E+01    7.2899388496E+26
    9.4500000000E+01    6.4751263599E+26
    9.5500000000E+01    5.6564131488E+26
    9.6500000000E+01    4.8160278107E+26
    9.7500000000E+01    3.9210939423E+26
    9.8500000000E+01    2.9630980346E+26
    9.9500000000E+01    1.9502545555E+26
