 # iter=         47  time[s]=   2.049395E-05  x[nm]  rho[1/m3]
    5.0000000000E-01    3.3698422874E+27
    1.5000000000E+00    3.3497612708E+27
    2.5000000000E+00    3.3297739772E+27
    3.5000000000E+00    3.3099563511E+27
    4.5000000000E+00    3.2903882293E+27
    5.5000000000E+00    3.2711534411E+27
    6.5000000000E+00    3.2523347201E+27
    7.5000000000E+00    3.2339506144E+27
    8.5000000000E+00    3.2159716467E+27
    9.5000000000E+00    3.1983650850E+27
    1.0500000000E+01    3.1810959186E+27
    1.1500000000E+01    3.1641268555E+27
    1.2500000000E+01    3.1474317797E+27
    1.3500000000E+01    3.1310273472E+27
    1.4500000000E+01    3.1149401203E+27
    1.5500000000E+01    3.0991979918E+27
    1.6500000000E+01    3.0838299305E+27
    1.7500000000E+01    3.0688451094E+27
    1.8500000000E+01    3.0542182511E+27
    1.9500000000E+01    3.0399197053E+27
    2.0500000000E+01    3.0259184772E+27
    2.1500000000E+01    3.0121821486E+27
    2.2500000000E+01    2.9986767973E+27
    2.3500000000E+01    2.9853669134E+27
    2.4500000000E+01    2.9722153143E+27
    2.5500000000E+01    2.9591830569E+27
    2.6500000000E+01    2.9462293476E+27
    2.7500000000E+01    2.9333114501E+27
    2.8500000000E+01    2.9203845921E+27
    2.9500000000E+01    2.9074018694E+27
    3.0500000000E+01    2.8943222878E+27
    3.1500000000E+01    2.8811407371E+27
    3.2500000000E+01    2.8678627287E+27
    3.3500000000E+01    2.8544938622E+27
    3.4500000000E+01    2.8410398197E+27
    3.5500000000E+01    2.8275063613E+27
    3.6500000000E+01    2.8138993214E+27
    3.7500000000E+01    2.8002246073E+27
    3.8500000000E+01    2.7864881831E+27
    3.9500000000E+01    2.7726882695E+27
    4.0500000000E+01    2.7588019398E+27
    4.1500000000E+01    2.7448011911E+27
    4.2500000000E+01    2.7306559732E+27
    4.3500000000E+01    2.7163339700E+27
    4.4500000000E+01    2.7018003420E+27
    4.5500000000E+01    2.6870174205E+27
    4.6500000000E+01    2.6719443457E+27
    4.7500000000E+01    2.6565366341E+27
    4.8500000000E+01    2.6407456600E+27
    4.9500000000E+01    2.6245180735E+27
    5.0500000000E+01    2.6078082746E+27
    5.1500000000E+01    2.5905984853E+27
    5.2500000000E+01    2.5728746985E+27
    5.3500000000E+01    2.5546224500E+27
    5.4500000000E+01    2.5358269501E+27
    5.5500000000E+01    2.5164732624E+27
    5.6500000000E+01    2.4965465402E+27
    5.7500000000E+01    2.4760323387E+27
    5.8500000000E+01    2.4549170210E+27
    5.9500000000E+01    2.4331882826E+27
    6.0500000000E+01    2.4108358219E+27
    6.1500000000E+01    2.3878521882E+27
    6.2500000000E+01    2.3642338447E+27
    6.3500000000E+01    2.3399824790E+27
    6.4500000000E+01    2.3151065993E+27
    6.5500000000E+01    2.2895627716E+27
    6.6500000000E+01    2.2629749641E+27
    6.7500000000E+01    2.2347973339E+27
    6.8500000000E+01    2.2044020448E+27
    6.9500000000E+01    2.1712208857E+27
    7.0500000000E+01    2.1352985308E+27
    7.1500000000E+01    2.0969302625E+27
    7.2500000000E+01    2.0565164259E+27
    7.3500000000E+01    2.0144433665E+27
    7.4500000000E+01    1.9707744058E+27
    7.5500000000E+01    1.9252558542E+27
    7.6500000000E+01    1.8775574507E+27
    7.7500000000E+01    1.8272718605E+27
    7.8500000000E+01    1.7738883382E+27
    7.9500000000E+01    1.7167965003E+27
    8.0500000000E+01    1.6557347006E+27
    8.1500000000E+01    1.5908084916E+27
    8.2500000000E+01    1.5223518323E+27
    8.3500000000E+01    1.4510438403E+27
    8.4500000000E+01    1.3780300392E+27
    8.5500000000E+01    1.3045358121E+27
    8.6500000000E+01    1.2310998905E+27
    8.7500000000E+01    1.1580041292E+27
    8.8500000000E+01    1.0854294012E+27
    8.9500000000E+01    1.0132674638E+27
    9.0500000000E+01    9.4105524087E+26
    9.1500000000E+01    8.6795299305E+26
    9.2500000000E+01    7.9285015446E+26
    9.3500000000E+01    7.1527275712E+26
    9.4500000000E+01    6.3584828014E+26
    9.5500000000E+01    5.5624175596E+26
    9.6500000000E+01    4.7413601153E+26
    9.7500000000E+01    3.8681015047E+26
    9.8500000000E+01    2.9348722279E+26
    9.9500000000E+01    1.9502545555E+26
