 # iter=         29  time[s]=   1.149395E-05  x[nm]  rho[1/m3]
    5.0000000000E-01    3.3698422874E+27
    1.5000000000E+00    3.3481259787E+27
    2.5000000000E+00    3.3265274822E+27
    3.5000000000E+00    3.3051444353E+27
    4.5000000000E+00    3.2840797000E+27
    5.5000000000E+00    3.2634414284E+27
    6.5000000000E+00    3.2433144721E+27
    7.5000000000E+00    3.2236843396E+27
    8.5000000000E+00    3.2045114077E+27
    9.5000000000E+00    3.1857529258E+27
    1.0500000000E+01    3.1673630518E+27
    1.1500000000E+01    3.1493025096E+27
    1.2500000000E+01    3.1315845400E+27
    1.3500000000E+01    3.1142423863E+27
    1.4500000000E+01    3.0973109292E+27
    1.5500000000E+01    3.0808253989E+27
    1.6500000000E+01    3.0647882488E+27
    1.7500000000E+01    3.0491650705E+27
    1.8500000000E+01    3.0339180753E+27
    1.9500000000E+01    3.0190077373E+27
    2.0500000000E+01    3.0043927020E+27
    2.1500000000E+01    2.9900296935E+27
    2.2500000000E+01    2.9758734194E+27
    2.3500000000E+01    2.9618764751E+27
    2.4500000000E+01    2.9479892466E+27
    2.5500000000E+01    2.9341598138E+27
    2.6500000000E+01    2.9203338552E+27
    2.7500000000E+01    2.9064545545E+27
    2.8500000000E+01    2.8924748238E+27
    2.9500000000E+01    2.8783916456E+27
    3.0500000000E+01    2.8642125182E+27
    3.1500000000E+01    2.8499450278E+27
    3.2500000000E+01    2.8355968367E+27
    3.3500000000E+01    2.8211756738E+27
    3.4500000000E+01    2.8066893262E+27
    3.5500000000E+01    2.7921456332E+27
    3.6500000000E+01    2.7775498792E+27
    3.7500000000E+01    2.7628841018E+27
    3.8500000000E+01    2.7481167979E+27
    3.9500000000E+01    2.7332141656E+27
    4.0500000000E+01    2.7181399779E+27
    4.1500000000E+01    2.7028553144E+27
    4.2500000000E+01    2.6873182425E+27
    4.3500000000E+01    2.6714834360E+27
    4.4500000000E+01    2.6553017195E+27
    4.5500000000E+01    2.6387195188E+27
    4.6500000000E+01    2.6216785372E+27
    4.7500000000E+01    2.6041356894E+27
    4.8500000000E+01    2.5860771277E+27
    4.9500000000E+01    2.5674913864E+27
    5.0500000000E+01    2.5483669070E+27
    5.1500000000E+01    2.5286922399E+27
    5.2500000000E+01    2.5084563010E+27
    5.3500000000E+01    2.4876487001E+27
    5.4500000000E+01    2.4662601551E+27
    5.5500000000E+01    2.4442830132E+27
    5.6500000000E+01    2.4217119015E+27
    5.7500000000E+01    2.3985445308E+27
    5.8500000000E+01    2.3747826802E+27
    5.9500000000E+01    2.3504333864E+27
    6.0500000000E+01    2.3255103581E+27
    6.1500000000E+01    2.3000255247E+27
    6.2500000000E+01    2.2737566753E+27
    6.3500000000E+01    2.2462038552E+27
    6.4500000000E+01    2.2167916144E+27
    6.5500000000E+01    2.1849046526E+27
    6.6500000000E+01    2.1503759914E+27
    6.7500000000E+01    2.1134910752E+27
    6.8500000000E+01    2.0746364565E+27
    6.9500000000E+01    2.0342558805E+27
    7.0500000000E+01    1.9926162160E+27
    7.1500000000E+01    1.9496153504E+27
    7.2500000000E+01    1.9050235304E+27
    7.3500000000E+01    1.8585666117E+27
    7.4500000000E+01    1.8099138130E+27
    7.5500000000E+01    1.7586600063E+27
    7.6500000000E+01    1.7043987446E+27
    7.7500000000E+01    1.6471172024E+27
    7.8500000000E+01    1.5870196077E+27
    7.9500000000E+01    1.5244730477E+27
    8.0500000000E+01    1.4600684874E+27
    8.1500000000E+01    1.3946737221E+27
    8.2500000000E+01    1.3292790745E+27
    8.3500000000E+01    1.2643567588E+27
    8.4500000000E+01    1.2001208908E+27
    8.5500000000E+01    1.1366988844E+27
    8.6500000000E+01    1.0741313673E+27
    8.7500000000E+01    1.0122611277E+27
    8.8500000000E+01    9.5074831225E+26
    8.9500000000E+01    8.8907156169E+26
    9.0500000000E+01    8.2652030041E+26
    9.1500000000E+01    7.6259780132E+26
    9.2500000000E+01    6.9727315218E+26
    9.3500000000E+01    6.3115917506E+26
    9.4500000000E+01    5.6528825002E+26
    9.5500000000E+01    4.9834508105E+26
    9.6500000000E+01    4.2812001994E+26
    9.7500000000E+01    3.5428146672E+26
    9.8500000000E+01    2.7626490146E+26
    9.9500000000E+01    1.9502545555E+26
