 # iter=         17  time[s]=   5.493954E-06  x[nm]  rho[1/m3]
    5.0000000000E-01    3.3698422874E+27
    1.5000000000E+00    3.3444538290E+27
    2.5000000000E+00    3.3192501961E+27
    3.5000000000E+00    3.2943908577E+27
    4.5000000000E+00    3.2700448855E+27
    5.5000000000E+00    3.2463732352E+27
    6.5000000000E+00    3.2233929776E+27
    7.5000000000E+00    3.2010422088E+27
    8.5000000000E+00    3.1792525976E+27
    9.5000000000E+00    3.1579510036E+27
    1.0500000000E+01    3.1371093446E+27
    1.1500000000E+01    3.1167736907E+27
    1.2500000000E+01    3.0969987733E+27
    1.3500000000E+01    3.0778385837E+27
    1.4500000000E+01    3.0592886155E+27
    1.5500000000E+01    3.0412921510E+27
    1.6500000000E+01    3.0237879625E+27
    1.7500000000E+01    3.0067117129E+27
    1.8500000000E+01    2.9899958016E+27
    1.9500000000E+01    2.9735692079E+27
    2.0500000000E+01    2.9573573367E+27
    2.1500000000E+01    2.9412818672E+27
    2.2500000000E+01    2.9252606097E+27
    2.3500000000E+01    2.9092073748E+27
    2.4500000000E+01    2.8930427621E+27
    2.5500000000E+01    2.8767530840E+27
    2.6500000000E+01    2.8603509744E+27
    2.7500000000E+01    2.8438492471E+27
    2.8500000000E+01    2.8272608066E+27
    2.9500000000E+01    2.8105986212E+27
    3.0500000000E+01    2.7938757010E+27
    3.1500000000E+01    2.7771021434E+27
    3.2500000000E+01    2.7602545771E+27
    3.3500000000E+01    2.7432864689E+27
    3.4500000000E+01    2.7261475773E+27
    3.5500000000E+01    2.7087838970E+27
    3.6500000000E+01    2.6911372083E+27
    3.7500000000E+01    2.6731445288E+27
    3.8500000000E+01    2.6547374443E+27
    3.9500000000E+01    2.6358412896E+27
    4.0500000000E+01    2.6163765656E+27
    4.1500000000E+01    2.5962988389E+27
    4.2500000000E+01    2.5755971005E+27
    4.3500000000E+01    2.5542618070E+27
    4.4500000000E+01    2.5322841743E+27
    4.5500000000E+01    2.5096566498E+27
    4.6500000000E+01    2.4863735025E+27
    4.7500000000E+01    2.4624315522E+27
    4.8500000000E+01    2.4378310687E+27
    4.9500000000E+01    2.4125768685E+27
    5.0500000000E+01    2.3866796362E+27
    5.1500000000E+01    2.3601574944E+27
    5.2500000000E+01    2.3330378273E+27
    5.3500000000E+01    2.3053573529E+27
    5.4500000000E+01    2.2769533643E+27
    5.5500000000E+01    2.2472462105E+27
    5.6500000000E+01    2.2155506264E+27
    5.7500000000E+01    2.1811698134E+27
    5.8500000000E+01    2.1440323723E+27
    5.9500000000E+01    2.1045834144E+27
    6.0500000000E+01    2.0633774220E+27
    6.1500000000E+01    2.0209670671E+27
    6.2500000000E+01    1.9775873750E+27
    6.3500000000E+01    1.9331113539E+27
    6.4500000000E+01    1.8873521948E+27
    6.5500000000E+01    1.8400957245E+27
    6.6500000000E+01    1.7910943755E+27
    6.7500000000E+01    1.7400613887E+27
    6.8500000000E+01    1.6868807086E+27
    6.9500000000E+01    1.6318081772E+27
    7.0500000000E+01    1.5752220547E+27
    7.1500000000E+01    1.5176128574E+27
    7.2500000000E+01    1.4595940634E+27
    7.3500000000E+01    1.4018964515E+27
    7.4500000000E+01    1.3452668712E+27
    7.5500000000E+01    1.2900533856E+27
    7.6500000000E+01    1.2363789884E+27
    7.7500000000E+01    1.1842816962E+27
    7.8500000000E+01    1.1337728679E+27
    7.9500000000E+01    1.0848012155E+27
    8.0500000000E+01    1.0372376063E+27
    8.1500000000E+01    9.9089912215E+26
    8.2500000000E+01    9.4556421250E+26
    8.3500000000E+01    9.0097898286E+26
    8.4500000000E+01    8.5685557893E+26
    8.5500000000E+01    8.1294112506E+26
    8.6500000000E+01    7.6913504317E+26
    8.7500000000E+01    7.2543138809E+26
    8.8500000000E+01    6.8193047794E+26
    8.9500000000E+01    6.3887885132E+26
    9.0500000000E+01    5.9662246848E+26
    9.1500000000E+01    5.5497901191E+26
    9.2500000000E+01    5.1333793582E+26
    9.3500000000E+01    4.7091038188E+26
    9.4500000000E+01    4.2766540347E+26
    9.5500000000E+01    3.8347965232E+26
    9.6500000000E+01    3.3815951187E+26
    9.7500000000E+01    2.9154406316E+26
    9.8500000000E+01    2.4363384798E+26
    9.9500000000E+01    1.9502545555E+26
