 # iter=         37  time[s]=   1.549395E-05  x[nm]  rho[1/m3]
    5.0000000000E-01    3.3698422874E+27
    1.5000000000E+00    3.3491874616E+27
    2.5000000000E+00    3.3286344560E+27
    3.5000000000E+00    3.3082664700E+27
    4.5000000000E+00    3.2881710235E+27
    5.5000000000E+00    3.2684400464E+27
    6.5000000000E+00    3.2491593718E+27
    7.5000000000E+00    3.2303356921E+27
    8.5000000000E+00    3.2119357977E+27
    9.5000000000E+00    3.1939236931E+27
    1.0500000000E+01    3.1762608381E+27
    1.1500000000E+01    3.1589067466E+27
    1.2500000000E+01    3.1418468954E+27
    1.3500000000E+01    3.1251062846E+27
    1.4500000000E+01    3.1087142108E+27
    1.5500000000E+01    3.0927014054E+27
    1.6500000000E+01    3.0770957583E+27
    1.7500000000E+01    3.0618873017E+27
    1.8500000000E+01    3.0470447630E+27
    1.9500000000E+01    3.0325352715E+27
    2.0500000000E+01    3.0183244593E+27
    2.1500000000E+01    3.0043763788E+27
    2.2500000000E+01    2.9906534181E+27
    2.3500000000E+01    2.9771162138E+27
    2.4500000000E+01    2.9637235623E+27
    2.5500000000E+01    2.9504323295E+27
    2.6500000000E+01    2.9371973585E+27
    2.7500000000E+01    2.9239713768E+27
    2.8500000000E+01    2.9107049032E+27
    2.9500000000E+01    2.8973496898E+27
    3.0500000000E+01    2.8838913080E+27
    3.1500000000E+01    2.8703356719E+27
    3.2500000000E+01    2.8566890344E+27
    3.3500000000E+01    2.8429577295E+27
    3.4500000000E+01    2.8291481648E+27
    3.5500000000E+01    2.8152668169E+27
    3.6500000000E+01    2.8013202271E+27
    3.7500000000E+01    2.7873149964E+27
    3.8500000000E+01    2.7732507362E+27
    3.9500000000E+01    2.7591043213E+27
    4.0500000000E+01    2.7448465234E+27
    4.1500000000E+01    2.7304460218E+27
    4.2500000000E+01    2.7158691824E+27
    4.3500000000E+01    2.7010797962E+27
    4.4500000000E+01    2.6860387700E+27
    4.5500000000E+01    2.6707037578E+27
    4.6500000000E+01    2.6550287203E+27
    4.7500000000E+01    2.6389633972E+27
    4.8500000000E+01    2.6224528884E+27
    4.9500000000E+01    2.6054546392E+27
    5.0500000000E+01    2.5879532987E+27
    5.1500000000E+01    2.5699358862E+27
    5.2500000000E+01    2.5513891015E+27
    5.3500000000E+01    2.5322994814E+27
    5.4500000000E+01    2.5126536047E+27
    5.5500000000E+01    2.4924383602E+27
    5.6500000000E+01    2.4716412931E+27
    5.7500000000E+01    2.4502510502E+27
    5.8500000000E+01    2.4282579449E+27
    5.9500000000E+01    2.4056546718E+27
    6.0500000000E+01    2.3824371974E+27
    6.1500000000E+01    2.3586058604E+27
    6.2500000000E+01    2.3341667119E+27
    6.3500000000E+01    2.3091328817E+27
    6.4500000000E+01    2.2834052298E+27
    6.5500000000E+01    2.2565471528E+27
    6.6500000000E+01    2.2280048923E+27
    6.7500000000E+01    2.1971487301E+27
    6.8500000000E+01    2.1635406618E+27
    6.9500000000E+01    2.1273421451E+27
    7.0500000000E+01    2.0888797184E+27
    7.1500000000E+01    2.0485739717E+27
    7.2500000000E+01    2.0067752213E+27
    7.3500000000E+01    1.9634789116E+27
    7.4500000000E+01    1.9184359436E+27
    7.5500000000E+01    1.8713386433E+27
    7.6500000000E+01    1.8218105374E+27
    7.7500000000E+01    1.7693836077E+27
    7.8500000000E+01    1.7135196911E+27
    7.9500000000E+01    1.6540456774E+27
    8.0500000000E+01    1.5911005396E+27
    8.1500000000E+01    1.5250221517E+27
    8.2500000000E+01    1.4564408438E+27
    8.3500000000E+01    1.3863732004E+27
    8.4500000000E+01    1.3159659974E+27
    8.5500000000E+01    1.2457435533E+27
    8.6500000000E+01    1.1759641647E+27
    8.7500000000E+01    1.1067994007E+27
    8.8500000000E+01    1.0382263859E+27
    8.9500000000E+01    9.6993296519E+26
    9.0500000000E+01    9.0132409782E+26
    9.1500000000E+01    8.3148798942E+26
    9.2500000000E+01    7.5967129534E+26
    9.3500000000E+01    6.8583431004E+26
    9.4500000000E+01    6.1103505410E+26
    9.5500000000E+01    5.3611066116E+26
    9.6500000000E+01    4.5811257002E+26
    9.7500000000E+01    3.7545666968E+26
    9.8500000000E+01    2.8745528783E+26
    9.9500000000E+01    1.9502545555E+26
