 # iter=         64  time[s]=   2.899395E-05  x[nm]  rho[1/m3]
    5.0000000000E-01    3.3698422874E+27
    1.5000000000E+00    3.3500206063E+27
    2.5000000000E+00    3.3302891074E+27
    3.5000000000E+00    3.3107205752E+27
    4.5000000000E+00    3.2913915058E+27
    5.5000000000E+00    3.2723822124E+27
    6.5000000000E+00    3.2537734076E+27
    7.5000000000E+00    3.2355887824E+27
    8.5000000000E+00    3.2178007320E+27
    9.5000000000E+00    3.2003779129E+27
    1.0500000000E+01    3.1832868170E+27
    1.1500000000E+01    3.1664917633E+27
    1.2500000000E+01    3.1499633559E+27
    1.3500000000E+01    3.1337130789E+27
    1.4500000000E+01    3.1177663154E+27
    1.5500000000E+01    3.1021497413E+27
    1.6500000000E+01    3.0868913572E+27
    1.7500000000E+01    3.0720074362E+27
    1.8500000000E+01    3.0574773499E+27
    1.9500000000E+01    3.0432728237E+27
    2.0500000000E+01    3.0293643018E+27
    2.1500000000E+01    3.0157208701E+27
    2.2500000000E+01    3.0023101760E+27
    2.3500000000E+01    2.9890983472E+27
    2.4500000000E+01    2.9760499075E+27
    2.5500000000E+01    2.9631276894E+27
    2.6500000000E+01    2.9502927461E+27
    2.7500000000E+01    2.9375042591E+27
    2.8500000000E+01    2.9247194444E+27
    2.9500000000E+01    2.9118934568E+27
    3.0500000000E+01    2.8989812935E+27
    3.1500000000E+01    2.8859655693E+27
    3.2500000000E+01    2.8728509098E+27
    3.3500000000E+01    2.8596425875E+27
    3.4500000000E+01    2.8463459608E+27
    3.5500000000E+01    2.8329664701E+27
    3.6500000000E+01    2.8195096351E+27
    3.7500000000E+01    2.8059810529E+27
    3.8500000000E+01    2.7923863979E+27
    3.9500000000E+01    2.7787295772E+27
    4.0500000000E+01    2.7649959436E+27
    4.1500000000E+01    2.7511589628E+27
    4.2500000000E+01    2.7371900337E+27
    4.3500000000E+01    2.7230584061E+27
    4.4500000000E+01    2.7087309408E+27
    4.5500000000E+01    2.6941718283E+27
    4.6500000000E+01    2.6793422539E+27
    4.7500000000E+01    2.6642000003E+27
    4.8500000000E+01    2.6486989720E+27
    4.9500000000E+01    2.6327886233E+27
    5.0500000000E+01    2.6164156599E+27
    5.1500000000E+01    2.5995495690E+27
    5.2500000000E+01    2.5821758105E+27
    5.3500000000E+01    2.5642795640E+27
    5.4500000000E+01    2.5458455515E+27
    5.5500000000E+01    2.5268581832E+27
    5.6500000000E+01    2.5073017548E+27
    5.7500000000E+01    2.4871607098E+27
    5.8500000000E+01    2.4664199872E+27
    5.9500000000E+01    2.4450654741E+27
    6.0500000000E+01    2.4230845916E+27
    6.1500000000E+01    2.4004670441E+27
    6.2500000000E+01    2.3772057686E+27
    6.3500000000E+01    2.3532981219E+27
    6.4500000000E+01    2.3287473442E+27
    6.5500000000E+01    2.3035605175E+27
    6.6500000000E+01    2.2775596146E+27
    6.7500000000E+01    2.2502543023E+27
    6.8500000000E+01    2.2210545702E+27
    6.9500000000E+01    2.1892938869E+27
    7.0500000000E+01    2.1546541665E+27
    7.1500000000E+01    2.1173485520E+27
    7.2500000000E+01    2.0777189594E+27
    7.3500000000E+01    2.0361922373E+27
    7.4500000000E+01    1.9930352942E+27
    7.5500000000E+01    1.9481051826E+27
    7.6500000000E+01    1.9010891874E+27
    7.7500000000E+01    1.8516023564E+27
    7.8500000000E+01    1.7991638494E+27
    7.9500000000E+01    1.7431626757E+27
    8.0500000000E+01    1.6830755766E+27
    8.1500000000E+01    1.6188749937E+27
    8.2500000000E+01    1.5507791540E+27
    8.3500000000E+01    1.4793192977E+27
    8.4500000000E+01    1.4054821723E+27
    8.5500000000E+01    1.3306602931E+27
    8.6500000000E+01    1.2556668997E+27
    8.7500000000E+01    1.1808660145E+27
    8.8500000000E+01    1.1064949411E+27
    8.9500000000E+01    1.0325583557E+27
    9.0500000000E+01    9.5867090109E+26
    9.1500000000E+01    8.8404487744E+26
    9.2500000000E+01    8.0749567336E+26
    9.3500000000E+01    7.2831999798E+26
    9.4500000000E+01    6.4693831000E+26
    9.5500000000E+01    5.6517915071E+26
    9.6500000000E+01    4.8123599947E+26
    9.7500000000E+01    3.9184896433E+26
    9.8500000000E+01    2.9617098507E+26
    9.9500000000E+01    1.9502545555E+26
