 # iter=         18  time[s]=   5.993954E-06  x[nm]  rho[1/m3]
    5.0000000000E-01    3.3698422874E+27
    1.5000000000E+00    3.3449085989E+27
    2.5000000000E+00    3.3201503496E+27
    3.5000000000E+00    3.2957182379E+27
    4.5000000000E+00    3.2717719087E+27
    5.5000000000E+00    3.2484678400E+27
    6.5000000000E+00    3.2258346607E+27
    7.5000000000E+00    3.2038149549E+27
    8.5000000000E+00    3.1823446056E+27
    9.5000000000E+00    3.1613542952E+27
    1.0500000000E+01    3.1408042399E+27
    1.1500000000E+01    3.1207325106E+27
    1.2500000000E+01    3.1011904863E+27
    1.3500000000E+01    3.0822314265E+27
    1.4500000000E+01    3.0638694651E+27
    1.5500000000E+01    3.0460552340E+27
    1.6500000000E+01    3.0287314588E+27
    1.7500000000E+01    3.0118379952E+27
    1.8500000000E+01    2.9953116861E+27
    1.9500000000E+01    2.9790862155E+27
    2.0500000000E+01    2.9630919630E+27
    2.1500000000E+01    2.9472558600E+27
    2.2500000000E+01    2.9315012520E+27
    2.3500000000E+01    2.9157477693E+27
    2.4500000000E+01    2.8999125795E+27
    2.5500000000E+01    2.8839533738E+27
    2.6500000000E+01    2.8678790530E+27
    2.7500000000E+01    2.8517016611E+27
    2.8500000000E+01    2.8354333424E+27
    2.9500000000E+01    2.8190863161E+27
    3.0500000000E+01    2.8026728543E+27
    3.1500000000E+01    2.7862052414E+27
    3.2500000000E+01    2.7696825652E+27
    3.3500000000E+01    2.7530675034E+27
    3.4500000000E+01    2.7363140308E+27
    3.5500000000E+01    2.7193727714E+27
    3.6500000000E+01    2.7021906218E+27
    3.7500000000E+01    2.6847102939E+27
    3.8500000000E+01    2.6668697596E+27
    3.9500000000E+01    2.6486015751E+27
    4.0500000000E+01    2.6298320530E+27
    4.1500000000E+01    2.6104889425E+27
    4.2500000000E+01    2.5905448742E+27
    4.3500000000E+01    2.5699899444E+27
    4.4500000000E+01    2.5488146782E+27
    4.5500000000E+01    2.5270103737E+27
    4.6500000000E+01    2.5045695645E+27
    4.7500000000E+01    2.4814865940E+27
    4.8500000000E+01    2.4577583273E+27
    4.9500000000E+01    2.4333850266E+27
    5.0500000000E+01    2.4083714175E+27
    5.1500000000E+01    2.3827279715E+27
    5.2500000000E+01    2.3564724272E+27
    5.3500000000E+01    2.3296315548E+27
    5.4500000000E+01    2.3022374421E+27
    5.5500000000E+01    2.2740804920E+27
    5.6500000000E+01    2.2445783364E+27
    5.7500000000E+01    2.2130613325E+27
    5.8500000000E+01    2.1788663791E+27
    5.9500000000E+01    2.1419781045E+27
    6.0500000000E+01    2.1028311026E+27
    6.1500000000E+01    2.0619618136E+27
    6.2500000000E+01    2.0198974650E+27
    6.3500000000E+01    1.9768494360E+27
    6.4500000000E+01    1.9326846080E+27
    6.5500000000E+01    1.8872140216E+27
    6.6500000000E+01    1.8402201739E+27
    6.7500000000E+01    1.7914505336E+27
    6.8500000000E+01    1.7406108221E+27
    6.9500000000E+01    1.6875684874E+27
    7.0500000000E+01    1.6325602300E+27
    7.1500000000E+01    1.5759465734E+27
    7.2500000000E+01    1.5182029651E+27
    7.3500000000E+01    1.4599336283E+27
    7.4500000000E+01    1.4018695593E+27
    7.5500000000E+01    1.3447681107E+27
    7.6500000000E+01    1.2889867083E+27
    7.7500000000E+01    1.2346554609E+27
    7.8500000000E+01    1.1818187154E+27
    7.9500000000E+01    1.1304942632E+27
    8.0500000000E+01    1.0806308336E+27
    8.1500000000E+01    1.0320942849E+27
    8.2500000000E+01    9.8469155299E+26
    8.3500000000E+01    9.3818504270E+26
    8.4500000000E+01    8.9229724281E+26
    8.5500000000E+01    8.4670958307E+26
    8.6500000000E+01    8.0117819254E+26
    8.7500000000E+01    7.5561950107E+26
    8.8500000000E+01    7.1005834359E+26
    8.9500000000E+01    6.6466107193E+26
    9.0500000000E+01    6.1979456552E+26
    9.1500000000E+01    5.7568135567E+26
    9.2500000000E+01    5.3183019215E+26
    9.3500000000E+01    4.8734580846E+26
    9.4500000000E+01    4.4180138814E+26
    9.5500000000E+01    3.9517680080E+26
    9.6500000000E+01    3.4724799628E+26
    9.7500000000E+01    2.9781776328E+26
    9.8500000000E+01    2.4685819983E+26
    9.9500000000E+01    1.9502545555E+26
