 # iter=          5  time[s]=   1.334207E-07  x[nm]  rho[1/m3]
    5.0000000000E-01    3.3698422874E+27
    1.5000000000E+00    3.3282408201E+27
    2.5000000000E+00    3.2874685631E+27
    3.5000000000E+00    3.2482995473E+27
    4.5000000000E+00    3.2110899851E+27
    5.5000000000E+00    3.1756123466E+27
    6.5000000000E+00    3.1415949916E+27
    7.5000000000E+00    3.1090670799E+27
    8.5000000000E+00    3.0782411240E+27
    9.5000000000E+00    3.0491550623E+27
    1.0500000000E+01    3.0215746683E+27
    1.1500000000E+01    2.9952337555E+27
    1.2500000000E+01    2.9698574048E+27
    1.3500000000E+01    2.9451633365E+27
    1.4500000000E+01    2.9208633786E+27
    1.5500000000E+01    2.8966695871E+27
    1.6500000000E+01    2.8724440779E+27
    1.7500000000E+01    2.8482347505E+27
    1.8500000000E+01    2.8240980136E+27
    1.9500000000E+01    2.8000866784E+27
    2.0500000000E+01    2.7762460387E+27
    2.1500000000E+01    2.7525386219E+27
    2.2500000000E+01    2.7288482788E+27
    2.3500000000E+01    2.7050533384E+27
    2.4500000000E+01    2.6810295200E+27
    2.5500000000E+01    2.6566495569E+27
    2.6500000000E+01    2.6317826178E+27
    2.7500000000E+01    2.6063103725E+27
    2.8500000000E+01    2.5802244002E+27
    2.9500000000E+01    2.5535635253E+27
    3.0500000000E+01    2.5263687952E+27
    3.1500000000E+01    2.4986835999E+27
    3.2500000000E+01    2.4705539171E+27
    3.3500000000E+01    2.4420285466E+27
    3.4500000000E+01    2.4131593501E+27
    3.5500000000E+01    2.3840015219E+27
    3.6500000000E+01    2.3546139170E+27
    3.7500000000E+01    2.3250594641E+27
    3.8500000000E+01    2.2953800545E+27
    3.9500000000E+01    2.2652167337E+27
    4.0500000000E+01    2.2338909899E+27
    4.1500000000E+01    2.2007197206E+27
    4.2500000000E+01    2.1652811427E+27
    4.3500000000E+01    2.1279419072E+27
    4.4500000000E+01    2.0892427094E+27
    4.5500000000E+01    2.0497355822E+27
    4.6500000000E+01    2.0098300602E+27
    4.7500000000E+01    1.9695858915E+27
    4.8500000000E+01    1.9288564704E+27
    4.9500000000E+01    1.8874843867E+27
    5.0500000000E+01    1.8453063564E+27
    5.1500000000E+01    1.8021504849E+27
    5.2500000000E+01    1.7578319984E+27
    5.3500000000E+01    1.7122067820E+27
    5.4500000000E+01    1.6653891483E+27
    5.5500000000E+01    1.6175925116E+27
    5.6500000000E+01    1.5690643837E+27
    5.7500000000E+01    1.5200890048E+27
    5.8500000000E+01    1.4709886702E+27
    5.9500000000E+01    1.4221237306E+27
    6.0500000000E+01    1.3738855274E+27
    6.1500000000E+01    1.3265253756E+27
    6.2500000000E+01    1.2800899172E+27
    6.3500000000E+01    1.2345856637E+27
    6.4500000000E+01    1.1900015640E+27
    6.5500000000E+01    1.1463456760E+27
    6.6500000000E+01    1.1036205285E+27
    6.7500000000E+01    1.0618055538E+27
    6.8500000000E+01    1.0208648925E+27
    6.9500000000E+01    9.8075244169E+26
    7.0500000000E+01    9.4141429924E+26
    7.1500000000E+01    9.0278911436E+26
    7.2500000000E+01    8.6480675306E+26
    7.3500000000E+01    8.2741617125E+26
    7.4500000000E+01    7.9066640216E+26
    7.5500000000E+01    7.5465905673E+26
    7.6500000000E+01    7.1952894238E+26
    7.7500000000E+01    6.8543910133E+26
    7.8500000000E+01    6.5257628989E+26
    7.9500000000E+01    6.2114361827E+26
    8.0500000000E+01    5.9120882736E+26
    8.1500000000E+01    5.6261654765E+26
    8.2500000000E+01    5.3517125329E+26
    8.3500000000E+01    5.0865979856E+26
    8.4500000000E+01    4.8289242062E+26
    8.5500000000E+01    4.5797088349E+26
    8.6500000000E+01    4.3393210509E+26
    8.7500000000E+01    4.1077245511E+26
    8.8500000000E+01    3.8848810173E+26
    8.9500000000E+01    3.6707450841E+26
    9.0500000000E+01    3.4652545572E+26
    9.1500000000E+01    3.2683139318E+26
    9.2500000000E+01    3.0797685436E+26
    9.3500000000E+01    2.8993670790E+26
    9.4500000000E+01    2.7267126776E+26
    9.5500000000E+01    2.5612082862E+26
    9.6500000000E+01    2.4020101042E+26
    9.7500000000E+01    2.2480121667E+26
    9.8500000000E+01    2.0978924504E+26
    9.9500000000E+01    1.9502545555E+26
