 # iter=         11  time[s]=   2.547411E-06  x[nm]  rho[1/m3]
    5.0000000000E-01    3.3698422874E+27
    1.5000000000E+00    3.3405563106E+27
    2.5000000000E+00    3.3115504941E+27
    3.5000000000E+00    3.2830748300E+27
    4.5000000000E+00    3.2553938350E+27
    5.5000000000E+00    3.2286503123E+27
    6.5000000000E+00    3.2027705874E+27
    7.5000000000E+00    3.1776517245E+27
    8.5000000000E+00    3.1531848438E+27
    9.5000000000E+00    3.1293495611E+27
    1.0500000000E+01    3.1062225322E+27
    1.1500000000E+01    3.0838886628E+27
    1.2500000000E+01    3.0623850478E+27
    1.3500000000E+01    3.0416374055E+27
    1.4500000000E+01    3.0215525089E+27
    1.5500000000E+01    3.0020319510E+27
    1.6500000000E+01    2.9829719030E+27
    1.7500000000E+01    2.9642628732E+27
    1.8500000000E+01    2.9457894771E+27
    1.9500000000E+01    2.9274302278E+27
    2.0500000000E+01    2.9090573616E+27
    2.1500000000E+01    2.8905546587E+27
    2.2500000000E+01    2.8719053752E+27
    2.3500000000E+01    2.8531295888E+27
    2.4500000000E+01    2.8342475345E+27
    2.5500000000E+01    2.8152794875E+27
    2.6500000000E+01    2.7962457046E+27
    2.7500000000E+01    2.7771634870E+27
    2.8500000000E+01    2.7580046277E+27
    2.9500000000E+01    2.7387021212E+27
    3.0500000000E+01    2.7191828612E+27
    3.1500000000E+01    2.6993679629E+27
    3.2500000000E+01    2.6791719986E+27
    3.3500000000E+01    2.6585020419E+27
    3.4500000000E+01    2.6372564729E+27
    3.5500000000E+01    2.6153266662E+27
    3.6500000000E+01    2.5926532721E+27
    3.7500000000E+01    2.5692263140E+27
    3.8500000000E+01    2.5450387612E+27
    3.9500000000E+01    2.5200855249E+27
    4.0500000000E+01    2.4943643571E+27
    4.1500000000E+01    2.4678769629E+27
    4.2500000000E+01    2.4406303710E+27
    4.3500000000E+01    2.4126385992E+27
    4.4500000000E+01    2.3839246536E+27
    4.5500000000E+01    2.3545228758E+27
    4.6500000000E+01    2.3244816224E+27
    4.7500000000E+01    2.2938331321E+27
    4.8500000000E+01    2.2621481458E+27
    4.9500000000E+01    2.2286009534E+27
    5.0500000000E+01    2.1922943363E+27
    5.1500000000E+01    2.1528093921E+27
    5.2500000000E+01    2.1106626175E+27
    5.3500000000E+01    2.0665760341E+27
    5.4500000000E+01    2.0212821133E+27
    5.5500000000E+01    1.9751204183E+27
    5.6500000000E+01    1.9279744121E+27
    5.7500000000E+01    1.8796584822E+27
    5.8500000000E+01    1.8299649890E+27
    5.9500000000E+01    1.7786601076E+27
    6.0500000000E+01    1.7254980940E+27
    6.1500000000E+01    1.6705553718E+27
    6.2500000000E+01    1.6142363196E+27
    6.3500000000E+01    1.5570425025E+27
    6.4500000000E+01    1.4995701158E+27
    6.5500000000E+01    1.4425011119E+27
    6.6500000000E+01    1.3865758268E+27
    6.7500000000E+01    1.3324024782E+27
    6.8500000000E+01    1.2801750596E+27
    6.9500000000E+01    1.2299423105E+27
    7.0500000000E+01    1.1816844450E+27
    7.1500000000E+01    1.1353656835E+27
    7.2500000000E+01    1.0909006068E+27
    7.3500000000E+01    1.0481541449E+27
    7.4500000000E+01    1.0069631999E+27
    7.5500000000E+01    9.6715049129E+26
    7.6500000000E+01    9.2853226674E+26
    7.7500000000E+01    8.9092147900E+26
    7.8500000000E+01    8.5412853759E+26
    7.9500000000E+01    8.1801195074E+26
    8.0500000000E+01    7.8251926709E+26
    8.1500000000E+01    7.4763951952E+26
    8.2500000000E+01    7.1339868966E+26
    8.3500000000E+01    6.7986204415E+26
    8.4500000000E+01    6.4713864594E+26
    8.5500000000E+01    6.1537741161E+26
    8.6500000000E+01    5.8456669639E+26
    8.7500000000E+01    5.5449495985E+26
    8.8500000000E+01    5.2489463181E+26
    8.9500000000E+01    4.9543461530E+26
    9.0500000000E+01    4.6595446562E+26
    9.1500000000E+01    4.3652789786E+26
    9.2500000000E+01    4.0708393514E+26
    9.3500000000E+01    3.7754585014E+26
    9.4500000000E+01    3.4783417997E+26
    9.5500000000E+01    3.1787096590E+26
    9.6500000000E+01    2.8758950408E+26
    9.7500000000E+01    2.5695616664E+26
    9.8500000000E+01    2.2601968171E+26
    9.9500000000E+01    1.9502545555E+26
