 # iter=         22  time[s]=   7.993954E-06  x[nm]  rho[1/m3]
    5.0000000000E-01    3.3698422874E+27
    1.5000000000E+00    3.3464023624E+27
    2.5000000000E+00    3.3231092910E+27
    3.5000000000E+00    3.3000872678E+27
    4.5000000000E+00    3.2774675112E+27
    5.5000000000E+00    3.2553861955E+27
    6.5000000000E+00    3.2339055938E+27
    7.5000000000E+00    3.2129849877E+27
    8.5000000000E+00    3.1925727520E+27
    9.5000000000E+00    3.1726130559E+27
    1.0500000000E+01    3.1530502106E+27
    1.1500000000E+01    3.1338830233E+27
    1.2500000000E+01    3.1151520214E+27
    1.3500000000E+01    3.0969006602E+27
    1.4500000000E+01    3.0791721505E+27
    1.5500000000E+01    3.0619651795E+27
    1.6500000000E+01    3.0452355991E+27
    1.7500000000E+01    3.0289355807E+27
    1.8500000000E+01    3.0130150029E+27
    1.9500000000E+01    2.9974213358E+27
    2.0500000000E+01    2.9820995249E+27
    2.1500000000E+01    2.9669918728E+27
    2.2500000000E+01    2.9520379222E+27
    2.3500000000E+01    2.9371743402E+27
    2.4500000000E+01    2.9223348080E+27
    2.5500000000E+01    2.9074499160E+27
    2.6500000000E+01    2.8924594198E+27
    2.7500000000E+01    2.8773572383E+27
    2.8500000000E+01    2.8621531517E+27
    2.9500000000E+01    2.8468570420E+27
    3.0500000000E+01    2.8314788725E+27
    3.1500000000E+01    2.8160286709E+27
    3.2500000000E+01    2.8005165155E+27
    3.3500000000E+01    2.7849524379E+27
    3.4500000000E+01    2.7693327782E+27
    3.5500000000E+01    2.7536242940E+27
    3.6500000000E+01    2.7377877472E+27
    3.7500000000E+01    2.7217811110E+27
    3.8500000000E+01    2.7055592661E+27
    3.9500000000E+01    2.6890736355E+27
    4.0500000000E+01    2.6722717452E+27
    4.1500000000E+01    2.6550966945E+27
    4.2500000000E+01    2.6374865136E+27
    4.3500000000E+01    2.6193743191E+27
    4.4500000000E+01    2.6007164333E+27
    4.5500000000E+01    2.5815008302E+27
    4.6500000000E+01    2.5617173803E+27
    4.7500000000E+01    2.5413562363E+27
    4.8500000000E+01    2.5204081376E+27
    4.9500000000E+01    2.4988647929E+27
    5.0500000000E+01    2.4767193566E+27
    5.1500000000E+01    2.4539670213E+27
    5.2500000000E+01    2.4306057467E+27
    5.3500000000E+01    2.4066371521E+27
    5.4500000000E+01    2.3820675940E+27
    5.5500000000E+01    2.3569094511E+27
    5.6500000000E+01    2.3311826299E+27
    5.7500000000E+01    2.3049139157E+27
    5.8500000000E+01    2.2779475288E+27
    5.9500000000E+01    2.2497750156E+27
    6.0500000000E+01    2.2197962387E+27
    6.1500000000E+01    2.1873682348E+27
    6.2500000000E+01    2.1522849511E+27
    6.3500000000E+01    2.1148767452E+27
    6.4500000000E+01    2.0755855405E+27
    6.5500000000E+01    2.0349075907E+27
    6.6500000000E+01    1.9931538942E+27
    6.7500000000E+01    1.9502576246E+27
    6.8500000000E+01    1.9060272186E+27
    6.9500000000E+01    1.8602393258E+27
    7.0500000000E+01    1.8126312769E+27
    7.1500000000E+01    1.7628903285E+27
    7.2500000000E+01    1.7107051162E+27
    7.3500000000E+01    1.6561219745E+27
    7.4500000000E+01    1.5993995418E+27
    7.5500000000E+01    1.5409150303E+27
    7.6500000000E+01    1.4811948145E+27
    7.7500000000E+01    1.4209353604E+27
    7.8500000000E+01    1.3609796361E+27
    7.9500000000E+01    1.3018930380E+27
    8.0500000000E+01    1.2438804811E+27
    8.1500000000E+01    1.1870358083E+27
    8.2500000000E+01    1.1314121764E+27
    8.3500000000E+01    1.0769853941E+27
    8.4500000000E+01    1.0236134512E+27
    8.5500000000E+01    9.7106070720E+26
    8.6500000000E+01    9.1901022581E+26
    8.7500000000E+01    8.6705931630E+26
    8.8500000000E+01    8.1477048195E+26
    8.9500000000E+01    7.6193424390E+26
    9.0500000000E+01    7.0855170077E+26
    9.1500000000E+01    6.5489459154E+26
    9.2500000000E+01    6.0161189846E+26
    9.3500000000E+01    5.4871984217E+26
    9.4500000000E+01    4.9501384601E+26
    9.5500000000E+01    4.3938067451E+26
    9.6500000000E+01    3.8175962875E+26
    9.7500000000E+01    3.2178395402E+26
    9.8500000000E+01    2.5925768275E+26
    9.9500000000E+01    1.9502545555E+26
