 # iter=         63  time[s]=   2.849395E-05  x[nm]  rho[1/m3]
    5.0000000000E-01    3.3698422874E+27
    1.5000000000E+00    3.3500150180E+27
    2.5000000000E+00    3.3302780065E+27
    3.5000000000E+00    3.3107041044E+27
    4.5000000000E+00    3.2913698791E+27
    5.5000000000E+00    3.2723557188E+27
    6.5000000000E+00    3.2537423830E+27
    7.5000000000E+00    3.2355534541E+27
    8.5000000000E+00    3.2177612854E+27
    9.5000000000E+00    3.2003345040E+27
    1.0500000000E+01    3.1832395702E+27
    1.1500000000E+01    3.1664407687E+27
    1.2500000000E+01    3.1499087592E+27
    1.3500000000E+01    3.1336551469E+27
    1.4500000000E+01    3.1177053402E+27
    1.5500000000E+01    3.1020860408E+27
    1.6500000000E+01    3.0868252743E+27
    1.7500000000E+01    3.0719391806E+27
    1.8500000000E+01    3.0574070139E+27
    1.9500000000E+01    3.0432004706E+27
    2.0500000000E+01    3.0292899644E+27
    2.1500000000E+01    3.0156445493E+27
    2.2500000000E+01    3.0022318396E+27
    2.3500000000E+01    2.9890179284E+27
    2.4500000000E+01    2.9759673032E+27
    2.5500000000E+01    2.9630427593E+27
    2.6500000000E+01    2.9502053107E+27
    2.7500000000E+01    2.9374140983E+27
    2.8500000000E+01    2.9246262965E+27
    2.9500000000E+01    2.9117970163E+27
    3.0500000000E+01    2.8988812881E+27
    3.1500000000E+01    2.8858620144E+27
    3.2500000000E+01    2.8727438590E+27
    3.3500000000E+01    2.8595321014E+27
    3.4500000000E+01    2.8462321069E+27
    3.5500000000E+01    2.8328493229E+27
    3.6500000000E+01    2.8193892757E+27
    3.7500000000E+01    2.8058575692E+27
    3.8500000000E+01    2.7922598842E+27
    3.9500000000E+01    2.7786000594E+27
    4.0500000000E+01    2.7648632334E+27
    4.1500000000E+01    2.7510228321E+27
    4.2500000000E+01    2.7370502246E+27
    4.3500000000E+01    2.7229146278E+27
    4.4500000000E+01    2.7085828674E+27
    4.5500000000E+01    2.6940190953E+27
    4.6500000000E+01    2.6791844545E+27
    4.7500000000E+01    2.6640366809E+27
    4.8500000000E+01    2.6485296268E+27
    4.9500000000E+01    2.6326126880E+27
    5.0500000000E+01    2.6162326249E+27
    5.1500000000E+01    2.5993592707E+27
    5.2500000000E+01    2.5819781169E+27
    5.3500000000E+01    2.5640743503E+27
    5.4500000000E+01    2.5456327028E+27
    5.5500000000E+01    2.5266375977E+27
    5.6500000000E+01    2.5070733479E+27
    5.7500000000E+01    2.4869244195E+27
    5.8500000000E+01    2.4661757798E+27
    5.9500000000E+01    2.4448133526E+27
    6.0500000000E+01    2.4228246048E+27
    6.1500000000E+01    2.4001992983E+27
    6.2500000000E+01    2.3769304416E+27
    6.3500000000E+01    2.3530154789E+27
    6.4500000000E+01    2.3284577578E+27
    6.5500000000E+01    2.3032641093E+27
    6.6500000000E+01    2.2772523021E+27
    6.7500000000E+01    2.2499302001E+27
    6.8500000000E+01    2.2207069933E+27
    6.9500000000E+01    2.1889164067E+27
    7.0500000000E+01    2.1542484329E+27
    7.1500000000E+01    2.1169189612E+27
    7.2500000000E+01    2.0772711990E+27
    7.3500000000E+01    2.0357320212E+27
    7.4500000000E+01    1.9925646798E+27
    7.5500000000E+01    1.9476226417E+27
    7.6500000000E+01    1.9005928086E+27
    7.7500000000E+01    1.8510897733E+27
    7.8500000000E+01    1.7986320920E+27
    7.9500000000E+01    1.7426081420E+27
    8.0500000000E+01    1.6824995223E+27
    8.1500000000E+01    1.6182823281E+27
    8.2500000000E+01    1.5501771380E+27
    8.3500000000E+01    1.4787182863E+27
    8.4500000000E+01    1.4048960446E+27
    8.5500000000E+01    1.3301015590E+27
    8.6500000000E+01    1.2551409623E+27
    8.7500000000E+01    1.1803762422E+27
    8.8500000000E+01    1.1060436142E+27
    8.9500000000E+01    1.0321453015E+27
    9.0500000000E+01    9.5829413724E+26
    9.1500000000E+01    8.8370123364E+26
    9.2500000000E+01    8.0718299371E+26
    9.3500000000E+01    7.2804117285E+26
    9.4500000000E+01    6.4670072131E+26
    9.5500000000E+01    5.6498794507E+26
    9.6500000000E+01    4.8108424364E+26
    9.7500000000E+01    3.9174121510E+26
    9.8500000000E+01    2.9611355400E+26
    9.9500000000E+01    1.9502545555E+26
