 # iter=         48  time[s]=   2.099395E-05  x[nm]  rho[1/m3]
    5.0000000000E-01    3.3698422874E+27
    1.5000000000E+00    3.3497926521E+27
    2.5000000000E+00    3.3298363074E+27
    3.5000000000E+00    3.3100488118E+27
    4.5000000000E+00    3.2905095934E+27
    5.5000000000E+00    3.2713020514E+27
    6.5000000000E+00    3.2525086931E+27
    7.5000000000E+00    3.2341486993E+27
    8.5000000000E+00    3.2161928118E+27
    9.5000000000E+00    3.1986084694E+27
    1.0500000000E+01    3.1813608465E+27
    1.1500000000E+01    3.1644128474E+27
    1.2500000000E+01    3.1477378832E+27
    1.3500000000E+01    3.1313520347E+27
    1.4500000000E+01    3.1152817202E+27
    1.5500000000E+01    3.0995546829E+27
    1.6500000000E+01    3.0841998026E+27
    1.7500000000E+01    3.0692271979E+27
    1.8500000000E+01    3.0546120738E+27
    1.9500000000E+01    3.0403249493E+27
    2.0500000000E+01    3.0263350063E+27
    2.1500000000E+01    3.0126100118E+27
    2.2500000000E+01    2.9991162362E+27
    2.3500000000E+01    2.9858183715E+27
    2.4500000000E+01    2.9726794451E+27
    2.5500000000E+01    2.9596607324E+27
    2.6500000000E+01    2.9467216674E+27
    2.7500000000E+01    2.9338197502E+27
    2.8500000000E+01    2.9209104536E+27
    2.9500000000E+01    2.9079471272E+27
    3.0500000000E+01    2.8948879816E+27
    3.1500000000E+01    2.8817266136E+27
    3.2500000000E+01    2.8684684889E+27
    3.3500000000E+01    2.8551191674E+27
    3.4500000000E+01    2.8416842918E+27
    3.5500000000E+01    2.8281695835E+27
    3.6500000000E+01    2.8145808385E+27
    3.7500000000E+01    2.8009239266E+27
    3.8500000000E+01    2.7872047862E+27
    3.9500000000E+01    2.7734226190E+27
    4.0500000000E+01    2.7595552624E+27
    4.1500000000E+01    2.7455748812E+27
    4.2500000000E+01    2.7314516059E+27
    4.3500000000E+01    2.7171533159E+27
    4.4500000000E+01    2.7026453843E+27
    4.5500000000E+01    2.6878903753E+27
    4.6500000000E+01    2.6728476857E+27
    4.7500000000E+01    2.6574731167E+27
    4.8500000000E+01    2.6417183611E+27
    4.9500000000E+01    2.6255303967E+27
    5.0500000000E+01    2.6088620841E+27
    5.1500000000E+01    2.5916946012E+27
    5.2500000000E+01    2.5740139090E+27
    5.3500000000E+01    2.5558054972E+27
    5.4500000000E+01    2.5370545135E+27
    5.5500000000E+01    2.5177459375E+27
    5.6500000000E+01    2.4978648122E+27
    5.7500000000E+01    2.4773965499E+27
    5.8500000000E+01    2.4563273307E+27
    5.9500000000E+01    2.4346446181E+27
    6.0500000000E+01    2.4123378183E+27
    6.1500000000E+01    2.3893991164E+27
    6.2500000000E+01    2.3658245243E+27
    6.3500000000E+01    2.3416151768E+27
    6.4500000000E+01    2.3167789113E+27
    6.5500000000E+01    2.2912839654E+27
    6.6500000000E+01    2.2647762400E+27
    6.7500000000E+01    2.2367145850E+27
    6.8500000000E+01    2.2064758171E+27
    6.9500000000E+01    2.1734678124E+27
    7.0500000000E+01    2.1376972243E+27
    7.1500000000E+01    2.0994523200E+27
    7.2500000000E+01    2.0591271127E+27
    7.3500000000E+01    2.0171176283E+27
    7.4500000000E+01    1.9735140129E+27
    7.5500000000E+01    1.9280705566E+27
    7.6500000000E+01    1.8804592097E+27
    7.7500000000E+01    1.8302754907E+27
    7.8500000000E+01    1.7770124892E+27
    7.9500000000E+01    1.7200551451E+27
    8.0500000000E+01    1.6591083229E+27
    8.1500000000E+01    1.5942645357E+27
    8.2500000000E+01    1.5258430387E+27
    8.3500000000E+01    1.4545046546E+27
    8.4500000000E+01    1.3813770663E+27
    8.5500000000E+01    1.3077165546E+27
    8.6500000000E+01    1.2340885272E+27
    8.7500000000E+01    1.1607836025E+27
    8.8500000000E+01    1.0879904292E+27
    8.9500000000E+01    1.0156141039E+27
    9.0500000000E+01    9.4320029390E+26
    9.1500000000E+01    8.6991524150E+26
    9.2500000000E+01    7.9463626589E+26
    9.3500000000E+01    7.1686248379E+26
    9.4500000000E+01    6.3719642535E+26
    9.5500000000E+01    5.5732977410E+26
    9.6500000000E+01    4.7500099933E+26
    9.7500000000E+01    3.8742377146E+26
    9.8500000000E+01    2.9381383238E+26
    9.9500000000E+01    1.9502545555E+26
