 # iter=         68  time[s]=   3.099395E-05  x[nm]  rho[1/m3]
    5.0000000000E-01    3.3698422874E+27
    1.5000000000E+00    3.3500377234E+27
    2.5000000000E+00    3.3303231105E+27
    3.5000000000E+00    3.3107710270E+27
    4.5000000000E+00    3.2914577513E+27
    5.5000000000E+00    3.2724633678E+27
    6.5000000000E+00    3.2538684441E+27
    7.5000000000E+00    3.2356970028E+27
    8.5000000000E+00    3.2179215681E+27
    9.5000000000E+00    3.2005108862E+27
    1.0500000000E+01    3.1834315464E+27
    1.1500000000E+01    3.1666479718E+27
    1.2500000000E+01    3.1501306004E+27
    1.3500000000E+01    3.1338905434E+27
    1.4500000000E+01    3.1179531059E+27
    1.5500000000E+01    3.1023448847E+27
    1.6500000000E+01    3.0870938034E+27
    1.7500000000E+01    3.0722165374E+27
    1.8500000000E+01    3.0576928220E+27
    1.9500000000E+01    3.0434944718E+27
    2.0500000000E+01    3.0295920244E+27
    2.1500000000E+01    3.0159546626E+27
    2.2500000000E+01    3.0025501358E+27
    2.3500000000E+01    2.9893446775E+27
    2.4500000000E+01    2.9763029215E+27
    2.5500000000E+01    2.9633878154E+27
    2.6500000000E+01    2.9505605314E+27
    2.7500000000E+01    2.9377803749E+27
    2.8500000000E+01    2.9250046901E+27
    2.9500000000E+01    2.9121887648E+27
    3.0500000000E+01    2.8992875070E+27
    3.1500000000E+01    2.8862826482E+27
    3.2500000000E+01    2.8731786899E+27
    3.3500000000E+01    2.8599808832E+27
    3.4500000000E+01    2.8466945651E+27
    3.5500000000E+01    2.8333251551E+27
    3.6500000000E+01    2.8198781522E+27
    3.7500000000E+01    2.8063591331E+27
    3.8500000000E+01    2.7927737522E+27
    3.9500000000E+01    2.7791261137E+27
    4.0500000000E+01    2.7654022324E+27
    4.1500000000E+01    2.7515756989E+27
    4.2500000000E+01    2.7376180046E+27
    4.3500000000E+01    2.7234984985E+27
    4.4500000000E+01    2.7091841494E+27
    4.5500000000E+01    2.6946392654E+27
    4.6500000000E+01    2.6798251608E+27
    4.7500000000E+01    2.6646997613E+27
    4.8500000000E+01    2.6492171304E+27
    4.9500000000E+01    2.6333269011E+27
    5.0500000000E+01    2.6169756347E+27
    5.1500000000E+01    2.6001317526E+27
    5.2500000000E+01    2.5827806059E+27
    5.3500000000E+01    2.5649073520E+27
    5.4500000000E+01    2.5464966833E+27
    5.5500000000E+01    2.5275329700E+27
    5.6500000000E+01    2.5080004552E+27
    5.7500000000E+01    2.4878835142E+27
    5.8500000000E+01    2.4671669989E+27
    5.9500000000E+01    2.4458366852E+27
    6.0500000000E+01    2.4238798545E+27
    6.1500000000E+01    2.4012860362E+27
    6.2500000000E+01    2.3780479503E+27
    6.3500000000E+01    2.3541626858E+27
    6.4500000000E+01    2.3296331570E+27
    6.5500000000E+01    2.3044670704E+27
    6.6500000000E+01    2.2784991087E+27
    6.7500000000E+01    2.2512446940E+27
    6.8500000000E+01    2.2221162598E+27
    6.9500000000E+01    2.1904468311E+27
    7.0500000000E+01    2.1558937989E+27
    7.1500000000E+01    2.1186614977E+27
    7.2500000000E+01    2.0790878978E+27
    7.3500000000E+01    2.0375995595E+27
    7.4500000000E+01    1.9944743328E+27
    7.5500000000E+01    1.9495805524E+27
    7.6500000000E+01    1.9026067129E+27
    7.7500000000E+01    1.8531692491E+27
    7.8500000000E+01    1.8007891592E+27
    7.9500000000E+01    1.7448574780E+27
    8.0500000000E+01    1.6848364160E+27
    8.1500000000E+01    1.6206869514E+27
    8.2500000000E+01    1.5526201476E+27
    8.3500000000E+01    1.4811577969E+27
    8.4500000000E+01    1.4072758478E+27
    8.5500000000E+01    1.3323704484E+27
    8.6500000000E+01    1.2572768205E+27
    8.7500000000E+01    1.1823653239E+27
    8.8500000000E+01    1.1078765800E+27
    8.9500000000E+01    1.0338227685E+27
    9.0500000000E+01    9.5982411330E+26
    9.1500000000E+01    8.8509657331E+26
    9.2500000000E+01    8.0845257443E+26
    9.3500000000E+01    7.2917336013E+26
    9.4500000000E+01    6.4766561964E+26
    9.5500000000E+01    5.6576441263E+26
    9.6500000000E+01    4.8170046682E+26
    9.7500000000E+01    3.9217875718E+26
    9.8500000000E+01    2.9634677815E+26
    9.9500000000E+01    1.9502545555E+26
