 # iter=         28  time[s]=   1.099395E-05  x[nm]  rho[1/m3]
    5.0000000000E-01    3.3698422874E+27
    1.5000000000E+00    3.3479341613E+27
    2.5000000000E+00    3.3261468851E+27
    3.5000000000E+00    3.3045808545E+27
    4.5000000000E+00    3.2833418688E+27
    5.5000000000E+00    3.2625411806E+27
    6.5000000000E+00    3.2422623364E+27
    7.5000000000E+00    3.2224874174E+27
    8.5000000000E+00    3.2031755862E+27
    9.5000000000E+00    3.1842827687E+27
    1.0500000000E+01    3.1657616921E+27
    1.1500000000E+01    3.1475750739E+27
    1.2500000000E+01    3.1297407530E+27
    1.3500000000E+01    3.1122930307E+27
    1.4500000000E+01    3.0952678746E+27
    1.5500000000E+01    3.0787002292E+27
    1.6500000000E+01    3.0625855472E+27
    1.7500000000E+01    3.0468872896E+27
    1.8500000000E+01    3.0315664260E+27
    1.9500000000E+01    3.0165821237E+27
    2.0500000000E+01    3.0018916544E+27
    2.1500000000E+01    2.9874502983E+27
    2.2500000000E+01    2.9732112476E+27
    2.3500000000E+01    2.9591255083E+27
    2.4500000000E+01    2.9451418015E+27
    2.5500000000E+01    2.9312064660E+27
    2.6500000000E+01    2.9172633616E+27
    2.7500000000E+01    2.9032539637E+27
    2.8500000000E+01    2.8891394111E+27
    2.9500000000E+01    2.8749225514E+27
    3.0500000000E+01    2.8606111481E+27
    3.1500000000E+01    2.8462130501E+27
    3.2500000000E+01    2.8317361805E+27
    3.3500000000E+01    2.8171885259E+27
    3.4500000000E+01    2.8025781281E+27
    3.5500000000E+01    2.7879130781E+27
    3.6500000000E+01    2.7731943705E+27
    3.7500000000E+01    2.7583968002E+27
    3.8500000000E+01    2.7434875116E+27
    3.9500000000E+01    2.7284313466E+27
    4.0500000000E+01    2.7131906022E+27
    4.1500000000E+01    2.6977247434E+27
    4.2500000000E+01    2.6819900596E+27
    4.3500000000E+01    2.6659392549E+27
    4.4500000000E+01    2.6495209554E+27
    4.5500000000E+01    2.6326791158E+27
    4.6500000000E+01    2.6153554522E+27
    4.7500000000E+01    2.5975200493E+27
    4.8500000000E+01    2.5791615109E+27
    4.9500000000E+01    2.5602685430E+27
    5.0500000000E+01    2.5408298677E+27
    5.1500000000E+01    2.5208344526E+27
    5.2500000000E+01    2.5002718036E+27
    5.3500000000E+01    2.4791323345E+27
    5.4500000000E+01    2.4574078328E+27
    5.5500000000E+01    2.4350920426E+27
    5.6500000000E+01    2.4121813867E+27
    5.7500000000E+01    2.3886758545E+27
    5.8500000000E+01    2.3645800798E+27
    5.9500000000E+01    2.3399046323E+27
    6.0500000000E+01    2.3146675358E+27
    6.1500000000E+01    2.2888294391E+27
    6.2500000000E+01    2.2620089062E+27
    6.3500000000E+01    2.2336664335E+27
    6.4500000000E+01    2.2031960512E+27
    6.5500000000E+01    2.1700890175E+27
    6.6500000000E+01    2.1344597906E+27
    6.7500000000E+01    2.0966490792E+27
    6.8500000000E+01    2.0570879154E+27
    6.9500000000E+01    2.0161826022E+27
    7.0500000000E+01    1.9740396402E+27
    7.1500000000E+01    1.9304738105E+27
    7.2500000000E+01    1.8852437913E+27
    7.3500000000E+01    1.8380612310E+27
    7.4500000000E+01    1.7885772464E+27
    7.5500000000E+01    1.7363681564E+27
    7.6500000000E+01    1.6811803357E+27
    7.7500000000E+01    1.6231342998E+27
    7.8500000000E+01    1.5624995973E+27
    7.9500000000E+01    1.4997253734E+27
    8.0500000000E+01    1.4354952468E+27
    8.1500000000E+01    1.3707573562E+27
    8.2500000000E+01    1.3063232720E+27
    8.3500000000E+01    1.2425118248E+27
    8.4500000000E+01    1.1794839561E+27
    8.5500000000E+01    1.1173448479E+27
    8.6500000000E+01    1.0560715898E+27
    8.7500000000E+01    9.9545608633E+26
    8.8500000000E+01    9.3512554391E+26
    8.9500000000E+01    8.7453560558E+26
    9.0500000000E+01    8.1300589567E+26
    9.1500000000E+01    7.5016950328E+26
    9.2500000000E+01    6.8608937881E+26
    9.3500000000E+01    6.2148613992E+26
    9.4500000000E+01    5.5716205156E+26
    9.5500000000E+01    4.9153455956E+26
    9.6500000000E+01    4.2274702326E+26
    9.7500000000E+01    3.5049965171E+26
    9.8500000000E+01    2.7427499519E+26
    9.9500000000E+01    1.9502545555E+26
