 # iter=         35  time[s]=   1.449395E-05  x[nm]  rho[1/m3]
    5.0000000000E-01    3.3698422874E+27
    1.5000000000E+00    3.3489889228E+27
    2.5000000000E+00    3.3282402672E+27
    3.5000000000E+00    3.3076821176E+27
    4.5000000000E+00    3.2874047494E+27
    5.5000000000E+00    3.2675030017E+27
    6.5000000000E+00    3.2480632566E+27
    7.5000000000E+00    3.2290880707E+27
    8.5000000000E+00    3.2105430269E+27
    9.5000000000E+00    3.1923909381E+27
    1.0500000000E+01    3.1745919757E+27
    1.1500000000E+01    3.1571049417E+27
    1.2500000000E+01    3.1399202687E+27
    1.3500000000E+01    3.1230650398E+27
    1.4500000000E+01    3.1065695426E+27
    1.5500000000E+01    3.0904655394E+27
    1.6500000000E+01    3.0747787668E+27
    1.7500000000E+01    3.0594928350E+27
    1.8500000000E+01    3.0445751881E+27
    1.9500000000E+01    3.0299917817E+27
    2.0500000000E+01    3.0157070173E+27
    2.1500000000E+01    3.0016836584E+27
    2.2500000000E+01    2.9878827434E+27
    2.3500000000E+01    2.9742634983E+27
    2.4500000000E+01    2.9607832454E+27
    2.5500000000E+01    2.9473973125E+27
    2.6500000000E+01    2.9340589399E+27
    2.7500000000E+01    2.9207191873E+27
    2.8500000000E+01    2.9073268407E+27
    2.9500000000E+01    2.8938374445E+27
    3.0500000000E+01    2.8802460031E+27
    3.1500000000E+01    2.8665589424E+27
    3.2500000000E+01    2.8527827749E+27
    3.3500000000E+01    2.8389240916E+27
    3.4500000000E+01    2.8249895545E+27
    3.5500000000E+01    2.8109858912E+27
    3.6500000000E+01    2.7969198910E+27
    3.7500000000E+01    2.7827980391E+27
    3.8500000000E+01    2.7686126095E+27
    3.9500000000E+01    2.7543363852E+27
    4.0500000000E+01    2.7399389652E+27
    4.1500000000E+01    2.7253877628E+27
    4.2500000000E+01    2.7106477693E+27
    4.3500000000E+01    2.6956812755E+27
    4.4500000000E+01    2.6804475399E+27
    4.5500000000E+01    2.6649023940E+27
    4.6500000000E+01    2.6489977687E+27
    4.7500000000E+01    2.6326811259E+27
    4.8500000000E+01    2.6158975166E+27
    4.9500000000E+01    2.5986172837E+27
    5.0500000000E+01    2.5808277467E+27
    5.1500000000E+01    2.5625161336E+27
    5.2500000000E+01    2.5436694529E+27
    5.3500000000E+01    2.5242746746E+27
    5.4500000000E+01    2.5043189672E+27
    5.5500000000E+01    2.4837900028E+27
    5.6500000000E+01    2.4626763498E+27
    5.7500000000E+01    2.4409679723E+27
    5.8500000000E+01    2.4186568619E+27
    5.9500000000E+01    2.3957378274E+27
    6.0500000000E+01    2.3722094734E+27
    6.1500000000E+01    2.3480753982E+27
    6.2500000000E+01    2.3233456350E+27
    6.3500000000E+01    2.2980227242E+27
    6.4500000000E+01    2.2718538567E+27
    6.5500000000E+01    2.2443325839E+27
    6.6500000000E+01    2.2148753026E+27
    6.7500000000E+01    2.1828610428E+27
    6.8500000000E+01    2.1481439288E+27
    6.9500000000E+01    2.1109953820E+27
    7.0500000000E+01    2.0717887152E+27
    7.1500000000E+01    2.0309515673E+27
    7.2500000000E+01    1.9887123577E+27
    7.3500000000E+01    1.9449237538E+27
    7.4500000000E+01    1.8993194199E+27
    7.5500000000E+01    1.8515769065E+27
    7.6500000000E+01    1.8013006817E+27
    7.7500000000E+01    1.7479975003E+27
    7.8500000000E+01    1.6912331034E+27
    7.9500000000E+01    1.6310135301E+27
    8.0500000000E+01    1.5675497776E+27
    8.1500000000E+01    1.5012726628E+27
    8.2500000000E+01    1.4329225487E+27
    8.3500000000E+01    1.3636074254E+27
    8.4500000000E+01    1.2942579431E+27
    8.5500000000E+01    1.2252506045E+27
    8.6500000000E+01    1.1567914416E+27
    8.7500000000E+01    1.0890112488E+27
    8.8500000000E+01    1.0218084016E+27
    8.9500000000E+01    9.5481745429E+26
    9.0500000000E+01    8.8740801215E+26
    9.1500000000E+01    8.1867787502E+26
    9.2500000000E+01    7.4803039801E+26
    9.3500000000E+01    6.7555600862E+26
    9.4500000000E+01    6.0242365121E+26
    9.5500000000E+01    5.2907152613E+26
    9.6500000000E+01    4.5250767765E+26
    9.7500000000E+01    3.7149165853E+26
    9.8500000000E+01    2.8535385366E+26
    9.9500000000E+01    1.9502545555E+26
