 # iter=         65  time[s]=   2.949395E-05  x[nm]  rho[1/m3]
    5.0000000000E-01    3.3698422874E+27
    1.5000000000E+00    3.3500256141E+27
    2.5000000000E+00    3.3302990554E+27
    3.5000000000E+00    3.3107353354E+27
    4.5000000000E+00    3.2914108864E+27
    5.5000000000E+00    3.2724059547E+27
    6.5000000000E+00    3.2538012107E+27
    7.5000000000E+00    3.2356204424E+27
    8.5000000000E+00    3.2178360827E+27
    9.5000000000E+00    3.2004168143E+27
    1.0500000000E+01    3.1833291578E+27
    1.1500000000E+01    3.1665374625E+27
    1.2500000000E+01    3.1500122834E+27
    1.3500000000E+01    3.1337649958E+27
    1.4500000000E+01    3.1178209601E+27
    1.5500000000E+01    3.1022068289E+27
    1.6500000000E+01    3.0869505804E+27
    1.7500000000E+01    3.0720686065E+27
    1.8500000000E+01    3.0575403843E+27
    1.9500000000E+01    3.0433376654E+27
    2.0500000000E+01    3.0294309212E+27
    2.1500000000E+01    3.0157892661E+27
    2.2500000000E+01    3.0023803774E+27
    2.3500000000E+01    2.9891704137E+27
    2.4500000000E+01    2.9761239309E+27
    2.5500000000E+01    2.9632037955E+27
    2.6500000000E+01    2.9503710953E+27
    2.7500000000E+01    2.9375850481E+27
    2.8500000000E+01    2.9248029076E+27
    2.9500000000E+01    2.9119798675E+27
    3.0500000000E+01    2.8990708969E+27
    3.1500000000E+01    2.8860583526E+27
    3.2500000000E+01    2.8729468249E+27
    3.3500000000E+01    2.8597415802E+27
    3.4500000000E+01    2.8464479704E+27
    3.5500000000E+01    2.8330714301E+27
    3.6500000000E+01    2.8196174726E+27
    3.7500000000E+01    2.8060916893E+27
    3.8500000000E+01    2.7924997487E+27
    3.9500000000E+01    2.7788456173E+27
    4.0500000000E+01    2.7651148411E+27
    4.1500000000E+01    2.7512809213E+27
    4.2500000000E+01    2.7373152842E+27
    4.3500000000E+01    2.7231872085E+27
    4.4500000000E+01    2.7088635868E+27
    4.5500000000E+01    2.6943086438E+27
    4.6500000000E+01    2.6794836030E+27
    4.7500000000E+01    2.6643462887E+27
    4.8500000000E+01    2.6488506521E+27
    4.9500000000E+01    2.6329462000E+27
    5.0500000000E+01    2.6165795920E+27
    5.1500000000E+01    2.5997200047E+27
    5.2500000000E+01    2.5823528679E+27
    5.3500000000E+01    2.5644633547E+27
    5.4500000000E+01    2.5460361783E+27
    5.5500000000E+01    2.5270557373E+27
    5.6500000000E+01    2.5075063119E+27
    5.7500000000E+01    2.4873723257E+27
    5.8500000000E+01    2.4666386920E+27
    5.9500000000E+01    2.4452912652E+27
    6.0500000000E+01    2.4233174255E+27
    6.1500000000E+01    2.4007068261E+27
    6.2500000000E+01    2.3774523401E+27
    6.3500000000E+01    2.3535512458E+27
    6.4500000000E+01    2.3290066877E+27
    6.5500000000E+01    2.3038259525E+27
    6.6500000000E+01    2.2778347585E+27
    6.7500000000E+01    2.2505444196E+27
    6.8500000000E+01    2.2213656410E+27
    6.9500000000E+01    2.1896317094E+27
    7.0500000000E+01    2.1550173279E+27
    7.1500000000E+01    2.1177331253E+27
    7.2500000000E+01    2.0781198613E+27
    7.3500000000E+01    2.0366043326E+27
    7.4500000000E+01    1.9934566890E+27
    7.5500000000E+01    1.9485372378E+27
    7.6500000000E+01    1.9015336117E+27
    7.7500000000E+01    1.8520612654E+27
    7.8500000000E+01    1.7996398981E+27
    7.9500000000E+01    1.7436590982E+27
    8.0500000000E+01    1.6835913007E+27
    8.1500000000E+01    1.6194056363E+27
    8.2500000000E+01    1.5513182300E+27
    8.3500000000E+01    1.4798575532E+27
    8.4500000000E+01    1.4060071948E+27
    8.5500000000E+01    1.3311608199E+27
    8.6500000000E+01    1.2561380666E+27
    8.7500000000E+01    1.1813047950E+27
    8.8500000000E+01    1.1068992817E+27
    8.9500000000E+01    1.0329283995E+27
    9.0500000000E+01    9.5900841811E+26
    9.1500000000E+01    8.8435270514E+26
    9.2500000000E+01    8.0777575991E+26
    9.3500000000E+01    7.2856976811E+26
    9.4500000000E+01    6.4715116185E+26
    9.5500000000E+01    5.6535044057E+26
    9.6500000000E+01    4.8137194277E+26
    9.7500000000E+01    3.9194548819E+26
    9.8500000000E+01    2.9622243448E+26
    9.9500000000E+01    1.9502545555E+26
