 # iter=         45  time[s]=   1.949395E-05  x[nm]  rho[1/m3]
    5.0000000000E-01    3.3698422874E+27
    1.5000000000E+00    3.3496877760E+27
    2.5000000000E+00    3.3296280042E+27
    3.5000000000E+00    3.3097398254E+27
    4.5000000000E+00    3.2901040377E+27
    5.5000000000E+00    3.2708054829E+27
    6.5000000000E+00    3.2519274037E+27
    7.5000000000E+00    3.2334868571E+27
    8.5000000000E+00    3.2154538598E+27
    9.5000000000E+00    3.1977952765E+27
    1.0500000000E+01    3.1804756605E+27
    1.1500000000E+01    3.1634572615E+27
    1.2500000000E+01    3.1467151478E+27
    1.3500000000E+01    3.1302672691E+27
    1.4500000000E+01    3.1141405277E+27
    1.5500000000E+01    3.0983631683E+27
    1.6500000000E+01    3.0829643268E+27
    1.7500000000E+01    3.0679508886E+27
    1.8500000000E+01    3.0532965233E+27
    1.9500000000E+01    3.0389711819E+27
    2.0500000000E+01    3.0249434523E+27
    2.1500000000E+01    3.0111804801E+27
    2.2500000000E+01    2.9976478873E+27
    2.3500000000E+01    2.9843096885E+27
    2.4500000000E+01    2.9711282053E+27
    2.5500000000E+01    2.9580639781E+27
    2.6500000000E+01    2.9450756761E+27
    2.7500000000E+01    2.9321200052E+27
    2.8500000000E+01    2.9191516137E+27
    2.9500000000E+01    2.9061229992E+27
    3.0500000000E+01    2.8929954259E+27
    3.1500000000E+01    2.8797664882E+27
    3.2500000000E+01    2.8664417923E+27
    3.3500000000E+01    2.8530270312E+27
    3.4500000000E+01    2.8395279793E+27
    3.5500000000E+01    2.8259504875E+27
    3.6500000000E+01    2.8123004802E+27
    3.7500000000E+01    2.7985839529E+27
    3.8500000000E+01    2.7848068749E+27
    3.9500000000E+01    2.7709649167E+27
    4.0500000000E+01    2.7570336152E+27
    4.1500000000E+01    2.7429845688E+27
    4.2500000000E+01    2.7287872984E+27
    4.3500000000E+01    2.7144090235E+27
    4.4500000000E+01    2.6998143987E+27
    4.5500000000E+01    2.6849652014E+27
    4.6500000000E+01    2.6698199607E+27
    4.7500000000E+01    2.6543335142E+27
    4.8500000000E+01    2.6384564763E+27
    4.9500000000E+01    2.6221348611E+27
    5.0500000000E+01    2.6053271637E+27
    5.1500000000E+01    2.5880175295E+27
    5.2500000000E+01    2.5701920295E+27
    5.3500000000E+01    2.5518363097E+27
    5.4500000000E+01    2.5329357320E+27
    5.5500000000E+01    2.5134755625E+27
    5.6500000000E+01    2.4934412203E+27
    5.7500000000E+01    2.4728186045E+27
    5.8500000000E+01    2.4515945190E+27
    5.9500000000E+01    2.4297572181E+27
    6.0500000000E+01    2.4072971030E+27
    6.1500000000E+01    2.3842075998E+27
    6.2500000000E+01    2.3604862551E+27
    6.3500000000E+01    2.3361360842E+27
    6.4500000000E+01    2.3111671833E+27
    6.5500000000E+01    2.2855005921E+27
    6.6500000000E+01    2.2587150346E+27
    6.7500000000E+01    2.2302541020E+27
    6.8500000000E+01    2.1994793022E+27
    6.9500000000E+01    2.1658948852E+27
    7.0500000000E+01    2.1296213820E+27
    7.1500000000E+01    2.0909704754E+27
    7.2500000000E+01    2.0503554026E+27
    7.3500000000E+01    2.0081345455E+27
    7.4500000000E+01    1.9643087630E+27
    7.5500000000E+01    1.9186100038E+27
    7.6500000000E+01    1.8707027130E+27
    7.7500000000E+01    1.8201727059E+27
    7.8500000000E+01    1.7665000032E+27
    7.9500000000E+01    1.7090924476E+27
    8.0500000000E+01    1.6477651839E+27
    8.1500000000E+01    1.5826525297E+27
    8.2500000000E+01    1.5141235934E+27
    8.3500000000E+01    1.4429006515E+27
    8.4500000000E+01    1.3701674252E+27
    8.5500000000E+01    1.2970683118E+27
    8.6500000000E+01    1.2240858632E+27
    8.7500000000E+01    1.1514828840E+27
    8.8500000000E+01    1.0794205076E+27
    8.9500000000E+01    1.0077599691E+27
    9.0500000000E+01    9.3601839311E+26
    9.1500000000E+01    8.6334235926E+26
    9.2500000000E+01    7.8865339197E+26
    9.3500000000E+01    7.1153918270E+26
    9.4500000000E+01    6.3268561351E+26
    9.5500000000E+01    5.5368730297E+26
    9.6500000000E+01    4.7210459262E+26
    9.7500000000E+01    3.8536934975E+26
    9.8500000000E+01    2.9272057185E+26
    9.9500000000E+01    1.9502545555E+26
