 # iter=         32  time[s]=   1.299395E-05  x[nm]  rho[1/m3]
    5.0000000000E-01    3.3698422874E+27
    1.5000000000E+00    3.3486137592E+27
    2.5000000000E+00    3.3274955256E+27
    3.5000000000E+00    3.3065784193E+27
    4.5000000000E+00    3.2859580636E+27
    5.5000000000E+00    3.2657349501E+27
    6.5000000000E+00    3.2459956331E+27
    7.5000000000E+00    3.2267349932E+27
    8.5000000000E+00    3.2079163737E+27
    9.5000000000E+00    3.1895002461E+27
    1.0500000000E+01    3.1714442512E+27
    1.1500000000E+01    3.1537068357E+27
    1.2500000000E+01    3.1362884043E+27
    1.3500000000E+01    3.1192191612E+27
    1.4500000000E+01    3.1025313325E+27
    1.5500000000E+01    3.0862586642E+27
    1.6500000000E+01    3.0704192441E+27
    1.7500000000E+01    3.0549867947E+27
    1.8500000000E+01    3.0399265483E+27
    1.9500000000E+01    3.0252021549E+27
    2.0500000000E+01    3.0107755970E+27
    2.1500000000E+01    2.9966071014E+27
    2.2500000000E+01    2.9826550500E+27
    2.3500000000E+01    2.9688758876E+27
    2.4500000000E+01    2.9552240295E+27
    2.5500000000E+01    2.9416517674E+27
    2.6500000000E+01    2.9281091756E+27
    2.7500000000E+01    2.9145440174E+27
    2.8500000000E+01    2.9009025124E+27
    2.9500000000E+01    2.8871566977E+27
    3.0500000000E+01    2.8733114530E+27
    3.1500000000E+01    2.8593737043E+27
    3.2500000000E+01    2.8453504599E+27
    3.3500000000E+01    2.8312488013E+27
    3.4500000000E+01    2.8170758754E+27
    3.5500000000E+01    2.8028388891E+27
    3.6500000000E+01    2.7885451045E+27
    3.7500000000E+01    2.7741960127E+27
    3.8500000000E+01    2.7597688242E+27
    3.9500000000E+01    2.7452329179E+27
    4.0500000000E+01    2.7305555134E+27
    4.1500000000E+01    2.7157014458E+27
    4.2500000000E+01    2.7006328973E+27
    4.3500000000E+01    2.6853090798E+27
    4.4500000000E+01    2.6696858556E+27
    4.5500000000E+01    2.6537152840E+27
    4.6500000000E+01    2.6373450760E+27
    4.7500000000E+01    2.6205185259E+27
    4.8500000000E+01    2.6031960014E+27
    4.9500000000E+01    2.5853639323E+27
    5.0500000000E+01    2.5670102080E+27
    5.1500000000E+01    2.5481225361E+27
    5.2500000000E+01    2.5286886261E+27
    5.3500000000E+01    2.5086964254E+27
    5.4500000000E+01    2.4881344245E+27
    5.5500000000E+01    2.4669920449E+27
    5.6500000000E+01    2.4452601308E+27
    5.7500000000E+01    2.4229315682E+27
    5.8500000000E+01    2.4000020550E+27
    5.9500000000E+01    2.3764710519E+27
    6.0500000000E+01    2.3523429410E+27
    6.1500000000E+01    2.3276284154E+27
    6.2500000000E+01    2.3023405769E+27
    6.3500000000E+01    2.2762911942E+27
    6.4500000000E+01    2.2489953009E+27
    6.5500000000E+01    2.2198844119E+27
    6.6500000000E+01    2.1883331545E+27
    6.7500000000E+01    2.1540922505E+27
    6.8500000000E+01    2.1174139581E+27
    6.9500000000E+01    2.0786626811E+27
    7.0500000000E+01    2.0382746222E+27
    7.1500000000E+01    1.9965400727E+27
    7.2500000000E+01    1.9533755940E+27
    7.3500000000E+01    1.9085388060E+27
    7.4500000000E+01    1.8617382450E+27
    7.5500000000E+01    1.8126197233E+27
    7.6500000000E+01    1.7607460826E+27
    7.7500000000E+01    1.7056592709E+27
    7.8500000000E+01    1.6473003130E+27
    7.9500000000E+01    1.5858520574E+27
    8.0500000000E+01    1.5216781618E+27
    8.1500000000E+01    1.4553982791E+27
    8.2500000000E+01    1.3879566323E+27
    8.3500000000E+01    1.3203950315E+27
    8.4500000000E+01    1.2531851022E+27
    8.5500000000E+01    1.1865532872E+27
    8.6500000000E+01    1.1206456142E+27
    8.7500000000E+01    1.0554720932E+27
    8.8500000000E+01    9.9080672635E+26
    8.9500000000E+01    9.2620327817E+26
    9.0500000000E+01    8.6097487755E+26
    9.1500000000E+01    7.9432537154E+26
    9.2500000000E+01    7.2594026094E+26
    9.3500000000E+01    6.5614182173E+26
    9.4500000000E+01    5.8619224192E+26
    9.5500000000E+01    5.1571974711E+26
    9.6500000000E+01    4.4188779872E+26
    9.7500000000E+01    3.6398859290E+26
    9.8500000000E+01    2.8138479155E+26
    9.9500000000E+01    1.9502545555E+26
