 # iter=         61  time[s]=   2.749395E-05  x[nm]  rho[1/m3]
    5.0000000000E-01    3.3698422874E+27
    1.5000000000E+00    3.3500018265E+27
    2.5000000000E+00    3.3302518019E+27
    3.5000000000E+00    3.3106652244E+27
    4.5000000000E+00    3.2913188293E+27
    5.5000000000E+00    3.2722931815E+27
    6.5000000000E+00    3.2536691512E+27
    7.5000000000E+00    3.2354700639E+27
    8.5000000000E+00    3.2176681745E+27
    9.5000000000E+00    3.2002320405E+27
    1.0500000000E+01    3.1831280471E+27
    1.1500000000E+01    3.1663203983E+27
    1.2500000000E+01    3.1497798876E+27
    1.3500000000E+01    3.1335184043E+27
    1.4500000000E+01    3.1175614167E+27
    1.5500000000E+01    3.1019356875E+27
    1.6500000000E+01    3.0866693008E+27
    1.7500000000E+01    3.0717780778E+27
    1.8500000000E+01    3.0572409993E+27
    1.9500000000E+01    3.0430296929E+27
    2.0500000000E+01    3.0291145003E+27
    2.1500000000E+01    3.0154644002E+27
    2.2500000000E+01    3.0020469283E+27
    2.3500000000E+01    2.9888280960E+27
    2.4500000000E+01    2.9757723054E+27
    2.5500000000E+01    2.9628422633E+27
    2.6500000000E+01    2.9499988912E+27
    2.7500000000E+01    2.9372012346E+27
    2.8500000000E+01    2.9244063684E+27
    2.9500000000E+01    2.9115693013E+27
    3.0500000000E+01    2.8986451489E+27
    3.1500000000E+01    2.8856174921E+27
    3.2500000000E+01    2.8724910801E+27
    3.3500000000E+01    2.8592712090E+27
    3.4500000000E+01    2.8459632603E+27
    3.5500000000E+01    2.8325726978E+27
    3.6500000000E+01    2.8191050636E+27
    3.7500000000E+01    2.8055659773E+27
    3.8500000000E+01    2.7919611354E+27
    3.9500000000E+01    2.7782942069E+27
    4.0500000000E+01    2.7645498277E+27
    4.1500000000E+01    2.7507013334E+27
    4.2500000000E+01    2.7367200217E+27
    4.3500000000E+01    2.7225750325E+27
    4.4500000000E+01    2.7082331077E+27
    4.5500000000E+01    2.6936583081E+27
    4.6500000000E+01    2.6788116764E+27
    4.7500000000E+01    2.6636508378E+27
    4.8500000000E+01    2.6481295211E+27
    4.9500000000E+01    2.6321969835E+27
    5.0500000000E+01    2.6158001303E+27
    5.1500000000E+01    2.5989096053E+27
    5.2500000000E+01    2.5815109686E+27
    5.3500000000E+01    2.5635894239E+27
    5.4500000000E+01    2.5451297262E+27
    5.5500000000E+01    2.5261163303E+27
    5.6500000000E+01    2.5065335899E+27
    5.7500000000E+01    2.4863660240E+27
    5.8500000000E+01    2.4655986682E+27
    5.9500000000E+01    2.4442175326E+27
    6.0500000000E+01    2.4222101930E+27
    6.1500000000E+01    2.3995665476E+27
    6.2500000000E+01    2.3762797740E+27
    6.3500000000E+01    2.3523475247E+27
    6.4500000000E+01    2.3277734009E+27
    6.5500000000E+01    2.3025635437E+27
    6.6500000000E+01    2.2765257018E+27
    6.7500000000E+01    2.2491636266E+27
    6.8500000000E+01    2.2198846183E+27
    6.9500000000E+01    2.1880232372E+27
    7.0500000000E+01    2.1532886643E+27
    7.1500000000E+01    2.1159030293E+27
    7.2500000000E+01    2.0762125947E+27
    7.3500000000E+01    2.0346441600E+27
    7.4500000000E+01    1.9914521815E+27
    7.5500000000E+01    1.9464818616E+27
    7.6500000000E+01    1.8994192157E+27
    7.7500000000E+01    1.8498777578E+27
    7.8500000000E+01    1.7973746124E+27
    7.9500000000E+01    1.7412967295E+27
    8.0500000000E+01    1.6811373865E+27
    8.1500000000E+01    1.6168811336E+27
    8.2500000000E+01    1.5487541261E+27
    8.3500000000E+01    1.4772980203E+27
    8.4500000000E+01    1.4035114038E+27
    8.5500000000E+01    1.3287818246E+27
    8.6500000000E+01    1.2538987885E+27
    8.7500000000E+01    1.1792195429E+27
    8.8500000000E+01    1.1049777235E+27
    8.9500000000E+01    1.0311697582E+27
    9.0500000000E+01    9.5740423267E+26
    9.1500000000E+01    8.8288946713E+26
    9.2500000000E+01    8.0644435251E+26
    9.3500000000E+01    7.2738254924E+26
    9.4500000000E+01    6.4613960295E+26
    9.5500000000E+01    5.6453633162E+26
    9.6500000000E+01    4.8072578092E+26
    9.7500000000E+01    3.9148670882E+26
    9.8500000000E+01    2.9597790764E+26
    9.9500000000E+01    1.9502545555E+26
