 # iter=         54  time[s]=   2.399395E-05  x[nm]  rho[1/m3]
    5.0000000000E-01    3.3698422874E+27
    1.5000000000E+00    3.3499247608E+27
    2.5000000000E+00    3.3300987167E+27
    3.5000000000E+00    3.3104380990E+27
    4.5000000000E+00    3.2910206292E+27
    5.5000000000E+00    3.2719279096E+27
    6.5000000000E+00    3.2532414390E+27
    7.5000000000E+00    3.2349830316E+27
    8.5000000000E+00    3.2171243739E+27
    9.5000000000E+00    3.1996336151E+27
    1.0500000000E+01    3.1824766987E+27
    1.1500000000E+01    3.1656173540E+27
    1.2500000000E+01    3.1490272287E+27
    1.3500000000E+01    3.1327198278E+27
    1.4500000000E+01    3.1167209685E+27
    1.5500000000E+01    3.1010577717E+27
    1.6500000000E+01    3.0857586477E+27
    1.7500000000E+01    3.0708374517E+27
    1.8500000000E+01    3.0562716542E+27
    1.9500000000E+01    3.0420324778E+27
    2.0500000000E+01    3.0280898409E+27
    2.1500000000E+01    3.0144122799E+27
    2.2500000000E+01    3.0009668689E+27
    2.3500000000E+01    2.9877191378E+27
    2.4500000000E+01    2.9746329873E+27
    2.5500000000E+01    2.9616706021E+27
    2.6500000000E+01    2.9487923616E+27
    2.7500000000E+01    2.9359567478E+27
    2.8500000000E+01    2.9231202518E+27
    2.9500000000E+01    2.9102372777E+27
    3.0500000000E+01    2.8972636778E+27
    3.1500000000E+01    2.8841869277E+27
    3.2500000000E+01    2.8710121599E+27
    3.3500000000E+01    2.8577447676E+27
    3.4500000000E+01    2.8443902285E+27
    3.5500000000E+01    2.8309541007E+27
    3.6500000000E+01    2.8174420200E+27
    3.7500000000E+01    2.8038596978E+27
    3.8500000000E+01    2.7902129208E+27
    3.9500000000E+01    2.7765041256E+27
    4.0500000000E+01    2.7627151420E+27
    4.1500000000E+01    2.7488188380E+27
    4.2500000000E+01    2.7347860888E+27
    4.3500000000E+01    2.7205855782E+27
    4.4500000000E+01    2.7061835535E+27
    4.5500000000E+01    2.6915435350E+27
    4.6500000000E+01    2.6766259720E+27
    4.7500000000E+01    2.6613878322E+27
    4.8500000000E+01    2.6457821117E+27
    4.9500000000E+01    2.6297572438E+27
    5.0500000000E+01    2.6132614694E+27
    5.1500000000E+01    2.5962699298E+27
    5.2500000000E+01    2.5787684323E+27
    5.3500000000E+01    2.5607422822E+27
    5.4500000000E+01    2.5421763743E+27
    5.5500000000E+01    2.5230553497E+27
    5.6500000000E+01    2.5033638072E+27
    5.7500000000E+01    2.4830865833E+27
    5.8500000000E+01    2.4622091208E+27
    5.9500000000E+01    2.4407179465E+27
    6.0500000000E+01    2.4186012879E+27
    6.1500000000E+01    2.3958498576E+27
    6.2500000000E+01    2.3724578435E+27
    6.3500000000E+01    2.3484241410E+27
    6.4500000000E+01    2.3237538652E+27
    6.5500000000E+01    2.2984458456E+27
    6.6500000000E+01    2.2722475327E+27
    6.7500000000E+01    2.2446422720E+27
    6.8500000000E+01    2.2150262440E+27
    6.9500000000E+01    2.1827463957E+27
    7.0500000000E+01    2.1476255530E+27
    7.1500000000E+01    2.1099162708E+27
    7.2500000000E+01    2.0699828211E+27
    7.3500000000E+01    2.0282473748E+27
    7.4500000000E+01    1.9849084915E+27
    7.5500000000E+01    1.9397693099E+27
    7.6500000000E+01    1.8925107860E+27
    7.7500000000E+01    1.8427400031E+27
    7.8500000000E+01    1.7899655283E+27
    7.9500000000E+01    1.7335682980E+27
    8.0500000000E+01    1.6731149432E+27
    8.1500000000E+01    1.6086350030E+27
    8.2500000000E+01    1.5403879194E+27
    8.3500000000E+01    1.4689586180E+27
    8.4500000000E+01    1.3953941242E+27
    8.5500000000E+01    1.3210501263E+27
    8.6500000000E+01    1.2466240872E+27
    8.7500000000E+01    1.1724470752E+27
    8.8500000000E+01    1.0987372155E+27
    8.9500000000E+01    1.0254570341E+27
    9.0500000000E+01    9.5219097668E+26
    9.1500000000E+01    8.7813139198E+26
    9.2500000000E+01    8.0211441657E+26
    9.3500000000E+01    7.2352293794E+26
    9.4500000000E+01    6.4285421845E+26
    9.5500000000E+01    5.6189092806E+26
    9.6500000000E+01    4.7862529411E+26
    9.7500000000E+01    3.8999561477E+26
    9.8500000000E+01    2.9518339082E+26
    9.9500000000E+01    1.9502545555E+26
