 # iter=         39  time[s]=   1.649395E-05  x[nm]  rho[1/m3]
    5.0000000000E-01    3.3698422874E+27
    1.5000000000E+00    3.3493516485E+27
    2.5000000000E+00    3.3289604752E+27
    3.5000000000E+00    3.3087498530E+27
    4.5000000000E+00    3.2888050614E+27
    5.5000000000E+00    3.2692156663E+27
    6.5000000000E+00    3.2500668306E+27
    7.5000000000E+00    3.2313686722E+27
    8.5000000000E+00    3.2130890052E+27
    9.5000000000E+00    3.1951927953E+27
    1.0500000000E+01    3.1776425412E+27
    1.1500000000E+01    3.1603985415E+27
    1.2500000000E+01    3.1434424709E+27
    1.3500000000E+01    3.1267973254E+27
    1.4500000000E+01    3.1104915999E+27
    1.5500000000E+01    3.0945551925E+27
    1.6500000000E+01    3.0790169661E+27
    1.7500000000E+01    3.0638725446E+27
    1.8500000000E+01    3.0490919325E+27
    1.9500000000E+01    3.0346432062E+27
    2.0500000000E+01    3.0204929905E+27
    2.1500000000E+01    3.0066063770E+27
    2.2500000000E+01    2.9929468407E+27
    2.3500000000E+01    2.9794761546E+27
    2.4500000000E+01    2.9661543011E+27
    2.5500000000E+01    2.9529393833E+27
    2.6500000000E+01    2.9397875329E+27
    2.7500000000E+01    2.9266528180E+27
    2.8500000000E+01    2.9134871495E+27
    2.9500000000E+01    2.9002413686E+27
    3.0500000000E+01    2.8868922933E+27
    3.1500000000E+01    2.8734446152E+27
    3.2500000000E+01    2.8599043738E+27
    3.3500000000E+01    2.8462776914E+27
    3.4500000000E+01    2.8325707670E+27
    3.5500000000E+01    2.8187898706E+27
    3.6500000000E+01    2.8049413399E+27
    3.7500000000E+01    2.7910315780E+27
    3.8500000000E+01    2.7770640861E+27
    3.9500000000E+01    2.7630211266E+27
    4.0500000000E+01    2.7488744324E+27
    4.1500000000E+01    2.7345936822E+27
    4.2500000000E+01    2.7201463241E+27
    4.3500000000E+01    2.7054973278E+27
    4.4500000000E+01    2.6906088915E+27
    4.5500000000E+01    2.6754400933E+27
    4.6500000000E+01    2.6599464757E+27
    4.7500000000E+01    2.6440795478E+27
    4.8500000000E+01    2.6277861858E+27
    4.9500000000E+01    2.6110158010E+27
    5.0500000000E+01    2.5937472810E+27
    5.1500000000E+01    2.5759674921E+27
    5.2500000000E+01    2.5576629065E+27
    5.3500000000E+01    2.5388197394E+27
    5.4500000000E+01    2.5194241313E+27
    5.5500000000E+01    2.4994623874E+27
    5.6500000000E+01    2.4789212890E+27
    5.7500000000E+01    2.4577884972E+27
    5.8500000000E+01    2.4360530681E+27
    5.9500000000E+01    2.4137061076E+27
    6.0500000000E+01    2.3907415954E+27
    6.1500000000E+01    2.3671574079E+27
    6.2500000000E+01    2.3429565756E+27
    6.3500000000E+01    2.3181488024E+27
    6.4500000000E+01    2.2927130377E+27
    6.5500000000E+01    2.2663182737E+27
    6.6500000000E+01    2.2384355500E+27
    6.7500000000E+01    2.2084589031E+27
    6.8500000000E+01    2.1757948846E+27
    6.9500000000E+01    2.1404242017E+27
    7.0500000000E+01    2.1026358319E+27
    7.1500000000E+01    2.0628196216E+27
    7.2500000000E+01    2.0213833898E+27
    7.3500000000E+01    1.9784638285E+27
    7.4500000000E+01    1.9338502886E+27
    7.5500000000E+01    1.8872464207E+27
    7.6500000000E+01    1.8382902064E+27
    7.7500000000E+01    1.7865328154E+27
    7.8500000000E+01    1.7314176923E+27
    7.9500000000E+01    1.6725972584E+27
    8.0500000000E+01    1.6101401996E+27
    8.1500000000E+01    1.5443125679E+27
    8.2500000000E+01    1.4756555045E+27
    8.3500000000E+01    1.4050906341E+27
    8.4500000000E+01    1.3338556449E+27
    8.5500000000E+01    1.2626566385E+27
    8.6500000000E+01    1.1918053751E+27
    8.7500000000E+01    1.1215005102E+27
    8.8500000000E+01    1.0517854387E+27
    8.9500000000E+01    9.8239841773E+26
    9.0500000000E+01    9.1277723258E+26
    9.1500000000E+01    8.4201929502E+26
    9.2500000000E+01    7.6924890485E+26
    9.3500000000E+01    6.9431216306E+26
    9.4500000000E+01    6.1815472288E+26
    9.5500000000E+01    5.4190893309E+26
    9.6500000000E+01    4.6272994276E+26
    9.7500000000E+01    3.7872562602E+26
    9.8500000000E+01    2.8918983619E+26
    9.9500000000E+01    1.9502545555E+26
