 # iter=          4  time[s]=   1.899061E-09  x[nm]  rho[1/m3]
    5.0000000000E-01    3.3698422874E+27
    1.5000000000E+00    3.3238185384E+27
    2.5000000000E+00    3.2792633413E+27
    3.5000000000E+00    3.2372013027E+27
    4.5000000000E+00    3.1977473476E+27
    5.5000000000E+00    3.1604599837E+27
    6.5000000000E+00    3.1250392443E+27
    7.5000000000E+00    3.0916181274E+27
    8.5000000000E+00    3.0603351965E+27
    9.5000000000E+00    3.0309723828E+27
    1.0500000000E+01    3.0031953366E+27
    1.1500000000E+01    2.9766698339E+27
    1.2500000000E+01    2.9510617071E+27
    1.3500000000E+01    2.9260369805E+27
    1.4500000000E+01    2.9012631937E+27
    1.5500000000E+01    2.8765235201E+27
    1.6500000000E+01    2.8518378417E+27
    1.7500000000E+01    2.8272542329E+27
    1.8500000000E+01    2.8028201723E+27
    1.9500000000E+01    2.7785807956E+27
    2.0500000000E+01    2.7545092121E+27
    2.1500000000E+01    2.7304884672E+27
    2.2500000000E+01    2.7063960934E+27
    2.3500000000E+01    2.6821096957E+27
    2.4500000000E+01    2.6575068389E+27
    2.5500000000E+01    2.6324648570E+27
    2.6500000000E+01    2.6068758772E+27
    2.7500000000E+01    2.5807447043E+27
    2.8500000000E+01    2.5541267569E+27
    2.9500000000E+01    2.5270781623E+27
    3.0500000000E+01    2.4996551741E+27
    3.1500000000E+01    2.4719140733E+27
    3.2500000000E+01    2.4439111478E+27
    3.3500000000E+01    2.4157026885E+27
    3.4500000000E+01    2.3873449876E+27
    3.5500000000E+01    2.3588943362E+27
    3.6500000000E+01    2.3304069964E+27
    3.7500000000E+01    2.3019327216E+27
    3.8500000000E+01    2.2732495836E+27
    3.9500000000E+01    2.2437704656E+27
    4.0500000000E+01    2.2128825193E+27
    4.1500000000E+01    2.1800313246E+27
    4.2500000000E+01    2.1452518776E+27
    4.3500000000E+01    2.1089170011E+27
    4.4500000000E+01    2.0714078406E+27
    4.5500000000E+01    2.0330855648E+27
    4.6500000000E+01    1.9941487730E+27
    4.7500000000E+01    1.9545389115E+27
    4.8500000000E+01    1.9141425028E+27
    4.9500000000E+01    1.8728490350E+27
    5.0500000000E+01    1.8305482899E+27
    5.1500000000E+01    1.7871299129E+27
    5.2500000000E+01    1.7424835551E+27
    5.3500000000E+01    1.6966286965E+27
    5.4500000000E+01    1.6498144337E+27
    5.5500000000E+01    1.6023153779E+27
    5.6500000000E+01    1.5544066591E+27
    5.7500000000E+01    1.5063634421E+27
    5.8500000000E+01    1.4584608886E+27
    5.9500000000E+01    1.4109744486E+27
    6.0500000000E+01    1.3641668876E+27
    6.1500000000E+01    1.3181145722E+27
    6.2500000000E+01    1.2727637012E+27
    6.3500000000E+01    1.2280564996E+27
    6.4500000000E+01    1.1839437569E+27
    6.5500000000E+01    1.1404213449E+27
    6.6500000000E+01    1.0975003152E+27
    6.7500000000E+01    1.0551912791E+27
    6.8500000000E+01    1.0135048503E+27
    6.9500000000E+01    9.7245167584E+26
    7.0500000000E+01    9.3204243165E+26
    7.1500000000E+01    8.9228769145E+26
    7.2500000000E+01    8.5319735343E+26
    7.3500000000E+01    8.1483285115E+26
    7.4500000000E+01    7.7733688258E+26
    7.5500000000E+01    7.4086133993E+26
    7.6500000000E+01    7.0555847153E+26
    7.7500000000E+01    6.7158051978E+26
    7.8500000000E+01    6.3907999114E+26
    7.9500000000E+01    6.0818244148E+26
    8.0500000000E+01    5.7878256966E+26
    8.1500000000E+01    5.5066138466E+26
    8.2500000000E+01    5.2359810596E+26
    8.3500000000E+01    4.9737112781E+26
    8.4500000000E+01    4.7190432705E+26
    8.5500000000E+01    4.4732734605E+26
    8.6500000000E+01    4.2364073615E+26
    8.7500000000E+01    4.0084094792E+26
    8.8500000000E+01    3.7892437682E+26
    8.9500000000E+01    3.5788741476E+26
    9.0500000000E+01    3.3772645246E+26
    9.1500000000E+01    3.1843787958E+26
    9.2500000000E+01    3.0001808473E+26
    9.3500000000E+01    2.8246345547E+26
    9.4500000000E+01    2.6577037832E+26
    9.5500000000E+01    2.4993523871E+26
    9.6500000000E+01    2.3495441841E+26
    9.7500000000E+01    2.2082419303E+26
    9.8500000000E+01    2.0753768746E+26
    9.9500000000E+01    1.9502545555E+26
