 # iter=         19  time[s]=   6.493954E-06  x[nm]  rho[1/m3]
    5.0000000000E-01    3.3698422874E+27
    1.5000000000E+00    3.3453271896E+27
    2.5000000000E+00    3.3209791799E+27
    3.5000000000E+00    3.2969411806E+27
    4.5000000000E+00    3.2733644857E+27
    5.5000000000E+00    3.2504006308E+27
    6.5000000000E+00    3.2280884963E+27
    7.5000000000E+00    3.2063749802E+27
    8.5000000000E+00    3.1851996713E+27
    9.5000000000E+00    3.1644971577E+27
    1.0500000000E+01    3.1442194454E+27
    1.1500000000E+01    3.1243955383E+27
    1.2500000000E+01    3.1050738614E+27
    1.3500000000E+01    3.0863052467E+27
    1.4500000000E+01    3.0681181082E+27
    1.5500000000E+01    3.0504726444E+27
    1.6500000000E+01    3.0333150444E+27
    1.7500000000E+01    3.0165888361E+27
    1.8500000000E+01    3.0002347519E+27
    1.9500000000E+01    2.9841905922E+27
    2.0500000000E+01    2.9683910881E+27
    2.1500000000E+01    2.9527677656E+27
    2.2500000000E+01    2.9372488122E+27
    2.3500000000E+01    2.9217589515E+27
    2.4500000000E+01    2.9062193276E+27
    2.5500000000E+01    2.8905653185E+27
    2.6500000000E+01    2.8747940808E+27
    2.7500000000E+01    2.8589169684E+27
    2.8500000000E+01    2.8429454433E+27
    2.9500000000E+01    2.8268910508E+27
    3.0500000000E+01    2.8107653984E+27
    3.1500000000E+01    2.7945801376E+27
    3.2500000000E+01    2.7783448771E+27
    3.3500000000E+01    2.7620403880E+27
    3.4500000000E+01    2.7456246891E+27
    3.5500000000E+01    2.7290523300E+27
    3.6500000000E+01    2.7122745245E+27
    3.7500000000E+01    2.6952387645E+27
    3.8500000000E+01    2.6778883515E+27
    3.9500000000E+01    2.6601618295E+27
    4.0500000000E+01    2.6419922943E+27
    4.1500000000E+01    2.6233066740E+27
    4.2500000000E+01    2.6040467936E+27
    4.3500000000E+01    2.5841970159E+27
    4.4500000000E+01    2.5637474950E+27
    4.5500000000E+01    2.5426888203E+27
    4.6500000000E+01    2.5210123822E+27
    4.7500000000E+01    2.4987108292E+27
    4.8500000000E+01    2.4757786362E+27
    4.9500000000E+01    2.4522128073E+27
    5.0500000000E+01    2.4280137394E+27
    5.1500000000E+01    2.4031862714E+27
    5.2500000000E+01    2.3777409452E+27
    5.3500000000E+01    2.3516954971E+27
    5.4500000000E+01    2.3250765840E+27
    5.5500000000E+01    2.2979057162E+27
    5.6500000000E+01    2.2699053972E+27
    5.7500000000E+01    2.2404880380E+27
    5.8500000000E+01    2.2089938710E+27
    5.9500000000E+01    2.1748089728E+27
    6.0500000000E+01    2.1380054130E+27
    6.1500000000E+01    2.0990130016E+27
    6.2500000000E+01    2.0583564728E+27
    6.3500000000E+01    2.0165308303E+27
    6.4500000000E+01    1.9737019725E+27
    6.5500000000E+01    1.9297232925E+27
    6.6500000000E+01    1.8844013905E+27
    6.7500000000E+01    1.8375126629E+27
    6.8500000000E+01    1.7887961721E+27
    6.9500000000E+01    1.7379476146E+27
    7.0500000000E+01    1.6848418303E+27
    7.1500000000E+01    1.6297096101E+27
    7.2500000000E+01    1.5729015370E+27
    7.3500000000E+01    1.5148876129E+27
    7.4500000000E+01    1.4562737014E+27
    7.5500000000E+01    1.3978020426E+27
    7.6500000000E+01    1.3402293335E+27
    7.7500000000E+01    1.2838945653E+27
    7.8500000000E+01    1.2289281672E+27
    7.9500000000E+01    1.1753771329E+27
    8.0500000000E+01    1.1232631561E+27
    8.1500000000E+01    1.0725267526E+27
    8.2500000000E+01    1.0230217311E+27
    8.3500000000E+01    9.7453835670E+26
    8.4500000000E+01    9.2681592245E+26
    8.5500000000E+01    8.7954426306E+26
    8.6500000000E+01    8.3237454832E+26
    8.7500000000E+01    7.8509546852E+26
    8.8500000000E+01    7.3765307247E+26
    8.9500000000E+01    6.9013006932E+26
    9.0500000000E+01    6.4280764125E+26
    9.1500000000E+01    5.9615355617E+26
    9.2500000000E+01    5.4999387029E+26
    9.3500000000E+01    5.0348624547E+26
    9.4500000000E+01    4.5571919197E+26
    9.5500000000E+01    4.0671370135E+26
    9.6500000000E+01    3.5623119608E+26
    9.7500000000E+01    3.0403491666E+26
    9.8500000000E+01    2.5006243313E+26
    9.9500000000E+01    1.9502545555E+26
