 # iter=         59  time[s]=   2.649395E-05  x[nm]  rho[1/m3]
    5.0000000000E-01    3.3698422874E+27
    1.5000000000E+00    3.3499854129E+27
    2.5000000000E+00    3.3302191970E+27
    3.5000000000E+00    3.3106168486E+27
    4.5000000000E+00    3.2912553126E+27
    5.5000000000E+00    3.2722153742E+27
    6.5000000000E+00    3.2535780398E+27
    7.5000000000E+00    3.2353663147E+27
    8.5000000000E+00    3.2175523316E+27
    9.5000000000E+00    3.2001045615E+27
    1.0500000000E+01    3.1829892960E+27
    1.1500000000E+01    3.1661706382E+27
    1.2500000000E+01    3.1496195532E+27
    1.3500000000E+01    3.1333482809E+27
    1.4500000000E+01    3.1173823639E+27
    1.5500000000E+01    3.1017486411E+27
    1.6500000000E+01    3.0864752682E+27
    1.7500000000E+01    3.0715776625E+27
    1.8500000000E+01    3.0570344709E+27
    1.9500000000E+01    3.0428172349E+27
    2.0500000000E+01    3.0288962066E+27
    2.1500000000E+01    3.0152402707E+27
    2.2500000000E+01    3.0018168653E+27
    2.3500000000E+01    2.9885918994E+27
    2.4500000000E+01    2.9755296690E+27
    2.5500000000E+01    2.9625927701E+27
    2.6500000000E+01    2.9497420094E+27
    2.7500000000E+01    2.9369363129E+27
    2.8500000000E+01    2.9241326319E+27
    2.9500000000E+01    2.9112858467E+27
    3.0500000000E+01    2.8983511955E+27
    3.1500000000E+01    2.8853130997E+27
    3.2500000000E+01    2.8721764059E+27
    3.3500000000E+01    2.8589464309E+27
    3.4500000000E+01    2.8456285767E+27
    3.5500000000E+01    2.8322283270E+27
    3.6500000000E+01    2.8187512440E+27
    3.7500000000E+01    2.8052029668E+27
    3.8500000000E+01    2.7915892110E+27
    3.9500000000E+01    2.7779134188E+27
    4.0500000000E+01    2.7641596082E+27
    4.1500000000E+01    2.7503010073E+27
    4.2500000000E+01    2.7363088244E+27
    4.3500000000E+01    2.7221521032E+27
    4.4500000000E+01    2.7077974813E+27
    4.5500000000E+01    2.6932089052E+27
    4.6500000000E+01    2.6783472925E+27
    4.7500000000E+01    2.6631701299E+27
    4.8500000000E+01    2.6476309916E+27
    4.9500000000E+01    2.6316789614E+27
    5.0500000000E+01    2.6152611573E+27
    5.1500000000E+01    2.5983492184E+27
    5.2500000000E+01    2.5809287778E+27
    5.3500000000E+01    2.5629850604E+27
    5.4500000000E+01    2.5445028506E+27
    5.5500000000E+01    2.5254666422E+27
    5.6500000000E+01    2.5058608402E+27
    5.7500000000E+01    2.4856700302E+27
    5.8500000000E+01    2.4648793331E+27
    5.9500000000E+01    2.4434748673E+27
    6.0500000000E+01    2.4214443453E+27
    6.1500000000E+01    2.3987778361E+27
    6.2500000000E+01    2.3754687292E+27
    6.3500000000E+01    2.3515149379E+27
    6.4500000000E+01    2.3269203815E+27
    6.5500000000E+01    2.3016901367E+27
    6.6500000000E+01    2.2756193210E+27
    6.7500000000E+01    2.2482068395E+27
    6.8500000000E+01    2.2188576355E+27
    6.9500000000E+01    2.1869077873E+27
    7.0500000000E+01    2.1520905382E+27
    7.1500000000E+01    2.1146353264E+27
    7.2500000000E+01    2.0748922285E+27
    7.3500000000E+01    2.0332876729E+27
    7.4500000000E+01    1.9900648482E+27
    7.5500000000E+01    1.9450590860E+27
    7.6500000000E+01    1.8979553222E+27
    7.7500000000E+01    1.8483657198E+27
    7.8500000000E+01    1.7958056085E+27
    7.9500000000E+01    1.7396603011E+27
    8.0500000000E+01    1.6794380008E+27
    8.1500000000E+01    1.6151334546E+27
    8.2500000000E+01    1.5469798063E+27
    8.3500000000E+01    1.4755278584E+27
    8.4500000000E+01    1.4017865375E+27
    8.5500000000E+01    1.3271381830E+27
    8.6500000000E+01    1.2523519273E+27
    8.7500000000E+01    1.1777792373E+27
    8.8500000000E+01    1.1036505133E+27
    8.9500000000E+01    1.0299549650E+27
    9.0500000000E+01    9.5629594072E+26
    9.1500000000E+01    8.8187831061E+26
    9.2500000000E+01    8.0552424667E+26
    9.3500000000E+01    7.2656220513E+26
    9.4500000000E+01    6.4544090145E+26
    9.5500000000E+01    5.6397390654E+26
    9.6500000000E+01    4.8027931084E+26
    9.7500000000E+01    3.9116973438E+26
    9.8500000000E+01    2.9580898127E+26
    9.9500000000E+01    1.9502545555E+26
