 # iter=         62  time[s]=   2.799395E-05  x[nm]  rho[1/m3]
    5.0000000000E-01    3.3698422874E+27
    1.5000000000E+00    3.3500087828E+27
    2.5000000000E+00    3.3302656203E+27
    3.5000000000E+00    3.3106857268E+27
    4.5000000000E+00    3.2913457491E+27
    5.5000000000E+00    3.2723261587E+27
    6.5000000000E+00    3.2537077677E+27
    7.5000000000E+00    3.2355140370E+27
    8.5000000000E+00    3.2177172735E+27
    9.5000000000E+00    3.2002860713E+27
    1.0500000000E+01    3.1831868553E+27
    1.1500000000E+01    3.1663838719E+27
    1.2500000000E+01    3.1498478439E+27
    1.3500000000E+01    3.1335905107E+27
    1.4500000000E+01    3.1176373094E+27
    1.5500000000E+01    3.1020149702E+27
    1.6500000000E+01    3.0867515465E+27
    1.7500000000E+01    3.0718630284E+27
    1.8500000000E+01    3.0573285402E+27
    1.9500000000E+01    3.0431197458E+27
    2.0500000000E+01    3.0292070249E+27
    2.1500000000E+01    3.0155593959E+27
    2.2500000000E+01    3.0021444360E+27
    2.3500000000E+01    2.9889281996E+27
    2.4500000000E+01    2.9758751340E+27
    2.5500000000E+01    2.9629479926E+27
    2.6500000000E+01    2.9501077458E+27
    2.7500000000E+01    2.9373134894E+27
    2.8500000000E+01    2.9245223506E+27
    2.9500000000E+01    2.9116893924E+27
    3.0500000000E+01    2.8987696838E+27
    3.1500000000E+01    2.8857464484E+27
    3.2500000000E+01    2.8726243911E+27
    3.3500000000E+01    2.8594087992E+27
    3.4500000000E+01    2.8461050458E+27
    3.5500000000E+01    2.8327185859E+27
    3.6500000000E+01    2.8192549533E+27
    3.7500000000E+01    2.8057197593E+27
    3.8500000000E+01    2.7921186922E+27
    3.9500000000E+01    2.7784555119E+27
    4.0500000000E+01    2.7647151187E+27
    4.1500000000E+01    2.7508708954E+27
    4.2500000000E+01    2.7368941773E+27
    4.3500000000E+01    2.7227541450E+27
    4.4500000000E+01    2.7084175847E+27
    4.5500000000E+01    2.6938486051E+27
    4.6500000000E+01    2.6790083020E+27
    4.7500000000E+01    2.6638543590E+27
    4.8500000000E+01    2.6483405700E+27
    4.9500000000E+01    2.6324162656E+27
    5.0500000000E+01    2.6160282717E+27
    5.1500000000E+01    2.5991468057E+27
    5.2500000000E+01    2.5817573928E+27
    5.3500000000E+01    2.5638452276E+27
    5.4500000000E+01    2.5453950530E+27
    5.5500000000E+01    2.5263913072E+27
    5.6500000000E+01    2.5068183222E+27
    5.7500000000E+01    2.4866605892E+27
    5.8500000000E+01    2.4659031078E+27
    5.9500000000E+01    2.4445318423E+27
    6.0500000000E+01    2.4225343111E+27
    6.1500000000E+01    2.3999003405E+27
    6.2500000000E+01    2.3766230185E+27
    6.3500000000E+01    2.3526998879E+27
    6.4500000000E+01    2.3281344157E+27
    6.5500000000E+01    2.3029331247E+27
    6.6500000000E+01    2.2769090633E+27
    6.7500000000E+01    2.2495681266E+27
    6.8500000000E+01    2.2203186121E+27
    6.9500000000E+01    2.1884945982E+27
    7.0500000000E+01    2.1537951281E+27
    7.1500000000E+01    2.1164390826E+27
    7.2500000000E+01    2.0767711120E+27
    7.3500000000E+01    2.0352180799E+27
    7.4500000000E+01    1.9920391096E+27
    7.5500000000E+01    1.9470837260E+27
    7.6500000000E+01    1.9000384090E+27
    7.7500000000E+01    1.8505172425E+27
    7.8500000000E+01    1.7980381069E+27
    7.9500000000E+01    1.7419886934E+27
    8.0500000000E+01    1.6818560845E+27
    8.1500000000E+01    1.6176204014E+27
    8.2500000000E+01    1.5495048540E+27
    8.3500000000E+01    1.4780472344E+27
    8.4500000000E+01    1.4042417456E+27
    8.5500000000E+01    1.3294778974E+27
    8.6500000000E+01    1.2545539367E+27
    8.7500000000E+01    1.1798295998E+27
    8.8500000000E+01    1.1055398849E+27
    8.9500000000E+01    1.0316842765E+27
    9.0500000000E+01    9.5787359614E+26
    9.1500000000E+01    8.8331763400E+26
    9.2500000000E+01    8.0683395269E+26
    9.3500000000E+01    7.2772993611E+26
    9.4500000000E+01    6.4643554392E+26
    9.5500000000E+01    5.6477452518E+26
    9.6500000000E+01    4.8091484885E+26
    9.7500000000E+01    3.9162094439E+26
    9.8500000000E+01    2.9604945105E+26
    9.9500000000E+01    1.9502545555E+26
