 # iter=         49  time[s]=   2.149395E-05  x[nm]  rho[1/m3]
    5.0000000000E-01    3.3698422874E+27
    1.5000000000E+00    3.3498209015E+27
    2.5000000000E+00    3.3298924181E+27
    3.5000000000E+00    3.3101320486E+27
    4.5000000000E+00    3.2906188546E+27
    5.5000000000E+00    3.2714358491E+27
    6.5000000000E+00    3.2526653313E+27
    7.5000000000E+00    3.2343270494E+27
    8.5000000000E+00    3.2163919439E+27
    9.5000000000E+00    3.1988276070E+27
    1.0500000000E+01    3.1815993785E+27
    1.1500000000E+01    3.1646703399E+27
    1.2500000000E+01    3.1480134939E+27
    1.3500000000E+01    3.1316443915E+27
    1.4500000000E+01    3.1155893218E+27
    1.5500000000E+01    3.0998758939E+27
    1.6500000000E+01    3.0845328994E+27
    1.7500000000E+01    3.0695712904E+27
    1.8500000000E+01    3.0549667240E+27
    1.9500000000E+01    3.0406898706E+27
    2.0500000000E+01    3.0267100709E+27
    2.1500000000E+01    3.0129952573E+27
    2.2500000000E+01    2.9995118737E+27
    2.3500000000E+01    2.9862247924E+27
    2.4500000000E+01    2.9730972291E+27
    2.5500000000E+01    2.9600906553E+27
    2.6500000000E+01    2.9471647087E+27
    2.7500000000E+01    2.9342771012E+27
    2.8500000000E+01    2.9213835250E+27
    2.9500000000E+01    2.9084375574E+27
    3.0500000000E+01    2.8953967748E+27
    3.1500000000E+01    2.8822535486E+27
    3.2500000000E+01    2.8690132964E+27
    3.3500000000E+01    2.8556815424E+27
    3.4500000000E+01    2.8422638940E+27
    3.5500000000E+01    2.8287660374E+27
    3.6500000000E+01    2.8151937346E+27
    3.7500000000E+01    2.8015528212E+27
    3.8500000000E+01    2.7878492058E+27
    3.9500000000E+01    2.7740829089E+27
    4.0500000000E+01    2.7602325147E+27
    4.1500000000E+01    2.7462703381E+27
    4.2500000000E+01    2.7321666711E+27
    4.3500000000E+01    2.7178895676E+27
    4.4500000000E+01    2.7034045904E+27
    4.5500000000E+01    2.6886745115E+27
    4.6500000000E+01    2.6736589563E+27
    4.7500000000E+01    2.6583139799E+27
    4.8500000000E+01    2.6425915589E+27
    4.9500000000E+01    2.6264389806E+27
    5.0500000000E+01    2.6098078517E+27
    5.1500000000E+01    2.5926782854E+27
    5.2500000000E+01    2.5750362142E+27
    5.3500000000E+01    2.5568670871E+27
    5.4500000000E+01    2.5381559963E+27
    5.5500000000E+01    2.5188878468E+27
    5.6500000000E+01    2.4990475841E+27
    5.7500000000E+01    2.4786204938E+27
    5.8500000000E+01    2.4575925942E+27
    5.9500000000E+01    2.4359511428E+27
    6.0500000000E+01    2.4136852869E+27
    6.1500000000E+01    2.3907868886E+27
    6.2500000000E+01    2.3672515595E+27
    6.3500000000E+01    2.3430799440E+27
    6.4500000000E+01    2.3182792832E+27
    6.5500000000E+01    2.2928267221E+27
    6.6500000000E+01    2.2663888951E+27
    6.7500000000E+01    2.2384291261E+27
    6.8500000000E+01    2.2083284033E+27
    6.9500000000E+01    2.1754764780E+27
    7.0500000000E+01    2.1398433954E+27
    7.1500000000E+01    2.1017108581E+27
    7.2500000000E+01    2.0614668602E+27
    7.3500000000E+01    2.0195149943E+27
    7.4500000000E+01    1.9759693870E+27
    7.5500000000E+01    1.9305925968E+27
    7.6500000000E+01    1.8830585409E+27
    7.7500000000E+01    1.8329652703E+27
    7.8500000000E+01    1.7798092739E+27
    7.9500000000E+01    1.7229726613E+27
    8.0500000000E+01    1.6621301199E+27
    8.1500000000E+01    1.5973618980E+27
    8.2500000000E+01    1.5289741749E+27
    8.3500000000E+01    1.4576113830E+27
    8.4500000000E+01    1.3843845618E+27
    8.5500000000E+01    1.3105756296E+27
    8.6500000000E+01    1.2367754796E+27
    8.7500000000E+01    1.1632829158E+27
    8.8500000000E+01    1.0902932984E+27
    8.9500000000E+01    1.0177238561E+27
    9.0500000000E+01    9.4512827850E+26
    9.1500000000E+01    8.7167826243E+26
    9.2500000000E+01    7.9624101222E+26
    9.3500000000E+01    7.1829115264E+26
    9.4500000000E+01    6.3840874233E+26
    9.5500000000E+01    5.5830776111E+26
    9.6500000000E+01    4.7577837125E+26
    9.7500000000E+01    3.8797529904E+26
    9.8500000000E+01    2.9410744323E+26
    9.9500000000E+01    1.9502545555E+26
