 # iter    flux_conservation    flux_mean[1/s]    flux_std[1/s]    time_step[s]
     10000    5.6366264070E-01    6.6844712022E+07    3.7677866895E+07    1.1000000238E-15
     20000    5.6363356175E-01    6.6844639014E+07    3.7675881971E+07    1.2100000525E-15
     30000    5.6360158663E-01    6.6844558714E+07    3.7673699348E+07    1.3310000865E-15
     40000    5.6356642817E-01    6.6844470392E+07    3.7671299422E+07    1.4641001269E-15
     50000    5.6352777100E-01    6.6844373250E+07    3.7668660661E+07    1.6105101745E-15
     60000    5.6348526882E-01    6.6844266406E+07    3.7665759425E+07    1.7715612304E-15
     70000    5.6343854145E-01    6.6844148894E+07    3.7662569757E+07    1.9487173957E-15
     80000    5.6338717157E-01    6.6844019650E+07    3.7659063167E+07    2.1435891817E-15
     90000    5.6333070124E-01    6.6843877506E+07    3.7655208389E+07    2.3579481510E-15
    100000    5.6326862798E-01    6.6843721175E+07    3.7650971116E+07    2.5937430223E-15
    110000    5.6320040069E-01    6.6843549247E+07    3.7646313719E+07    2.8531173863E-15
    120000    5.6312541499E-01    6.6843360168E+07    3.7641194934E+07    3.1384291930E-15
    130000    5.6304300840E-01    6.6843152232E+07    3.7635569523E+07    3.4522721871E-15
    140000    5.6295245487E-01    6.6842923564E+07    3.7629387911E+07    3.7974994882E-15
    150000    5.6285295909E-01    6.6842672104E+07    3.7622595788E+07    4.1772495275E-15
    160000    5.6274365017E-01    6.6842395590E+07    3.7615133681E+07    4.5949745799E-15
    170000    5.6262357488E-01    6.6842091536E+07    3.7606936492E+07    5.0544721474E-15
    180000    5.6249169041E-01    6.6841757210E+07    3.7597933003E+07    5.5599194826E-15
    190000    5.6234685650E-01    6.6841389615E+07    3.7588045334E+07    6.1159115635E-15
    200000    5.6218782713E-01    6.6840985458E+07    3.7577188378E+07    6.7275028656E-15
    210000    5.6201324152E-01    6.6840541128E+07    3.7565269184E+07    7.4002533126E-15
    220000    5.6182161461E-01    6.6840052657E+07    3.7552186304E+07    8.1402788203E-15
    230000    5.6161132694E-01    6.6839515697E+07    3.7537829102E+07    8.9543068964E-15
    240000    5.6138061395E-01    6.6838925475E+07    3.7522077019E+07    9.8497377995E-15
    250000    5.6112755473E-01    6.6838276758E+07    3.7504798799E+07    1.0834711814E-14
    260000    5.6085006023E-01    6.6837563810E+07    3.7485851688E+07    1.1918183254E-14
    270000    5.6054586095E-01    6.6836780344E+07    3.7465080581E+07    1.3110001864E-14
    280000    5.6021249427E-01    6.6835919477E+07    3.7442317157E+07    1.4421002363E-14
    290000    5.5984729137E-01    6.6834973670E+07    3.7417378978E+07    1.5863102943E-14
    300000    5.5944736400E-01    6.6833934679E+07    3.7390068582E+07    1.7449413615E-14
    310000    5.5900959106E-01    6.6832793486E+07    3.7360172556E+07    1.9194355393E-14
    320000    5.5853060535E-01    6.6831540240E+07    3.7327460627E+07    2.1113791389E-14
    330000    5.5800678049E-01    6.6830164185E+07    3.7291684757E+07    2.3225171032E-14
    340000    5.5743421844E-01    6.6828653589E+07    3.7252578283E+07    2.5547688689E-14
    350000    5.5680873767E-01    6.6826995670E+07    3.7209855101E+07    2.8102458167E-14
    360000    5.5612586251E-01    6.6825176516E+07    3.7163208928E+07    3.0912704653E-14
    370000    5.5538081384E-01    6.6823181010E+07    3.7112312652E+07    3.4003975856E-14
    380000    5.5456850154E-01    6.6820992748E+07    3.7056817819E+07    3.7404374252E-14
    390000    5.5368351917E-01    6.6818593967E+07    3.6996354254E+07    4.1144812569E-14
    400000    5.5272014124E-01    6.6815965469E+07    3.6930529871E+07    4.5259294807E-14
    410000    5.5167232342E-01    6.6813086558E+07    3.6858930696E+07    4.5259294807E-14
    420000    5.5063661380E-01    6.6810220806E+07    3.6788153752E+07    4.5259294807E-14
    430000    5.4961268089E-01    6.6807368394E+07    3.6718176846E+07    4.5259294807E-14
    440000    5.4860019950E-01    6.6804529472E+07    3.6648978196E+07    4.5259294807E-14
    450000    5.4759885931E-01    6.6801704182E+07    3.6580537010E+07    4.5259294807E-14
    460000    5.4660836379E-01    6.6798892663E+07    3.6512833421E+07    4.5259294807E-14
    470000    5.4562842936E-01    6.6796095044E+07    3.6445848426E+07    4.5259294807E-14
    480000    5.4465878448E-01    6.6793311450E+07    3.6379563826E+07    4.9785225367E-14
    490000    5.4360375877E-01    6.6790265863E+07    3.6307439572E+07    4.9785225367E-14
    500000    5.4256052752E-01    6.6787237506E+07    3.6236118813E+07    4.9785225367E-14
    510000    5.4152878323E-01    6.6784226545E+07    3.6165580940E+07    4.9785225367E-14
    520000    5.4050822224E-01    6.6781233106E+07    3.6095805585E+07    4.9785225367E-14
    530000    5.3949855354E-01    6.6778257306E+07    3.6026773225E+07    4.9785225367E-14
    540000    5.3849949798E-01    6.6775299252E+07    3.5958465124E+07    4.9785225367E-14
    550000    5.3751078748E-01    6.6772359041E+07    3.5890863290E+07    4.9785225367E-14
    560000    5.3653216441E-01    6.6769436760E+07    3.5823950421E+07    4.9785225367E-14
    570000    5.3556338099E-01    6.6766532488E+07    3.5757709876E+07    4.9785225367E-14
    580000    5.3460419866E-01    6.6763646293E+07    3.5692125626E+07    4.9785225367E-14
    590000    5.3365438760E-01    6.6760778235E+07    3.5627182225E+07    4.9785225367E-14
    600000    5.3271372628E-01    6.6757928365E+07    3.5562864778E+07    4.9785225367E-14
    610000    5.3178200093E-01    6.6755096725E+07    3.5499158909E+07    4.9785225367E-14
    620000    5.3085900522E-01    6.6752283350E+07    3.5436050735E+07    4.9785225367E-14
    630000    5.2994453981E-01    6.6749488266E+07    3.5373526842E+07    4.9785225367E-14
    640000    5.2903841204E-01    6.6746711491E+07    3.5311574256E+07    4.9785225367E-14
    650000    5.2814043558E-01    6.6743953035E+07    3.5250180428E+07    4.9785225367E-14
    660000    5.2725043013E-01    6.6741212901E+07    3.5189333210E+07    4.9785225367E-14
    670000    5.2636822116E-01    6.6738491087E+07    3.5129020836E+07    4.9785225367E-14
    680000    5.2549363957E-01    6.6735787581E+07    3.5069231906E+07    4.9785225367E-14
    690000    5.2462652155E-01    6.6733102367E+07    3.5009955367E+07    4.9785225367E-14
    700000    5.2376670824E-01    6.6730435420E+07    3.4951180499E+07    4.9785225367E-14
    710000    5.2291404559E-01    6.6727786712E+07    3.4892896903E+07    4.9785225367E-14
    720000    5.2206838412E-01    6.6725156206E+07    3.4835094481E+07    4.9785225367E-14
    730000    5.2122957874E-01    6.6722543862E+07    3.4777763430E+07    4.9785225367E-14
    740000    5.2039748856E-01    6.6719949633E+07    3.4720894226E+07    4.9785225367E-14
    750000    5.1957197673E-01    6.6717373467E+07    3.4664477614E+07    4.9785225367E-14
    760000    5.1875291026E-01    6.6714815306E+07    3.4608504598E+07    4.9785225367E-14
    770000    5.1794015991E-01    6.6712275089E+07    3.4552966427E+07    4.9785225367E-14
    780000    5.1713359999E-01    6.6709752748E+07    3.4497854593E+07    4.9785225367E-14
    790000    5.1633310827E-01    6.6707248214E+07    3.4443160814E+07    4.9785225367E-14
    800000    5.1553856584E-01    6.6704761408E+07    3.4388877031E+07    4.9785225367E-14
    810000    5.1474985698E-01    6.6702292253E+07    3.4334995398E+07    4.9785225367E-14
    820000    5.1396686905E-01    6.6699840662E+07    3.4281508271E+07    5.4763749090E-14
    830000    5.1311206689E-01    6.6697164119E+07    3.4223119737E+07    5.4763749090E-14
    840000    5.1226390464E-01    6.6694508575E+07    3.4165189381E+07    5.4763749090E-14
    850000    5.1142225216E-01    6.6691873926E+07    3.4107708364E+07    5.4763749090E-14
    860000    5.1058697539E-01    6.6689260039E+07    3.4050667574E+07    5.4763749090E-14
    870000    5.0975794402E-01    6.6686666774E+07    3.3994058148E+07    5.4763749090E-14
    880000    5.0893503135E-01    6.6684093987E+07    3.3937871464E+07    5.4763749090E-14
    890000    5.0811811415E-01    6.6681541530E+07    3.3882099131E+07    5.4763749090E-14
    900000    5.0730707253E-01    6.6679009247E+07    3.3826732981E+07    5.4763749090E-14
    910000    5.0650178986E-01    6.6676496982E+07    3.3771765063E+07    5.4763749090E-14
    920000    5.0570215261E-01    6.6674004570E+07    3.3717187634E+07    5.4763749090E-14
    930000    5.0490805028E-01    6.6671531844E+07    3.3662993153E+07    5.4763749090E-14
    940000    5.0411937528E-01    6.6669078634E+07    3.3609174271E+07    5.4763749090E-14
    950000    5.0333602284E-01    6.6666644762E+07    3.3555723831E+07    5.4763749090E-14
    960000    5.0255789091E-01    6.6664230049E+07    3.3502634853E+07    5.4763749090E-14
    970000    5.0178488008E-01    6.6661834310E+07    3.3449900536E+07    5.4763749090E-14
    980000    5.0101689349E-01    6.6659457359E+07    3.3397514247E+07    5.4763749090E-14
    990000    5.0025383673E-01    6.6657099001E+07    3.3345469521E+07    5.4763749090E-14
   1000000    4.9949561781E-01    6.6654759043E+07    3.3293760048E+07    5.4763749090E-14
   1010000    4.9874214702E-01    6.6652437284E+07    3.3242379676E+07    5.4763749090E-14
   1020000    4.9799333693E-01    6.6650133522E+07    3.3191322399E+07    5.4763749090E-14
   1030000    4.9724910225E-01    6.6647847549E+07    3.3140582360E+07    5.4763749090E-14
   1040000    4.9650935981E-01    6.6645579154E+07    3.3090153840E+07    5.4763749090E-14
   1050000    4.9577402848E-01    6.6643328125E+07    3.3040031256E+07    5.4763749090E-14
   1060000    4.9504302912E-01    6.6641094244E+07    3.2990209159E+07    5.4763749090E-14
   1070000    4.9431628450E-01    6.6638877289E+07    3.2940682225E+07    5.4763749090E-14
   1080000    4.9359371925E-01    6.6636677037E+07    3.2891445258E+07    5.4763749090E-14
   1090000    4.9287525983E-01    6.6634493261E+07    3.2842493179E+07    5.4763749090E-14
   1100000    4.9216083443E-01    6.6632325729E+07    3.2793821031E+07    5.4763749090E-14
   1110000    4.9145037296E-01    6.6630174208E+07    3.2745423965E+07    5.4763749090E-14
   1120000    4.9074380699E-01    6.6628038460E+07    3.2697297246E+07    5.4763749090E-14
   1130000    4.9004106968E-01    6.6625918246E+07    3.2649436245E+07    5.4763749090E-14
   1140000    4.8934209578E-01    6.6623813321E+07    3.2601836439E+07    6.0240125305E-14
   1150000    4.8857750207E-01    6.6621515291E+07    3.2549773525E+07    6.0240125305E-14
   1160000    4.8781729522E-01    6.6619235111E+07    3.2498015082E+07    6.0240125305E-14
   1170000    4.8706140150E-01    6.6616972466E+07    3.2446555973E+07    6.0240125305E-14
   1180000    4.8630974224E-01    6.6614727015E+07    3.2395390724E+07    6.0240125305E-14
   1190000    4.8556224075E-01    6.6612498413E+07    3.2344513991E+07    6.0240125305E-14
   1200000    4.8481882222E-01    6.6610286311E+07    3.2293920557E+07    6.0240125305E-14
   1210000    4.8407941372E-01    6.6608090358E+07    3.2243605330E+07    6.0240125305E-14
   1220000    4.8334394410E-01    6.6605910196E+07    3.2193563335E+07    6.0240125305E-14
   1230000    4.8261234396E-01    6.6603745465E+07    3.2143789716E+07    6.0240125305E-14
   1240000    4.8188454558E-01    6.6601595801E+07    3.2094279727E+07    6.0240125305E-14
   1250000    4.8116048288E-01    6.6599460835E+07    3.2045028735E+07    6.0240125305E-14
   1260000    4.8044009138E-01    6.6597340197E+07    3.1996032209E+07    6.0240125305E-14
   1270000    4.7972330812E-01    6.6595233511E+07    3.1947285725E+07    6.0240125305E-14
   1280000    4.7901007168E-01    6.6593140398E+07    3.1898784956E+07    6.0240125305E-14
   1290000    4.7830032207E-01    6.6591060477E+07    3.1850525673E+07    6.0240125305E-14
   1300000    4.7759400070E-01    6.6588993363E+07    3.1802503743E+07    6.0240125305E-14
   1310000    4.7689105039E-01    6.6586938668E+07    3.1754715123E+07    6.0240125305E-14
   1320000    4.7619141525E-01    6.6584896000E+07    3.1707155860E+07    6.0240125305E-14
   1330000    4.7549504073E-01    6.6582864964E+07    3.1659822088E+07    6.0240125305E-14
   1340000    4.7480187349E-01    6.6580845163E+07    3.1612710022E+07    6.0240125305E-14
   1350000    4.7411186138E-01    6.6578836197E+07    3.1565815958E+07    6.0240125305E-14
   1360000    4.7342495306E-01    6.6576837660E+07    3.1519136244E+07    6.0240125305E-14
   1370000    4.7274109828E-01    6.6574849143E+07    3.1472667301E+07    6.0240125305E-14
   1380000    4.7206024793E-01    6.6572870235E+07    3.1426405629E+07    6.0240125305E-14
   1390000    4.7138235406E-01    6.6570900522E+07    3.1380347800E+07    6.0240125305E-14
   1400000    4.7070736979E-01    6.6568939590E+07    3.1334490464E+07    6.0240125305E-14
   1410000    4.7003524929E-01    6.6566987020E+07    3.1288830339E+07    6.0240125305E-14
   1420000    4.6936594778E-01    6.6565042394E+07    3.1243364213E+07    6.0240125305E-14
   1430000    4.6869942148E-01    6.6563105289E+07    3.1198088941E+07    6.0240125305E-14
   1440000    4.6803562756E-01    6.6561175282E+07    3.1153001445E+07    6.0240125305E-14
   1450000    4.6737452416E-01    6.6559251949E+07    3.1108098708E+07    6.0240125305E-14
   1460000    4.6671607030E-01    6.6557334862E+07    3.1063377776E+07    6.0240125305E-14
   1470000    4.6606022593E-01    6.6555423593E+07    3.1018835756E+07    6.6264139272E-14
   1480000    4.6534177080E-01    6.6553327421E+07    3.0970043235E+07    6.6264139272E-14
   1490000    4.6462636817E-01    6.6551237176E+07    3.0921459626E+07    6.6264139272E-14
   1500000    4.6391397477E-01    6.6549152298E+07    3.0873081760E+07    6.6264139272E-14
   1510000    4.6320454194E-01    6.6547072209E+07    3.0824906100E+07    6.6264139272E-14
   1520000    4.6249802214E-01    6.6544996329E+07    3.0776929185E+07    6.6264139272E-14
   1530000    4.6179436890E-01    6.6542924076E+07    3.0729147628E+07    6.6264139272E-14
   1540000    4.6109353681E-01    6.6540854866E+07    3.0681558113E+07    6.6264139272E-14
   1550000    4.6039548150E-01    6.6538788114E+07    3.0634157392E+07    6.6264139272E-14
   1560000    4.5970015957E-01    6.6536723233E+07    3.0586942287E+07    6.6264139272E-14
   1570000    4.5900752856E-01    6.6534659636E+07    3.0539909683E+07    6.6264139272E-14
   1580000    4.5831754698E-01    6.6532596733E+07    3.0493056529E+07    6.6264139272E-14
   1590000    4.5763017479E-01    6.6530533960E+07    3.0446379885E+07    6.6264139272E-14
   1600000    4.5694537788E-01    6.6528470961E+07    3.0399877303E+07    6.6264139272E-14
   1610000    4.5626312555E-01    6.6526407483E+07    3.0353546610E+07    6.6264139272E-14
   1620000    4.5558338798E-01    6.6524343268E+07    3.0307385689E+07    6.6264139272E-14
   1630000    4.5490613616E-01    6.6522278056E+07    3.0261392479E+07    6.6264139272E-14
   1640000    4.5423134189E-01    6.6520211583E+07    3.0215564970E+07    6.6264139272E-14
   1650000    4.5355897770E-01    6.6518143580E+07    3.0169901200E+07    6.6264139272E-14
   1660000    4.5288901683E-01    6.6516073774E+07    3.0124399255E+07    6.6264139272E-14
   1670000    4.5222143322E-01    6.6514001889E+07    3.0079057264E+07    6.6264139272E-14
   1680000    4.5155620147E-01    6.6511927647E+07    3.0033873401E+07    6.6264139272E-14
   1690000    4.5089329678E-01    6.6509850764E+07    2.9988845879E+07    6.6264139272E-14
   1700000    4.5023269496E-01    6.6507770953E+07    2.9943972952E+07    6.6264139272E-14
   1710000    4.4957437240E-01    6.6505687926E+07    2.9899252910E+07    6.6264139272E-14
   1720000    4.4891830601E-01    6.6503601390E+07    2.9854684080E+07    6.6264139272E-14
   1730000    4.4826447324E-01    6.6501511048E+07    2.9810264820E+07    6.6264139272E-14
   1740000    4.4761285204E-01    6.6499416604E+07    2.9765993525E+07    6.6264139272E-14
   1750000    4.4696342079E-01    6.6497317755E+07    2.9721868617E+07    6.6264139272E-14
   1760000    4.4631615838E-01    6.6495214199E+07    2.9677888552E+07    6.6264139272E-14
   1770000    4.4567104410E-01    6.6493105628E+07    2.9634051810E+07    6.6264139272E-14
   1780000    4.4502805764E-01    6.6490991735E+07    2.9590356902E+07    6.6264139272E-14
   1790000    4.4438717912E-01    6.6488872208E+07    2.9546802363E+07    6.6264139272E-14
   1800000    4.4374838900E-01    6.6486746736E+07    2.9503386754E+07    7.2890554779E-14
   1810000    4.4304811544E-01    6.6484401494E+07    2.9455788788E+07    7.2890554779E-14
   1820000    4.4235031425E-01    6.6482048234E+07    2.9408354928E+07    7.2890554779E-14
   1830000    4.4165496725E-01    6.6479686552E+07    2.9361083787E+07    7.2890554779E-14
   1840000    4.4096205034E-01    6.6477316023E+07    2.9313973575E+07    7.2890554779E-14
   1850000    4.4027153985E-01    6.6474936217E+07    2.9267022530E+07    7.2890554779E-14
   1860000    4.3958341253E-01    6.6472546706E+07    2.9220228920E+07    7.2890554779E-14
   1870000    4.3889764549E-01    6.6470147055E+07    2.9173591038E+07    7.2890554779E-14
   1880000    4.3821421625E-01    6.6467736833E+07    2.9127107202E+07    7.2890554779E-14
   1890000    4.3753310266E-01    6.6465315603E+07    2.9080775755E+07    7.2890554779E-14
   1900000    4.3685428294E-01    6.6462882930E+07    2.9034595065E+07    7.2890554779E-14
   1910000    4.3617773561E-01    6.6460438377E+07    2.8988563519E+07    7.2890554779E-14
   1920000    4.3550343951E-01    6.6457981505E+07    2.8942679528E+07    7.2890554779E-14
   1930000    4.3483137377E-01    6.6455511877E+07    2.8896941524E+07    7.2890554779E-14
   1940000    4.3416151781E-01    6.6453029054E+07    2.8851347958E+07    7.2890554779E-14
   1950000    4.3349385133E-01    6.6450532597E+07    2.8805897299E+07    7.2890554779E-14
   1960000    4.3282835429E-01    6.6448022067E+07    2.8760588037E+07    7.2890554779E-14
   1970000    4.3216500688E-01    6.6445497025E+07    2.8715418679E+07    7.2890554779E-14
   1980000    4.3150378951E-01    6.6442957042E+07    2.8670387750E+07    7.2890554779E-14
   1990000    4.3084468195E-01    6.6440401838E+07    2.8625493799E+07    7.2890554779E-14
   2000000    4.3018766350E-01    6.6437831269E+07    2.8580735402E+07    7.2890554779E-14
   2010000    4.2953271367E-01    6.6435245200E+07    2.8536111154E+07    7.2890554779E-14
   2020000    4.2887981225E-01    6.6432643502E+07    2.8491619673E+07    7.2890554779E-14
   2030000    4.2822893927E-01    6.6430026054E+07    2.8447259593E+07    7.2890554779E-14
   2040000    4.2758007499E-01    6.6427392740E+07    2.8403029569E+07    7.2890554779E-14
   2050000    4.2693319993E-01    6.6424743452E+07    2.8358928277E+07    7.2890554779E-14
   2060000    4.2628829480E-01    6.6422078090E+07    2.8314954406E+07    7.2890554779E-14
   2070000    4.2564534058E-01    6.6419396558E+07    2.8271106669E+07    7.2890554779E-14
   2080000    4.2500431843E-01    6.6416698768E+07    2.8227383792E+07    7.2890554779E-14
   2090000    4.2436520976E-01    6.6413984639E+07    2.8183784523E+07    7.2890554779E-14
   2100000    4.2372799618E-01    6.6411254097E+07    2.8140307622E+07    7.2890554779E-14
   2110000    4.2309265948E-01    6.6408507075E+07    2.8096951871E+07    7.2890554779E-14
   2120000    4.2245918171E-01    6.6405743512E+07    2.8053716065E+07    7.2890554779E-14
   2130000    4.2182754507E-01    6.6402963355E+07    2.8010599017E+07    7.2890554779E-14
   2140000    4.2119773199E-01    6.6400166555E+07    2.7967599557E+07    7.2890554779E-14
   2150000    4.2056972509E-01    6.6397353074E+07    2.7924716529E+07    7.2890554779E-14
   2160000    4.1994350725E-01    6.6394522874E+07    2.7881948798E+07    8.0179611995E-14
   2170000    4.1925672064E-01    6.6391390307E+07    2.7835036578E+07    8.0179611995E-14
   2180000    4.1857205138E-01    6.6388237341E+07    2.7788260692E+07    8.0179611995E-14
   2190000    4.1788948474E-01    6.6385063938E+07    2.7741620164E+07    8.0179611995E-14
   2200000    4.1720899999E-01    6.6381870040E+07    2.7695113617E+07    8.0179611995E-14
   2210000    4.1653057669E-01    6.6378655597E+07    2.7648739696E+07    8.0179611995E-14
   2220000    4.1585419469E-01    6.6375420568E+07    2.7602497068E+07    8.0179611995E-14
   2230000    4.1517983412E-01    6.6372164920E+07    2.7556384422E+07    8.0179611995E-14
   2240000    4.1450747536E-01    6.6368888629E+07    2.7510400468E+07    8.0179611995E-14
   2250000    4.1383709910E-01    6.6365591678E+07    2.7464543940E+07    8.0179611995E-14
   2260000    4.1316868628E-01    6.6362274058E+07    2.7418813591E+07    8.0179611995E-14
   2270000    4.1250221810E-01    6.6358935770E+07    2.7373208196E+07    8.0179611995E-14
   2280000    4.1183767604E-01    6.6355576820E+07    2.7327726550E+07    8.0179611995E-14
   2290000    4.1117504183E-01    6.6352197223E+07    2.7282367469E+07    8.0179611995E-14
   2300000    4.1051429746E-01    6.6348797003E+07    2.7237129789E+07    8.0179611995E-14
   2310000    4.0985542520E-01    6.6345376189E+07    2.7192012368E+07    8.0179611995E-14
   2320000    4.0919840755E-01    6.6341934820E+07    2.7147014082E+07    8.0179611995E-14
   2330000    4.0854322726E-01    6.6338472938E+07    2.7102133826E+07    8.0179611995E-14
   2340000    4.0788986736E-01    6.6334990597E+07    2.7057370516E+07    8.0179611995E-14
   2350000    4.0723831110E-01    6.6331487856E+07    2.7012723088E+07    8.0179611995E-14
   2360000    4.0658854200E-01    6.6327964779E+07    2.6968190493E+07    8.0179611995E-14
   2370000    4.0594054380E-01    6.6324421440E+07    2.6923771707E+07    8.0179611995E-14
   2380000    4.0529430050E-01    6.6320857917E+07    2.6879465718E+07    8.0179611995E-14
   2390000    4.0464979633E-01    6.6317274295E+07    2.6835271537E+07    8.0179611995E-14
   2400000    4.0400701578E-01    6.6313670666E+07    2.6791188191E+07    8.0179611995E-14
   2410000    4.0336594354E-01    6.6310047128E+07    2.6747214726E+07    8.0179611995E-14
   2420000    4.0272656457E-01    6.6306403785E+07    2.6703350205E+07    8.0179611995E-14
   2430000    4.0208886404E-01    6.6302740745E+07    2.6659593709E+07    8.0179611995E-14
   2440000    4.0145282736E-01    6.6299058124E+07    2.6615944335E+07    8.0179611995E-14
   2450000    4.0081844016E-01    6.6295356043E+07    2.6572401199E+07    8.0179611995E-14
   2460000    4.0018568831E-01    6.6291634628E+07    2.6528963433E+07    8.0179611995E-14
   2470000    3.9955455789E-01    6.6287894010E+07    2.6485630185E+07    8.0179611995E-14
   2480000    3.9892503521E-01    6.6284134326E+07    2.6442400620E+07    8.0179611995E-14
   2490000    3.9829710679E-01    6.6280355717E+07    2.6399273919E+07    8.0179611995E-14
   2500000    3.9767075939E-01    6.6276558330E+07    2.6356249280E+07    8.0179611995E-14
   2510000    3.9704597995E-01    6.6272742314E+07    2.6313325916E+07    8.0179611995E-14
   2520000    3.9642275567E-01    6.6268907826E+07    2.6270503055E+07    8.0179611995E-14
   2530000    3.9580107391E-01    6.6265055025E+07    2.6227779942E+07    8.0179611995E-14
   2540000    3.9518092229E-01    6.6261184074E+07    2.6185155834E+07    8.0179611995E-14
   2550000    3.9456228859E-01    6.6257295143E+07    2.6142630007E+07    8.0179611995E-14
   2560000    3.9394516083E-01    6.6253388402E+07    2.6100201750E+07    8.0179611995E-14
   2570000    3.9332952723E-01    6.6249464027E+07    2.6057870365E+07    8.0179611995E-14
   2580000    3.9271537618E-01    6.6245522197E+07    2.6015635170E+07    8.0179611995E-14
   2590000    3.9210269631E-01    6.6241563095E+07    2.5973495497E+07    8.0179611995E-14
   2600000    3.9149147641E-01    6.6237586907E+07    2.5931450692E+07    8.0179611995E-14
   2610000    3.9088170427E-01    6.6233593800E+07    2.5889500024E+07    8.0179611995E-14
   2620000    3.9027336532E-01    6.6229583902E+07    2.5847642593E+07    8.0179611995E-14
   2630000    3.8966644501E-01    6.6225557337E+07    2.5805877496E+07    8.0179611995E-14
   2640000    3.8906092906E-01    6.6221514235E+07    2.5764203852E+07    8.0179611995E-14
   2650000    3.8845680352E-01    6.6217454729E+07    2.5722620801E+07    8.0179611995E-14
   2660000    3.8785405470E-01    6.6213378957E+07    2.5681127504E+07    8.0179611995E-14
   2670000    3.8725266924E-01    6.6209287058E+07    2.5639723142E+07    8.0179611995E-14
   2680000    3.8665263403E-01    6.6205179177E+07    2.5598406915E+07    8.0179611995E-14
   2690000    3.8605393624E-01    6.6201055461E+07    2.5557178044E+07    8.0179611995E-14
   2700000    3.8545656333E-01    6.6196916060E+07    2.5516035768E+07    8.0179611995E-14
   2710000    3.8486050302E-01    6.6192761125E+07    2.5474979343E+07    8.0179611995E-14
   2720000    3.8426574329E-01    6.6188590813E+07    2.5434008046E+07    8.0179611995E-14
   2730000    3.8367227238E-01    6.6184405281E+07    2.5393121171E+07    8.0179611995E-14
   2740000    3.8308007879E-01    6.6180204689E+07    2.5352318027E+07    8.0179611995E-14
   2750000    3.8248915125E-01    6.6175989199E+07    2.5311597942E+07    8.0179611995E-14
   2760000    3.8189947876E-01    6.6171758975E+07    2.5270960261E+07    8.0179611995E-14
   2770000    3.8131105055E-01    6.6167514184E+07    2.5230404345E+07    8.0179611995E-14
   2780000    3.8072385609E-01    6.6163254991E+07    2.5189929572E+07    8.0179611995E-14
   2790000    3.8013788605E-01    6.6158981537E+07    2.5149535385E+07    8.0179611995E-14
   2800000    3.7955313279E-01    6.6154693931E+07    2.5109221330E+07    8.0179611995E-14
   2810000    3.7896958923E-01    6.6150392298E+07    2.5068986997E+07    8.0179611995E-14
   2820000    3.7838724849E-01    6.6146076771E+07    2.5028831988E+07    8.0179611995E-14
   2830000    3.7780610388E-01    6.6141747479E+07    2.4988755919E+07    8.0179611995E-14
   2840000    3.7722614886E-01    6.6137404556E+07    2.4948758416E+07    8.0179611995E-14
   2850000    3.7664737710E-01    6.6133048133E+07    2.4908839119E+07    8.0179611995E-14
   2860000    3.7606978241E-01    6.6128678346E+07    2.4868997677E+07    8.0179611995E-14
   2870000    3.7549335880E-01    6.6124295329E+07    2.4829233751E+07    8.0179611995E-14
   2880000    3.7491810042E-01    6.6119899216E+07    2.4789547014E+07    8.0179611995E-14
   2890000    3.7434400161E-01    6.6115490144E+07    2.4749937149E+07    8.0179611995E-14
   2900000    3.7377105685E-01    6.6111068247E+07    2.4710403848E+07    8.0179611995E-14
   2910000    3.7319926079E-01    6.6106633663E+07    2.4670946816E+07    8.0179611995E-14
   2920000    3.7262860823E-01    6.6102186526E+07    2.4631565766E+07    8.0179611995E-14
   2930000    3.7205909416E-01    6.6097726974E+07    2.4592260424E+07    8.0179611995E-14
   2940000    3.7149071367E-01    6.6093255143E+07    2.4553030522E+07    8.0179611995E-14
   2950000    3.7092346205E-01    6.6088771169E+07    2.4513875805E+07    8.0179611995E-14
   2960000    3.7035733434E-01    6.6084275200E+07    2.4474796005E+07    8.0179611995E-14
   2970000    3.6979232382E-01    6.6079767444E+07    2.4435790760E+07    8.0179611995E-14
   2980000    3.6922842336E-01    6.6075248126E+07    2.4396859689E+07    8.0179611995E-14
   2990000    3.6866562597E-01    6.6070717473E+07    2.4358002415E+07    8.0179611995E-14
   3000000    3.6810392484E-01    6.6066175707E+07    2.4319218577E+07    8.0179611995E-14
   3010000    3.6754331332E-01    6.6061623052E+07    2.4280507820E+07    8.0179611995E-14
   3020000    3.6698378490E-01    6.6057059728E+07    2.4241869799E+07    8.0179611995E-14
   3030000    3.6642533324E-01    6.6052485956E+07    2.4203304178E+07    8.0179611995E-14
   3040000    3.6586795215E-01    6.6047901955E+07    2.4164810632E+07    8.0179611995E-14
   3050000    3.6531163558E-01    6.6043307941E+07    2.4126388843E+07    8.0179611995E-14
   3060000    3.6475637764E-01    6.6038704132E+07    2.4088038503E+07    8.0179611995E-14
   3070000    3.6420217257E-01    6.6034090740E+07    2.4049759311E+07    8.0179611995E-14
   3080000    3.6364901477E-01    6.6029467981E+07    2.4011550977E+07    8.0179611995E-14
   3090000    3.6309689875E-01    6.6024836064E+07    2.3973413216E+07    8.0179611995E-14
   3100000    3.6254581920E-01    6.6020195201E+07    2.3935345753E+07    8.0179611995E-14
   3110000    3.6199577091E-01    6.6015545599E+07    2.3897348321E+07    8.0179611995E-14
   3120000    3.6144674880E-01    6.6010887466E+07    2.3859420660E+07    8.0179611995E-14
   3130000    3.6089874796E-01    6.6006221008E+07    2.3821562519E+07    8.0179611995E-14
   3140000    3.6035176356E-01    6.6001546427E+07    2.3783773653E+07    8.0179611995E-14
   3150000    3.5980579075E-01    6.5996863934E+07    2.3746053815E+07    8.0179611995E-14
   3160000    3.5926082332E-01    6.5992173790E+07    2.3708402688E+07    8.0179611995E-14
   3170000    3.5871685445E-01    6.5987476287E+07    2.3670819926E+07    8.0179611995E-14
   3180000    3.5817387740E-01    6.5982771712E+07    2.3633305186E+07    8.0179611995E-14
   3190000    3.5763188557E-01    6.5978060355E+07    2.3595858131E+07    8.0179611995E-14
   3200000    3.5709087240E-01    6.5973342502E+07    2.3558478429E+07    8.0179611995E-14
   3210000    3.5655083149E-01    6.5968618440E+07    2.3521165757E+07    8.0179611995E-14
   3220000    3.5601175648E-01    6.5963888453E+07    2.3483919793E+07    8.0179611995E-14
   3230000    3.5547364114E-01    6.5959152826E+07    2.3446740222E+07    8.0179611995E-14
   3240000    3.5493647932E-01    6.5954411842E+07    2.3409626735E+07    8.0179611995E-14
   3250000    3.5440026495E-01    6.5949665784E+07    2.3372579027E+07    8.0179611995E-14
   3260000    3.5386499207E-01    6.5944914931E+07    2.3335596799E+07    8.0179611995E-14
   3270000    3.5333065478E-01    6.5940159564E+07    2.3298679755E+07    8.0179611995E-14
   3280000    3.5279724728E-01    6.5935399961E+07    2.3261827605E+07    8.0179611995E-14
   3290000    3.5226476387E-01    6.5930636400E+07    2.3225040063E+07    8.0179611995E-14
   3300000    3.5173319889E-01    6.5925869158E+07    2.3188316848E+07    8.0179611995E-14
   3310000    3.5120254679E-01    6.5921098510E+07    2.3151657684E+07    8.0179611995E-14
   3320000    3.5067280211E-01    6.5916324728E+07    2.3115062297E+07    8.0179611995E-14
   3330000    3.5014395943E-01    6.5911548088E+07    2.3078530419E+07    8.0179611995E-14
   3340000    3.4961601343E-01    6.5906768859E+07    2.3042061787E+07    8.0179611995E-14
   3350000    3.4908895887E-01    6.5901987312E+07    2.3005656138E+07    8.0179611995E-14
   3360000    3.4856279057E-01    6.5897203717E+07    2.2969313218E+07    8.0179611995E-14
   3370000    3.4803750341E-01    6.5892418341E+07    2.2933032773E+07    8.0179611995E-14
   3380000    3.4751309238E-01    6.5887631450E+07    2.2896814555E+07    8.0179611995E-14
   3390000    3.4698955250E-01    6.5882843310E+07    2.2860658317E+07    8.0179611995E-14
   3400000    3.4646687887E-01    6.5878054185E+07    2.2824563819E+07    8.0179611995E-14
   3410000    3.4594506667E-01    6.5873264337E+07    2.2788530822E+07    8.0179611995E-14
   3420000    3.4542411112E-01    6.5868474027E+07    2.2752559092E+07    8.0179611995E-14
   3430000    3.4490400753E-01    6.5863683516E+07    2.2716648395E+07    8.0179611995E-14
   3440000    3.4438475125E-01    6.5858893062E+07    2.2680798505E+07    8.0179611995E-14
   3450000    3.4386633771E-01    6.5854102923E+07    2.2645009195E+07    8.0179611995E-14
   3460000    3.4334876239E-01    6.5849313353E+07    2.2609280244E+07    8.0179611995E-14
   3470000    3.4283202083E-01    6.5844524609E+07    2.2573611432E+07    8.0179611995E-14
   3480000    3.4231610863E-01    6.5839736941E+07    2.2538002543E+07    8.0179611995E-14
   3490000    3.4180102144E-01    6.5834950604E+07    2.2502453363E+07    8.0179611995E-14
   3500000    3.4128675499E-01    6.5830165845E+07    2.2466963682E+07    8.0179611995E-14
   3510000    3.4077330567E-01    6.5825382866E+07    2.2431533316E+07    8.0179611995E-14
   3520000    3.4026067151E-01    6.5820601737E+07    2.2396162146E+07    8.0179611995E-14
   3530000    3.3974885079E-01    6.5815822513E+07    2.2360850063E+07    8.0179611995E-14
   3540000    3.3923784182E-01    6.5811045245E+07    2.2325596957E+07    8.0179611995E-14
   3550000    3.3872764296E-01    6.5806269981E+07    2.2290402722E+07    8.0179611995E-14
   3560000    3.3821825255E-01    6.5801496769E+07    2.2255267252E+07    8.0179611995E-14
   3570000    3.3770966899E-01    6.5796725656E+07    2.2220190442E+07    8.0179611995E-14
   3580000    3.3720189069E-01    6.5791956687E+07    2.2185172187E+07    8.0179611995E-14
   3590000    3.3669491609E-01    6.5787189905E+07    2.2150212385E+07    8.0179611995E-14
   3600000    3.3618874363E-01    6.5782425351E+07    2.2115310932E+07    8.0179611995E-14
   3610000    3.3568337179E-01    6.5777663065E+07    2.2080467726E+07    8.0179611995E-14
   3620000    3.3517879907E-01    6.5772903086E+07    2.2045682667E+07    8.0179611995E-14
   3630000    3.3467502397E-01    6.5768145450E+07    2.2010955655E+07    8.0179611995E-14
   3640000    3.3417204504E-01    6.5763390194E+07    2.1976286590E+07    8.0179611995E-14
   3650000    3.3366986081E-01    6.5758637351E+07    2.1941675372E+07    8.0179611995E-14
   3660000    3.3316846986E-01    6.5753886954E+07    2.1907121903E+07    8.0179611995E-14
   3670000    3.3266787076E-01    6.5749139033E+07    2.1872626087E+07    8.0179611995E-14
   3680000    3.3216806213E-01    6.5744393618E+07    2.1838187824E+07    8.0179611995E-14
   3690000    3.3166904256E-01    6.5739650737E+07    2.1803807018E+07    8.0179611995E-14
   3700000    3.3117081070E-01    6.5734910418E+07    2.1769483574E+07    8.0179611995E-14
   3710000    3.3067336517E-01    6.5730172684E+07    2.1735217395E+07    8.0179611995E-14
   3720000    3.3017670464E-01    6.5725437560E+07    2.1701008384E+07    8.0179611995E-14
   3730000    3.2968082777E-01    6.5720705068E+07    2.1666856449E+07    8.0179611995E-14
   3740000    3.2918573325E-01    6.5715975229E+07    2.1632761492E+07    8.0179611995E-14
   3750000    3.2869141976E-01    6.5711248064E+07    2.1598723420E+07    8.0179611995E-14
   3760000    3.2819788601E-01    6.5706523589E+07    2.1564742139E+07    8.0179611995E-14
   3770000    3.2770513071E-01    6.5701801822E+07    2.1530817554E+07    8.0179611995E-14
   3780000    3.2721315257E-01    6.5697082779E+07    2.1496949571E+07    8.0179611995E-14
   3790000    3.2672195033E-01    6.5692366473E+07    2.1463138096E+07    8.0179611995E-14
   3800000    3.2623152272E-01    6.5687652918E+07    2.1429383036E+07    8.0179611995E-14
   3810000    3.2574186850E-01    6.5682942125E+07    2.1395684296E+07    8.0179611995E-14
   3820000    3.2525298641E-01    6.5678234105E+07    2.1362041785E+07    8.0179611995E-14
   3830000    3.2476487521E-01    6.5673528867E+07    2.1328455407E+07    8.0179611995E-14
   3840000    3.2427753368E-01    6.5668826419E+07    2.1294925071E+07    8.0179611995E-14
   3850000    3.2379096059E-01    6.5664126767E+07    2.1261450682E+07    8.0179611995E-14
   3860000    3.2330515472E-01    6.5659429917E+07    2.1228032148E+07    8.0179611995E-14
   3870000    3.2282011486E-01    6.5654735873E+07    2.1194669376E+07    8.0179611995E-14
   3880000    3.2233583980E-01    6.5650044639E+07    2.1161362272E+07    8.0179611995E-14
   3890000    3.2185232833E-01    6.5645356217E+07    2.1128110743E+07    8.0179611995E-14
   3900000    3.2136957927E-01    6.5640670606E+07    2.1094914695E+07    8.0179611995E-14
   3910000    3.2088759140E-01    6.5635987809E+07    2.1061774037E+07    8.0179611995E-14
   3920000    3.2040636267E-01    6.5631307923E+07    2.1028688649E+07    8.0179611995E-14
   3930000    3.1992588754E-01    6.5626631453E+07    2.0995658314E+07    8.0179611995E-14
   3940000    3.1944615968E-01    6.5621958998E+07    2.0962682793E+07    8.0179611995E-14
   3950000    3.1896717292E-01    6.5617291145E+07    2.0929761851E+07    8.0179611995E-14
   3960000    3.1848892117E-01    6.5612628477E+07    2.0896895259E+07    8.0179611995E-14
   3970000    3.1801139848E-01    6.5607971564E+07    2.0864082789E+07    8.0179611995E-14
   3980000    3.1753459900E-01    6.5603320971E+07    2.0831324218E+07    8.0179611995E-14
   3990000    3.1705851700E-01    6.5598677254E+07    2.0798619327E+07    8.0179611995E-14
   4000000    3.1658314685E-01    6.5594040959E+07    2.0765967901E+07    8.0179611995E-14
   4010000    3.1610848302E-01    6.5589412626E+07    2.0733369727E+07    8.0179611995E-14
   4020000    3.1563452010E-01    6.5584792787E+07    2.0700824597E+07    8.0179611995E-14
   4030000    3.1516125276E-01    6.5580181965E+07    2.0668332304E+07    8.0179611995E-14
   4040000    3.1468867579E-01    6.5575580676E+07    2.0635892647E+07    8.8197575106E-14
   4050000    3.1416963709E-01    6.5570530921E+07    2.0600269903E+07    8.8197575106E-14
   4060000    3.1365141613E-01    6.5565493937E+07    2.0564710022E+07    8.8197575106E-14
   4070000    3.1313401107E-01    6.5560470424E+07    2.0529213072E+07    8.8197575106E-14
   4080000    3.1261741551E-01    6.5555461027E+07    2.0493778799E+07    8.8197575106E-14
   4090000    3.1210162315E-01    6.5550466380E+07    2.0458406956E+07    8.8197575106E-14
   4100000    3.1158662783E-01    6.5545487106E+07    2.0423097297E+07    8.8197575106E-14
   4110000    3.1107242351E-01    6.5540523819E+07    2.0387849583E+07    8.8197575106E-14
   4120000    3.1055900427E-01    6.5535577122E+07    2.0352663575E+07    8.8197575106E-14
   4130000    3.1004636431E-01    6.5530647608E+07    2.0317539041E+07    8.8197575106E-14
   4140000    3.0953449793E-01    6.5525735859E+07    2.0282475751E+07    8.8197575106E-14
   4150000    3.0902339958E-01    6.5520842450E+07    2.0247473477E+07    8.8197575106E-14
   4160000    3.0851306378E-01    6.5515967943E+07    2.0212531997E+07    8.8197575106E-14
   4170000    3.0800348518E-01    6.5511112893E+07    2.0177651089E+07    8.8197575106E-14
   4180000    3.0749465853E-01    6.5506277845E+07    2.0142830538E+07    8.8197575106E-14
   4190000    3.0698657869E-01    6.5501463334E+07    2.0108070128E+07    8.8197575106E-14
   4200000    3.0647924060E-01    6.5496669886E+07    2.0073369649E+07    8.8197575106E-14
   4210000    3.0597263933E-01    6.5491898017E+07    2.0038728891E+07    8.8197575106E-14
   4220000    3.0546677002E-01    6.5487148236E+07    2.0004147650E+07    8.8197575106E-14
   4230000    3.0496162793E-01    6.5482421041E+07    1.9969625721E+07    8.8197575106E-14
   4240000    3.0445720837E-01    6.5477716924E+07    1.9935162905E+07    8.8197575106E-14
   4250000    3.0395350680E-01    6.5473036364E+07    1.9900759004E+07    8.8197575106E-14
   4260000    3.0345051872E-01    6.5468379836E+07    1.9866413821E+07    8.8197575106E-14
   4270000    3.0294824002E-01    6.5463747744E+07    1.9832127164E+07    8.8197575106E-14
   4280000    3.0244666925E-01    6.5459139959E+07    1.9797898853E+07    8.8197575106E-14
   4290000    3.0194580631E-01    6.5454556072E+07    1.9763728710E+07    8.8197575106E-14
   4300000    3.0144565106E-01    6.5449995676E+07    1.9729616558E+07    8.8197575106E-14
   4310000    3.0094620331E-01    6.5445458368E+07    1.9695562220E+07    8.8197575106E-14
   4320000    3.0044746286E-01    6.5440943748E+07    1.9661565516E+07    8.8197575106E-14
   4330000    2.9994942943E-01    6.5436451420E+07    1.9627626267E+07    8.8197575106E-14
   4340000    2.9945210272E-01    6.5431980995E+07    1.9593744294E+07    8.8197575106E-14
   4350000    2.9895548237E-01    6.5427532083E+07    1.9559919414E+07    8.8197575106E-14
   4360000    2.9845956800E-01    6.5423104302E+07    1.9526151448E+07    8.8197575106E-14
   4370000    2.9796435919E-01    6.5418697271E+07    1.9492440211E+07    8.8197575106E-14
   4380000    2.9746985546E-01    6.5414310614E+07    1.9458785523E+07    8.8197575106E-14
   4390000    2.9697605632E-01    6.5409943956E+07    1.9425187200E+07    8.8197575106E-14
   4400000    2.9648296121E-01    6.5405596929E+07    1.9391645057E+07    8.8197575106E-14
   4410000    2.9599056957E-01    6.5401269167E+07    1.9358158911E+07    8.8197575106E-14
   4420000    2.9549888078E-01    6.5396960306E+07    1.9324728577E+07    8.8197575106E-14
   4430000    2.9500789419E-01    6.5392669986E+07    1.9291353868E+07    8.8197575106E-14
   4440000    2.9451760913E-01    6.5388397852E+07    1.9258034600E+07    8.8197575106E-14
   4450000    2.9402802487E-01    6.5384143549E+07    1.9224770585E+07    8.8197575106E-14
   4460000    2.9353914066E-01    6.5379906727E+07    1.9191561637E+07    8.8197575106E-14
   4470000    2.9305095573E-01    6.5375687039E+07    1.9158407569E+07    8.8197575106E-14
   4480000    2.9256346927E-01    6.5371484141E+07    1.9125308192E+07    8.8197575106E-14
   4490000    2.9207668043E-01    6.5367297692E+07    1.9092263318E+07    8.8197575106E-14
   4500000    2.9159058833E-01    6.5363127353E+07    1.9059272760E+07    8.8197575106E-14
   4510000    2.9110519207E-01    6.5358972789E+07    1.9026336328E+07    8.8197575106E-14
   4520000    2.9062049072E-01    6.5354833668E+07    1.8993453832E+07    8.8197575106E-14
   4530000    2.9013648332E-01    6.5350709659E+07    1.8960625083E+07    8.8197575106E-14
   4540000    2.8965316887E-01    6.5346600436E+07    1.8927849891E+07    8.8197575106E-14
   4550000    2.8917054636E-01    6.5342505674E+07    1.8895128066E+07    8.8197575106E-14
   4560000    2.8868861474E-01    6.5338425052E+07    1.8862459418E+07    8.8197575106E-14
   4570000    2.8820737294E-01    6.5334358252E+07    1.8829843755E+07    8.8197575106E-14
   4580000    2.8772681986E-01    6.5330304957E+07    1.8797280886E+07    8.8197575106E-14
   4590000    2.8724695437E-01    6.5326264854E+07    1.8764770620E+07    8.8197575106E-14
   4600000    2.8676777532E-01    6.5322237632E+07    1.8732312765E+07    8.8197575106E-14
   4610000    2.8628928155E-01    6.5318222982E+07    1.8699907130E+07    8.8197575106E-14
   4620000    2.8581147184E-01    6.5314220600E+07    1.8667553522E+07    8.8197575106E-14
   4630000    2.8533434498E-01    6.5310230182E+07    1.8635251750E+07    8.8197575106E-14
   4640000    2.8485789972E-01    6.5306251428E+07    1.8603001620E+07    8.8197575106E-14
   4650000    2.8438213478E-01    6.5302284039E+07    1.8570802941E+07    8.8197575106E-14
   4660000    2.8390704888E-01    6.5298327719E+07    1.8538655520E+07    8.8197575106E-14
   4670000    2.8343264070E-01    6.5294382177E+07    1.8506559163E+07    8.8197575106E-14
   4680000    2.8295890889E-01    6.5290447121E+07    1.8474513678E+07    8.8197575106E-14
   4690000    2.8248585211E-01    6.5286522263E+07    1.8442518873E+07    8.8197575106E-14
   4700000    2.8201346896E-01    6.5282607317E+07    1.8410574552E+07    8.8197575106E-14
   4710000    2.8154175806E-01    6.5278702000E+07    1.8378680525E+07    8.8197575106E-14
   4720000    2.8107071797E-01    6.5274806030E+07    1.8346836596E+07    8.8197575106E-14
   4730000    2.8060034725E-01    6.5270919130E+07    1.8315042573E+07    8.8197575106E-14
   4740000    2.8013064444E-01    6.5267041022E+07    1.8283298262E+07    8.8197575106E-14
   4750000    2.7966160806E-01    6.5263171433E+07    1.8251603470E+07    8.8197575106E-14
   4760000    2.7919323661E-01    6.5259310092E+07    1.8219958003E+07    8.8197575106E-14
   4770000    2.7872552857E-01    6.5255456728E+07    1.8188361668E+07    8.8197575106E-14
   4780000    2.7825848239E-01    6.5251611075E+07    1.8156814271E+07    8.8197575106E-14
   4790000    2.7779209653E-01    6.5247772868E+07    1.8125315619E+07    8.8197575106E-14
   4800000    2.7732636940E-01    6.5243941845E+07    1.8093865517E+07    8.8197575106E-14
   4810000    2.7686129942E-01    6.5240117746E+07    1.8062463773E+07    8.8197575106E-14
   4820000    2.7639688498E-01    6.5236300311E+07    1.8031110194E+07    8.8197575106E-14
   4830000    2.7593312445E-01    6.5232489287E+07    1.7999804584E+07    8.8197575106E-14
   4840000    2.7547001618E-01    6.5228684419E+07    1.7968546752E+07    8.8197575106E-14
   4850000    2.7500755852E-01    6.5224885456E+07    1.7937336504E+07    8.8197575106E-14
   4860000    2.7454574980E-01    6.5221092148E+07    1.7906173647E+07    8.8197575106E-14
   4870000    2.7408458832E-01    6.5217304250E+07    1.7875057987E+07    8.8197575106E-14
   4880000    2.7362407237E-01    6.5213521516E+07    1.7843989331E+07    8.8197575106E-14
   4890000    2.7316420024E-01    6.5209743704E+07    1.7812967487E+07    8.8197575106E-14
   4900000    2.7270497018E-01    6.5205970574E+07    1.7781992261E+07    8.8197575106E-14
   4910000    2.7224638045E-01    6.5202201886E+07    1.7751063461E+07    8.8197575106E-14
   4920000    2.7178842927E-01    6.5198437406E+07    1.7720180894E+07    8.8197575106E-14
   4930000    2.7133111488E-01    6.5194676900E+07    1.7689344367E+07    8.8197575106E-14
   4940000    2.7087443547E-01    6.5190920134E+07    1.7658553689E+07    8.8197575106E-14
   4950000    2.7041838924E-01    6.5187166881E+07    1.7627808667E+07    8.8197575106E-14
   4960000    2.6996297436E-01    6.5183416912E+07    1.7597109109E+07    8.8197575106E-14
   4970000    2.6950818901E-01    6.5179670002E+07    1.7566454822E+07    8.8197575106E-14
   4980000    2.6905403133E-01    6.5175925927E+07    1.7535845616E+07    8.8197575106E-14
   4990000    2.6860049947E-01    6.5172184467E+07    1.7505281299E+07    8.8197575106E-14
   5000000    2.6814759155E-01    6.5168445402E+07    1.7474761680E+07    8.8197575106E-14
   5010000    2.6769530569E-01    6.5164708515E+07    1.7444286566E+07    8.8197575106E-14
   5020000    2.6724364000E-01    6.5160973591E+07    1.7413855768E+07    8.8197575106E-14
   5030000    2.6679259256E-01    6.5157240416E+07    1.7383469095E+07    8.8197575106E-14
   5040000    2.6634216146E-01    6.5153508781E+07    1.7353126355E+07    8.8197575106E-14
   5050000    2.6589234476E-01    6.5149778476E+07    1.7322827360E+07    8.8197575106E-14
   5060000    2.6544314053E-01    6.5146049294E+07    1.7292571918E+07    8.8197575106E-14
   5070000    2.6499454682E-01    6.5142321030E+07    1.7262359840E+07    8.8197575106E-14
   5080000    2.6454656166E-01    6.5138593482E+07    1.7232190937E+07    8.8197575106E-14
   5090000    2.6409918309E-01    6.5134866447E+07    1.7202065019E+07    8.8197575106E-14
   5100000    2.6365240914E-01    6.5131139728E+07    1.7171981899E+07    8.8197575106E-14
   5110000    2.6320623782E-01    6.5127413125E+07    1.7141941388E+07    8.8197575106E-14
   5120000    2.6276066713E-01    6.5123686445E+07    1.7111943297E+07    8.8197575106E-14
   5130000    2.6231569509E-01    6.5119959494E+07    1.7081987439E+07    8.8197575106E-14
   5140000    2.6187131966E-01    6.5116232080E+07    1.7052073626E+07    8.8197575106E-14
   5150000    2.6142753883E-01    6.5112504014E+07    1.7022201671E+07    8.8197575106E-14
   5160000    2.6098435056E-01    6.5108775109E+07    1.6992371388E+07    9.7017334719E-14
   5170000    2.6049752986E-01    6.5104672160E+07    1.6959606280E+07    9.7017334719E-14
   5180000    2.6001141653E-01    6.5100567690E+07    1.6926890822E+07    9.7017334719E-14
   5190000    2.5952601228E-01    6.5096461494E+07    1.6894225065E+07    9.7017334719E-14
   5200000    2.5904131435E-01    6.5092353335E+07    1.6861608762E+07    9.7017334719E-14
   5210000    2.5855731997E-01    6.5088242976E+07    1.6829041665E+07    9.7017334719E-14
   5220000    2.5807402638E-01    6.5084130185E+07    1.6796523530E+07    9.7017334719E-14
   5230000    2.5759143079E-01    6.5080014732E+07    1.6764054111E+07    9.7017334719E-14
   5240000    2.5710953041E-01    6.5075896389E+07    1.6731633161E+07    9.7017334719E-14
   5250000    2.5662832243E-01    6.5071774932E+07    1.6699260438E+07    9.7017334719E-14
   5260000    2.5614780403E-01    6.5067650139E+07    1.6666935697E+07    9.7017334719E-14
   5270000    2.5566797240E-01    6.5063521792E+07    1.6634658694E+07    9.7017334719E-14
   5280000    2.5518882470E-01    6.5059389673E+07    1.6602429187E+07    9.7017334719E-14
   5290000    2.5471035810E-01    6.5055253569E+07    1.6570246933E+07    9.7017334719E-14
   5300000    2.5423256973E-01    6.5051113270E+07    1.6538111690E+07    9.7017334719E-14
   5310000    2.5375545674E-01    6.5046968566E+07    1.6506023218E+07    9.7017334719E-14
   5320000    2.5327901628E-01    6.5042819253E+07    1.6473981276E+07    9.7017334719E-14
   5330000    2.5280324545E-01    6.5038665128E+07    1.6441985624E+07    9.7017334719E-14
   5340000    2.5232814139E-01    6.5034505990E+07    1.6410036023E+07    9.7017334719E-14
   5350000    2.5185370121E-01    6.5030341642E+07    1.6378132233E+07    9.7017334719E-14
   5360000    2.5137992200E-01    6.5026171888E+07    1.6346274017E+07    9.7017334719E-14
   5370000    2.5090680089E-01    6.5021996537E+07    1.6314461138E+07    9.7017334719E-14
   5380000    2.5043433494E-01    6.5017815398E+07    1.6282693359E+07    9.7017334719E-14
   5390000    2.4996252126E-01    6.5013628284E+07    1.6250970442E+07    9.7017334719E-14
   5400000    2.4949135694E-01    6.5009435011E+07    1.6219292155E+07    9.7017334719E-14
   5410000    2.4902083903E-01    6.5005235397E+07    1.6187658260E+07    9.7017334719E-14
   5420000    2.4855096463E-01    6.5001029261E+07    1.6156068525E+07    9.7017334719E-14
   5430000    2.4808173080E-01    6.4996816428E+07    1.6124522716E+07    9.7017334719E-14
   5440000    2.4761313460E-01    6.4992596721E+07    1.6093020600E+07    9.7017334719E-14
   5450000    2.4714517309E-01    6.4988369970E+07    1.6061561945E+07    9.7017334719E-14
   5460000    2.4667784334E-01    6.4984136005E+07    1.6030146521E+07    9.7017334719E-14
   5470000    2.4621114239E-01    6.4979894659E+07    1.5998774097E+07    9.7017334719E-14
   5480000    2.4574506731E-01    6.4975645766E+07    1.5967444442E+07    9.7017334719E-14
   5490000    2.4527961513E-01    6.4971389165E+07    1.5936157329E+07    9.7017334719E-14
   5500000    2.4481478290E-01    6.4967124696E+07    1.5904912528E+07    9.7017334719E-14
   5510000    2.4435056768E-01    6.4962852202E+07    1.5873709813E+07    9.7017334719E-14
   5520000    2.4388696649E-01    6.4958571528E+07    1.5842548957E+07    9.7017334719E-14
   5530000    2.4342397638E-01    6.4954282520E+07    1.5811429734E+07    9.7017334719E-14
   5540000    2.4296159440E-01    6.4949985030E+07    1.5780351919E+07    9.7017334719E-14
   5550000    2.4249981758E-01    6.4945678908E+07    1.5749315288E+07    9.7017334719E-14
   5560000    2.4203864295E-01    6.4941364010E+07    1.5718319616E+07    9.7017334719E-14
   5570000    2.4157806756E-01    6.4937040192E+07    1.5687364683E+07    9.7017334719E-14
   5580000    2.4111808845E-01    6.4932707313E+07    1.5656450265E+07    9.7017334719E-14
   5590000    2.4065870265E-01    6.4928365235E+07    1.5625576142E+07    9.7017334719E-14
   5600000    2.4019990753E-01    6.4924013812E+07    1.5594742114E+07    9.7017334719E-14
   5610000    2.3974170141E-01    6.4919652871E+07    1.5563948035E+07    9.7017334719E-14
   5620000    2.3928408279E-01    6.4915282239E+07    1.5533193769E+07    9.7017334719E-14
   5630000    2.3882705012E-01    6.4910901743E+07    1.5502479184E+07    9.7017334719E-14
   5640000    2.3837060185E-01    6.4906511214E+07    1.5471804142E+07    9.7017334719E-14
   5650000    2.3791473644E-01    6.4902110486E+07    1.5441168511E+07    9.7017334719E-14
   5660000    2.3745945231E-01    6.4897699395E+07    1.5410572154E+07    9.7017334719E-14
   5670000    2.3700474850E-01    6.4893277804E+07    1.5380014985E+07    9.7017334719E-14
   5680000    2.3655062544E-01    6.4888845637E+07    1.5349497019E+07    9.7017334719E-14
   5690000    2.3609708372E-01    6.4884402823E+07    1.5319018285E+07    9.7017334719E-14
   5700000    2.3564412390E-01    6.4879949294E+07    1.5288578810E+07    9.7017334719E-14
   5710000    2.3519174653E-01    6.4875484984E+07    1.5258178620E+07    9.7017334719E-14
   5720000    2.3473995212E-01    6.4871009826E+07    1.5227817740E+07    9.7017334719E-14
   5730000    2.3428874116E-01    6.4866523754E+07    1.5197496194E+07    9.7017334719E-14
   5740000    2.3383811412E-01    6.4862026705E+07    1.5167214003E+07    9.7017334719E-14
   5750000    2.3338807145E-01    6.4857518616E+07    1.5136971189E+07    9.7017334719E-14
   5760000    2.3293861357E-01    6.4852999424E+07    1.5106767772E+07    9.7017334719E-14
   5770000    2.3248974086E-01    6.4848469069E+07    1.5076603769E+07    9.7017334719E-14
   5780000    2.3204145371E-01    6.4843927491E+07    1.5046479199E+07    9.7017334719E-14
   5790000    2.3159375246E-01    6.4839374631E+07    1.5016394078E+07    9.7017334719E-14
   5800000    2.3114663744E-01    6.4834810433E+07    1.4986348421E+07    9.7017334719E-14
   5810000    2.3070010895E-01    6.4830234839E+07    1.4956342241E+07    9.7017334719E-14
   5820000    2.3025416727E-01    6.4825647797E+07    1.4926375551E+07    9.7017334719E-14
   5830000    2.2980881266E-01    6.4821049251E+07    1.4896448364E+07    9.7017334719E-14
   5840000    2.2936404536E-01    6.4816439150E+07    1.4866560689E+07    9.7017334719E-14
   5850000    2.2891986557E-01    6.4811817444E+07    1.4836712537E+07    1.0671907050E-13
   5860000    2.2843195103E-01    6.4806720149E+07    1.4803925524E+07    1.0671907050E-13
   5870000    2.2794474341E-01    6.4801608641E+07    1.4771186054E+07    1.0671907050E-13
   5880000    2.2745824733E-01    6.4796482904E+07    1.4738494434E+07    1.0671907050E-13
   5890000    2.2697246296E-01    6.4791342877E+07    1.4705850672E+07    1.0671907050E-13
   5900000    2.2648739044E-01    6.4786188504E+07    1.4673254771E+07    1.0671907050E-13
   5910000    2.2600302987E-01    6.4781019728E+07    1.4640706737E+07    1.0671907050E-13
   5920000    2.2551938133E-01    6.4775836495E+07    1.4608206571E+07    1.0671907050E-13
   5930000    2.2503644486E-01    6.4770638753E+07    1.4575754276E+07    1.0671907050E-13
   5940000    2.2455422049E-01    6.4765426452E+07    1.4543349852E+07    1.0671907050E-13
   5950000    2.2407270820E-01    6.4760199545E+07    1.4510993296E+07    1.0671907050E-13
   5960000    2.2359190797E-01    6.4754957986E+07    1.4478684607E+07    1.0671907050E-13
   5970000    2.2311181974E-01    6.4749701731E+07    1.4446423781E+07    1.0671907050E-13
   5980000    2.2263244341E-01    6.4744430739E+07    1.4414210813E+07    1.0671907050E-13
   5990000    2.2215377888E-01    6.4739144971E+07    1.4382045697E+07    1.0671907050E-13
   6000000    2.2167582601E-01    6.4733844388E+07    1.4349928426E+07    1.0671907050E-13
   6010000    2.2119858465E-01    6.4728528957E+07    1.4317858991E+07    1.0671907050E-13
   6020000    2.2072205461E-01    6.4723198642E+07    1.4285837385E+07    1.0671907050E-13
   6030000    2.2024623551E-01    6.4717853449E+07    1.4253863592E+07    1.0671907050E-13
   6040000    2.1977112602E-01    6.4712493569E+07    1.4221937579E+07    1.0671907050E-13
   6050000    2.1929672449E-01    6.4707119260E+07    1.4190059305E+07    1.0671907050E-13
   6060000    2.1882302923E-01    6.4701730783E+07    1.4158228726E+07    1.0671907050E-13
   6070000    2.1835003858E-01    6.4696328396E+07    1.4126445802E+07    1.0671907050E-13
   6080000    2.1787775088E-01    6.4690912362E+07    1.4094710488E+07    1.0671907050E-13
   6090000    2.1740616444E-01    6.4685482942E+07    1.4063022741E+07    1.0671907050E-13
   6100000    2.1693527758E-01    6.4680040399E+07    1.4031382518E+07    1.0671907050E-13
   6110000    2.1646508864E-01    6.4674584997E+07    1.3999789774E+07    1.0671907050E-13
   6120000    2.1599559592E-01    6.4669117000E+07    1.3968244464E+07    1.0671907050E-13
   6130000    2.1552679776E-01    6.4663636673E+07    1.3936746544E+07    1.0671907050E-13
   6140000    2.1505869248E-01    6.4658144281E+07    1.3905295967E+07    1.0671907050E-13
   6150000    2.1459127839E-01    6.4652640091E+07    1.3873892689E+07    1.0671907050E-13
   6160000    2.1412455383E-01    6.4647124368E+07    1.3842536662E+07    1.0671907050E-13
   6170000    2.1365851711E-01    6.4641597379E+07    1.3811227840E+07    1.0671907050E-13
   6180000    2.1319316657E-01    6.4636059392E+07    1.3779966176E+07    1.0671907050E-13
   6190000    2.1272850053E-01    6.4630510672E+07    1.3748751624E+07    1.0671907050E-13
   6200000    2.1226451733E-01    6.4624951488E+07    1.3717584135E+07    1.0671907050E-13
   6210000    2.1180121532E-01    6.4619382106E+07    1.3686463663E+07    1.0671907050E-13
   6220000    2.1133859282E-01    6.4613802794E+07    1.3655390159E+07    1.0671907050E-13
   6230000    2.1087664819E-01    6.4608213820E+07    1.3624363576E+07    1.0671907050E-13
   6240000    2.1041537977E-01    6.4602615450E+07    1.3593383864E+07    1.0671907050E-13
   6250000    2.0995478593E-01    6.4597007952E+07    1.3562450976E+07    1.0671907050E-13
   6260000    2.0949486503E-01    6.4591391594E+07    1.3531564864E+07    1.0671907050E-13
   6270000    2.0903561543E-01    6.4585766641E+07    1.3500725478E+07    1.0671907050E-13
   6280000    2.0857703552E-01    6.4580133360E+07    1.3469932770E+07    1.0671907050E-13
   6290000    2.0811912367E-01    6.4574492018E+07    1.3439186690E+07    1.0671907050E-13
   6300000    2.0766187827E-01    6.4568842881E+07    1.3408487191E+07    1.0671907050E-13
   6310000    2.0720529773E-01    6.4563186213E+07    1.3377834222E+07    1.0671907050E-13
   6320000    2.0674938044E-01    6.4557522280E+07    1.3347227735E+07    1.0671907050E-13
   6330000    2.0629412483E-01    6.4551851347E+07    1.3316667680E+07    1.0671907050E-13
   6340000    2.0583952932E-01    6.4546173677E+07    1.3286154009E+07    1.0671907050E-13
   6350000    2.0538559233E-01    6.4540489534E+07    1.3255686672E+07    1.0671907050E-13
   6360000    2.0493231232E-01    6.4534799181E+07    1.3225265621E+07    1.1739098010E-13
   6370000    2.0443446576E-01    6.4528532989E+07    1.3191856168E+07    1.1739098010E-13
   6380000    2.0393740569E-01    6.4522259891E+07    1.3158502291E+07    1.1739098010E-13
   6390000    2.0344113460E-01    6.4515980291E+07    1.3125204230E+07    1.1739098010E-13
   6400000    2.0294565049E-01    6.4509694533E+07    1.3091961920E+07    1.1739098010E-13
   6410000    2.0245095135E-01    6.4503402963E+07    1.3058775295E+07    1.1739098010E-13
   6420000    2.0195703520E-01    6.4497105924E+07    1.3025644291E+07    1.1739098010E-13
   6430000    2.0146390007E-01    6.4490803757E+07    1.2992568844E+07    1.1739098010E-13
   6440000    2.0097154403E-01    6.4484496804E+07    1.2959548889E+07    1.1739098010E-13
   6450000    2.0047996568E-01    6.4478185385E+07    1.2926584393E+07    1.1739098010E-13
   6460000    1.9998916523E-01    6.4471869764E+07    1.2893675415E+07    1.1739098010E-13
   6470000    1.9949914318E-01    6.4465550195E+07    1.2860822029E+07    1.1739098010E-13
   6480000    1.9900990005E-01    6.4459226928E+07    1.2828024308E+07    1.1739098010E-13
   6490000    1.9852143631E-01    6.4452900215E+07    1.2795282325E+07    1.1739098010E-13
   6500000    1.9803375244E-01    6.4446570306E+07    1.2762596149E+07    1.1739098010E-13
   6510000    1.9754684892E-01    6.4440237449E+07    1.2729965851E+07    1.1739098010E-13
   6520000    1.9706072620E-01    6.4433901892E+07    1.2697391499E+07    1.1739098010E-13
   6530000    1.9657538475E-01    6.4427563881E+07    1.2664873158E+07    1.1739098010E-13
   6540000    1.9609082501E-01    6.4421223661E+07    1.2632410896E+07    1.1739098010E-13
   6550000    1.9560704741E-01    6.4414881476E+07    1.2600004775E+07    1.1739098010E-13
   6560000    1.9512405240E-01    6.4408537569E+07    1.2567654860E+07    1.1739098010E-13
   6570000    1.9464184040E-01    6.4402192180E+07    1.2535361212E+07    1.1739098010E-13
   6580000    1.9416041183E-01    6.4395845549E+07    1.2503123892E+07    1.1739098010E-13
   6590000    1.9367976710E-01    6.4389497915E+07    1.2470942960E+07    1.1739098010E-13
   6600000    1.9319990662E-01    6.4383149515E+07    1.2438818474E+07    1.1739098010E-13
   6610000    1.9272083080E-01    6.4376800584E+07    1.2406750493E+07    1.1739098010E-13
   6620000    1.9224254003E-01    6.4370451356E+07    1.2374739071E+07    1.1739098010E-13
   6630000    1.9176503470E-01    6.4364102063E+07    1.2342784266E+07    1.1739098010E-13
   6640000    1.9128831520E-01    6.4357752937E+07    1.2310886130E+07    1.1739098010E-13
   6650000    1.9081238192E-01    6.4351404207E+07    1.2279044717E+07    1.1739098010E-13
   6660000    1.9033723523E-01    6.4345056099E+07    1.2247260079E+07    1.1739098010E-13
   6670000    1.8986287551E-01    6.4338708842E+07    1.2215532267E+07    1.1739098010E-13
   6680000    1.8938930312E-01    6.4332362658E+07    1.2183861332E+07    1.1739098010E-13
   6690000    1.8891651844E-01    6.4326017771E+07    1.2152247322E+07    1.1739098010E-13
   6700000    1.8844452182E-01    6.4319674401E+07    1.2120690286E+07    1.1739098010E-13
   6710000    1.8797331363E-01    6.4313332769E+07    1.2089190271E+07    1.1739098010E-13
   6720000    1.8750289422E-01    6.4306993091E+07    1.2057747323E+07    1.1739098010E-13
   6730000    1.8703326393E-01    6.4300655583E+07    1.2026361487E+07    1.1739098010E-13
   6740000    1.8656442313E-01    6.4294320460E+07    1.1995032808E+07    1.1739098010E-13
   6750000    1.8609637216E-01    6.4287987935E+07    1.1963761328E+07    1.1739098010E-13
   6760000    1.8562911136E-01    6.4281658216E+07    1.1932547091E+07    1.2913008091E-13
   6770000    1.8511604216E-01    6.4274699081E+07    1.1898277905E+07    1.2913008091E-13
   6780000    1.8460392527E-01    6.4267743807E+07    1.1864077775E+07    1.2913008091E-13
   6790000    1.8409276578E-01    6.4260792730E+07    1.1829947065E+07    1.2913008091E-13
   6800000    1.8358256414E-01    6.4253846121E+07    1.1795885827E+07    1.2913008091E-13
   6810000    1.8307332079E-01    6.4246904246E+07    1.1761894111E+07    1.2913008091E-13
   6820000    1.8256503616E-01    6.4239967370E+07    1.1727971966E+07    1.2913008091E-13
   6830000    1.8205771068E-01    6.4233035754E+07    1.1694119440E+07    1.2913008091E-13
   6840000    1.8155134479E-01    6.4226109658E+07    1.1660336579E+07    1.2913008091E-13
   6850000    1.8104593889E-01    6.4219189337E+07    1.1626623428E+07    1.2913008091E-13
   6860000    1.8054149341E-01    6.4212275044E+07    1.1592980032E+07    1.2913008091E-13
   6870000    1.8003800877E-01    6.4205367030E+07    1.1559406432E+07    1.2913008091E-13
   6880000    1.7953548538E-01    6.4198465543E+07    1.1525902672E+07    1.2913008091E-13
   6890000    1.7903392366E-01    6.4191570828E+07    1.1492468791E+07    1.2913008091E-13
   6900000    1.7853332400E-01    6.4184683126E+07    1.1459104828E+07    1.2913008091E-13
   6910000    1.7803368682E-01    6.4177802676E+07    1.1425810822E+07    1.2913008091E-13
   6920000    1.7753501251E-01    6.4170929715E+07    1.1392586810E+07    1.2913008091E-13
   6930000    1.7703730148E-01    6.4164064476E+07    1.1359432827E+07    1.2913008091E-13
   6940000    1.7654055412E-01    6.4157207191E+07    1.1326348908E+07    1.2913008091E-13
   6950000    1.7604477082E-01    6.4150358085E+07    1.1293335087E+07    1.2913008091E-13
   6960000    1.7554995196E-01    6.4143517385E+07    1.1260391396E+07    1.2913008091E-13
   6970000    1.7505609795E-01    6.4136685312E+07    1.1227517866E+07    1.2913008091E-13
   6980000    1.7456320915E-01    6.4129862085E+07    1.1194714528E+07    1.2913008091E-13
   6990000    1.7407128594E-01    6.4123047922E+07    1.1161981410E+07    1.2913008091E-13
   7000000    1.7358032872E-01    6.4116243034E+07    1.1129318542E+07    1.2913008091E-13
   7010000    1.7309033783E-01    6.4109447632E+07    1.1096725949E+07    1.2913008091E-13
   7020000    1.7260131367E-01    6.4102661925E+07    1.1064203658E+07    1.2913008091E-13
   7030000    1.7211325658E-01    6.4095886116E+07    1.1031751693E+07    1.2913008091E-13
   7040000    1.7162616694E-01    6.4089120408E+07    1.0999370078E+07    1.2913008091E-13
   7050000    1.7114004510E-01    6.4082365001E+07    1.0967058836E+07    1.2913008091E-13
   7060000    1.7065489142E-01    6.4075620089E+07    1.0934817989E+07    1.2913008091E-13
   7070000    1.7017070626E-01    6.4068885867E+07    1.0902647557E+07    1.2913008091E-13
   7080000    1.6968748995E-01    6.4062162526E+07    1.0870547560E+07    1.2913008091E-13
   7090000    1.6920524284E-01    6.4055450252E+07    1.0838518015E+07    1.2913008091E-13
   7100000    1.6872396528E-01    6.4048749231E+07    1.0806558941E+07    1.2913008091E-13
   7110000    1.6824365759E-01    6.4042059646E+07    1.0774670354E+07    1.2913008091E-13
   7120000    1.6776432012E-01    6.4035381675E+07    1.0742852270E+07    1.2913008091E-13
   7130000    1.6728595318E-01    6.4028715495E+07    1.0711104702E+07    1.2913008091E-13
   7140000    1.6680855711E-01    6.4022061280E+07    1.0679427665E+07    1.4204309208E-13
   7150000    1.6628454789E-01    6.4014755733E+07    1.0644664715E+07    1.4204309208E-13
   7160000    1.6576170945E-01    6.4007465028E+07    1.0609986820E+07    1.4204309208E-13
   7170000    1.6524004697E-01    6.4000189450E+07    1.0575394311E+07    1.4204309208E-13
   7180000    1.6471956080E-01    6.3992929216E+07    1.0540887195E+07    1.4204309208E-13
   7190000    1.6420025031E-01    6.3985684522E+07    1.0506465415E+07    1.4204309208E-13
   7200000    1.6368211396E-01    6.3978455547E+07    1.0472128852E+07    1.4204309208E-13
   7210000    1.6316515021E-01    6.3971242468E+07    1.0437877386E+07    1.4204309208E-13
   7220000    1.6264935755E-01    6.3964045456E+07    1.0403710900E+07    1.4204309208E-13
   7230000    1.6213473452E-01    6.3956864680E+07    1.0369629275E+07    1.4204309208E-13
   7240000    1.6162127968E-01    6.3949700303E+07    1.0335632398E+07    1.4204309208E-13
   7250000    1.6110899164E-01    6.3942552487E+07    1.0301720154E+07    1.4204309208E-13
   7260000    1.6059786902E-01    6.3935421388E+07    1.0267892430E+07    1.4204309208E-13
   7270000    1.6008791048E-01    6.3928307161E+07    1.0234149114E+07    1.4204309208E-13
   7280000    1.5957911473E-01    6.3921209955E+07    1.0200490097E+07    1.4204309208E-13
   7290000    1.5907148049E-01    6.3914129917E+07    1.0166915270E+07    1.4204309208E-13
   7300000    1.5856500650E-01    6.3907067191E+07    1.0133424525E+07    1.4204309208E-13
   7310000    1.5805969156E-01    6.3900021915E+07    1.0100017755E+07    1.4204309208E-13
   7320000    1.5755553448E-01    6.3892994227E+07    1.0066694855E+07    1.4204309208E-13
   7330000    1.5705253409E-01    6.3885984260E+07    1.0033455721E+07    1.4204309208E-13
   7340000    1.5655068927E-01    6.3878992142E+07    1.0000300250E+07    1.4204309208E-13
   7350000    1.5604999890E-01    6.3872018001E+07    9.9672283390E+06    1.4204309208E-13
   7360000    1.5555046191E-01    6.3865061961E+07    9.9342398882E+06    1.4204309208E-13
   7370000    1.5505207725E-01    6.3858124140E+07    9.9013347971E+06    1.4204309208E-13
   7380000    1.5455484387E-01    6.3851204656E+07    9.8685129668E+06    1.4204309208E-13
   7390000    1.5405876079E-01    6.3844303623E+07    9.8357742994E+06    1.4204309208E-13
   7400000    1.5356382700E-01    6.3837421152E+07    9.8031186980E+06    1.4204309208E-13
   7410000    1.5307004156E-01    6.3830557351E+07    9.7705460664E+06    1.4204309208E-13
   7420000    1.5257740352E-01    6.3823712323E+07    9.7380563095E+06    1.4204309208E-13
   7430000    1.5208591198E-01    6.3816886172E+07    9.7056493331E+06    1.4204309208E-13
   7440000    1.5159556603E-01    6.3810078996E+07    9.6733250437E+06    1.4204309208E-13
   7450000    1.5110636480E-01    6.3803290890E+07    9.6410833489E+06    1.4204309208E-13
   7460000    1.5061830744E-01    6.3796521949E+07    9.6089241568E+06    1.4204309208E-13
   7470000    1.5013139312E-01    6.3789772263E+07    9.5768473766E+06    1.4204309208E-13
   7480000    1.4964562101E-01    6.3783041919E+07    9.5448529180E+06    1.4204309208E-13
   7490000    1.4916099033E-01    6.3776331001E+07    9.5129406915E+06    1.4204309208E-13
   7500000    1.4867750028E-01    6.3769639594E+07    9.4811106085E+06    1.4204309208E-13
   7510000    1.4819515011E-01    6.3762967775E+07    9.4493625810E+06    1.4204309208E-13
   7520000    1.4771393908E-01    6.3756315622E+07    9.4176965215E+06    1.4204309208E-13
   7530000    1.4723386644E-01    6.3749683209E+07    9.3861123432E+06    1.4204309208E-13
   7540000    1.4675493149E-01    6.3743070607E+07    9.3546099603E+06    1.4204309208E-13
   7550000    1.4627713354E-01    6.3736477887E+07    9.3231892870E+06    1.4204309208E-13
   7560000    1.4580047188E-01    6.3729905115E+07    9.2918502385E+06    1.5624740467E-13
   7570000    1.4527746041E-01    6.3722698247E+07    9.2574717717E+06    1.5624740467E-13
   7580000    1.4475581742E-01    6.3715515609E+07    9.2231915443E+06    1.5624740467E-13
   7590000    1.4423554681E-01    6.3708357347E+07    9.1890097583E+06    1.5624740467E-13
   7600000    1.4371664774E-01    6.3701223536E+07    9.1549263038E+06    1.5624740467E-13
   7610000    1.4319911940E-01    6.3694114246E+07    9.1209410712E+06    1.5624740467E-13
   7620000    1.4268296098E-01    6.3687029548E+07    9.0870539516E+06    1.5624740467E-13
   7630000    1.4216817168E-01    6.3679969505E+07    9.0532648369E+06    1.5624740467E-13
   7640000    1.4165475073E-01    6.3672934180E+07    9.0195736193E+06    1.5624740467E-13
   7650000    1.4114269737E-01    6.3665923631E+07    8.9859801917E+06    1.5624740467E-13
   7660000    1.4063201085E-01    6.3658937914E+07    8.9524844475E+06    1.5624740467E-13
   7670000    1.4012269044E-01    6.3651977081E+07    8.9190862804E+06    1.5624740467E-13
   7680000    1.3961473541E-01    6.3645041183E+07    8.8857855846E+06    1.5624740467E-13
   7690000    1.3910814504E-01    6.3638130264E+07    8.8525822547E+06    1.5624740467E-13
   7700000    1.3860291863E-01    6.3631244369E+07    8.8194761857E+06    1.5624740467E-13
   7710000    1.3809905549E-01    6.3624383538E+07    8.7864672729E+06    1.5624740467E-13
   7720000    1.3759655493E-01    6.3617547809E+07    8.7535554118E+06    1.5624740467E-13
   7730000    1.3709541658E-01    6.3610737201E+07    8.7207405153E+06    1.5624740467E-13
   7740000    1.3659564256E-01    6.3603951605E+07    8.6880226386E+06    1.5624740467E-13
   7750000    1.3609723621E-01    6.3597190846E+07    8.6554019047E+06    1.5624740467E-13
   7760000    1.3560020078E-01    6.3590454750E+07    8.6228784318E+06    1.5624740467E-13
   7770000    1.3510453942E-01    6.3583743146E+07    8.5904523326E+06    1.5624740467E-13
   7780000    1.3461025520E-01    6.3577055861E+07    8.5581237145E+06    1.5624740467E-13
   7790000    1.3411735108E-01    6.3570392724E+07    8.5258926796E+06    1.5624740467E-13
   7800000    1.3362582994E-01    6.3563753568E+07    8.4937593245E+06    1.5624740467E-13
   7810000    1.3313569455E-01    6.3557138222E+07    8.4617237408E+06    1.5624740467E-13
   7820000    1.3264694761E-01    6.3550546519E+07    8.4297860145E+06    1.5624740467E-13
   7830000    1.3215959171E-01    6.3543978294E+07    8.3979462268E+06    1.5624740467E-13
   7840000    1.3167362936E-01    6.3537433381E+07    8.3662044534E+06    1.5624740467E-13
   7850000    1.3118906298E-01    6.3530911615E+07    8.3345607650E+06    1.5624740467E-13
   7860000    1.3070589489E-01    6.3524412834E+07    8.3030152271E+06    1.5624740467E-13
   7870000    1.3022412734E-01    6.3517936876E+07    8.2715679003E+06    1.5624740467E-13
   7880000    1.2974376247E-01    6.3511483580E+07    8.2402188399E+06    1.5624740467E-13
   7890000    1.2926480235E-01    6.3505052787E+07    8.2089680966E+06    1.5624740467E-13
   7900000    1.2878724894E-01    6.3498644338E+07    8.1778157156E+06    1.7187214886E-13
   7910000    1.2826357193E-01    6.3491620726E+07    8.1436620620E+06    1.7187214886E-13
   7920000    1.2774159695E-01    6.3484623689E+07    8.1096272120E+06    1.7187214886E-13
   7930000    1.2722133105E-01    6.3477653084E+07    8.0757115169E+06    1.7187214886E-13
   7940000    1.2670277634E-01    6.3470708706E+07    8.0419150096E+06    1.7187214886E-13
   7950000    1.2618593485E-01    6.3463790353E+07    8.0082377147E+06    1.7187214886E-13
   7960000    1.2567080842E-01    6.3456897824E+07    7.9746796492E+06    1.7187214886E-13
   7970000    1.2515739880E-01    6.3450030919E+07    7.9412408237E+06    1.7187214886E-13
   7980000    1.2464570762E-01    6.3443189441E+07    7.9079212418E+06    1.7187214886E-13
   7990000    1.2413573639E-01    6.3436373194E+07    7.8747209006E+06    1.7187214886E-13
   8000000    1.2362748650E-01    6.3429581984E+07    7.8416397906E+06    1.7187214886E-13
   8010000    1.2312095923E-01    6.3422815618E+07    7.8086778957E+06    1.7187214886E-13
   8020000    1.2261615573E-01    6.3416073906E+07    7.7758351936E+06    1.7187214886E-13
   8030000    1.2211307705E-01    6.3409356659E+07    7.7431116554E+06    1.7187214886E-13
   8040000    1.2161172413E-01    6.3402663691E+07    7.7105072461E+06    1.7187214886E-13
   8050000    1.2111209780E-01    6.3395994815E+07    7.6780219243E+06    1.7187214886E-13
   8060000    1.2061419877E-01    6.3389349849E+07    7.6456556426E+06    1.7187214886E-13
   8070000    1.2011802764E-01    6.3382728610E+07    7.6134083473E+06    1.7187214886E-13
   8080000    1.1962358492E-01    6.3376130919E+07    7.5812799790E+06    1.7187214886E-13
   8090000    1.1913087100E-01    6.3369556598E+07    7.5492704722E+06    1.7187214886E-13
   8100000    1.1863988616E-01    6.3363005469E+07    7.5173797554E+06    1.7187214886E-13
   8110000    1.1815063059E-01    6.3356477359E+07    7.4856077516E+06    1.7187214886E-13
   8120000    1.1766310436E-01    6.3349972094E+07    7.4539543777E+06    1.7187214886E-13
   8130000    1.1717730746E-01    6.3343489503E+07    7.4224195454E+06    1.7187214886E-13
   8140000    1.1669323978E-01    6.3337029416E+07    7.3910031603E+06    1.7187214886E-13
   8150000    1.1621090107E-01    6.3330591667E+07    7.3597051230E+06    1.7187214886E-13
   8160000    1.1573029104E-01    6.3324176088E+07    7.3285253283E+06    1.7187214886E-13
   8170000    1.1525140925E-01    6.3317782517E+07    7.2974636658E+06    1.7187214886E-13
   8180000    1.1477425437E-01    6.3311410846E+07    7.2665199728E+06    1.8905936785E-13
   8190000    1.1425137658E-01    6.3304427579E+07    7.2326179944E+06    1.8905936785E-13
   8200000    1.1373056778E-01    6.3297471299E+07    7.1988573501E+06    1.8905936785E-13
   8210000    1.1321182383E-01    6.3290542396E+07    7.1652377361E+06    1.8905936785E-13
   8220000    1.1269513595E-01    6.3283641182E+07    7.1317585466E+06    1.8905936785E-13
   8230000    1.1218049549E-01    6.3276767959E+07    7.0984191824E+06    1.8905936785E-13
   8240000    1.1166789391E-01    6.3269923014E+07    7.0652190511E+06    1.8905936785E-13
   8250000    1.1115732284E-01    6.3263106625E+07    7.0321575671E+06    1.8905936785E-13
   8260000    1.1064877400E-01    6.3256319055E+07    6.9992341512E+06    1.8905936785E-13
   8270000    1.1014223924E-01    6.3249560559E+07    6.9664482309E+06    1.8905936785E-13
   8280000    1.0963771053E-01    6.3242831379E+07    6.9337992400E+06    1.8905936785E-13
   8290000    1.0913517997E-01    6.3236131745E+07    6.9012866188E+06    1.8905936785E-13
   8300000    1.0863463977E-01    6.3229461878E+07    6.8689098142E+06    1.8905936785E-13
   8310000    1.0813608226E-01    6.3222821988E+07    6.8366682789E+06    1.8905936785E-13
   8320000    1.0763949986E-01    6.3216212274E+07    6.8045614723E+06    1.8905936785E-13
   8330000    1.0714488514E-01    6.3209632926E+07    6.7725888597E+06    1.8905936785E-13
   8340000    1.0665223076E-01    6.3203084122E+07    6.7407499124E+06    1.8905936785E-13
   8350000    1.0616152948E-01    6.3196566033E+07    6.7090441079E+06    1.8905936785E-13
   8360000    1.0567277418E-01    6.3190078817E+07    6.6774709294E+06    1.8905936785E-13
   8370000    1.0518595785E-01    6.3183622626E+07    6.6460298661E+06    1.8905936785E-13
   8380000    1.0470107355E-01    6.3177197601E+07    6.6147204128E+06    1.8905936785E-13
   8390000    1.0421811448E-01    6.3170803875E+07    6.5835420700E+06    1.8905936785E-13
   8400000    1.0373707391E-01    6.3164441570E+07    6.5524943439E+06    1.8905936785E-13
   8410000    1.0325794523E-01    6.3158110802E+07    6.5215767459E+06    1.8905936785E-13
   8420000    1.0278072189E-01    6.3151811678E+07    6.4907887931E+06    2.0796530914E-13
   8430000    1.0225797394E-01    6.3144919367E+07    6.4570715193E+06    2.0796530914E-13
   8440000    1.0173751047E-01    6.3138065521E+07    6.4235096022E+06    2.0796530914E-13
   8450000    1.0121932794E-01    6.3131250308E+07    6.3901027281E+06    2.0796530914E-13
   8460000    1.0070341815E-01    6.3124473825E+07    6.3568502829E+06    2.0796530914E-13
   8470000    1.0018977304E-01    6.3117736158E+07    6.3237516602E+06    2.0796530914E-13
   8480000    9.9678384657E-02    6.3111037381E+07    6.2908062602E+06    2.0796530914E-13
   8490000    9.9169245181E-02    6.3104377558E+07    6.2580134901E+06    2.0796530914E-13
   8500000    9.8662346889E-02    6.3097756743E+07    6.2253727637E+06    2.0796530914E-13
   8510000    9.8157682174E-02    6.3091174979E+07    6.1928835016E+06    2.0796530914E-13
   8520000    9.7655243579E-02    6.3084632303E+07    6.1605451336E+06    2.0796530914E-13
   8530000    9.7155023846E-02    6.3078128747E+07    6.1283571026E+06    2.0796530914E-13
   8540000    9.6657015827E-02    6.3071664335E+07    6.0963188578E+06    2.0796530914E-13
   8550000    9.6161212463E-02    6.3065239080E+07    6.0644298542E+06    2.0796530914E-13
   8560000    9.5667606895E-02    6.3058852977E+07    6.0326895578E+06    2.0796530914E-13
   8570000    9.5176195102E-02    6.3052505743E+07    6.0010975883E+06    2.0796530914E-13
   8580000    9.4686975904E-02    6.3046196818E+07    5.9696537190E+06    2.0796530914E-13
   8590000    9.4199948127E-02    6.3039925636E+07    5.9383577248E+06    2.0796530914E-13
   8600000    9.3715110455E-02    6.3033691642E+07    5.9072093746E+06    2.0796530914E-13
   8610000    9.3232461442E-02    6.3027494289E+07    5.8762084311E+06    2.0796530914E-13
   8620000    9.2751999503E-02    6.3021333041E+07    5.8453546509E+06    2.0796530914E-13
   8630000    9.2273722920E-02    6.3015207369E+07    5.8146477845E+06    2.2876184501E-13
   8640000    9.1750145271E-02    6.3008509661E+07    5.7810399147E+06    2.2876184501E-13
   8650000    9.1229202237E-02    6.3001853632E+07    5.7476088463E+06    2.2876184501E-13
   8660000    9.0710895743E-02    6.2995238677E+07    5.7143545279E+06    2.2876184501E-13
   8670000    9.0195222750E-02    6.2988664140E+07    5.6812765929E+06    2.2876184501E-13
   8680000    8.9682180029E-02    6.2982129381E+07    5.6483746657E+06    2.2876184501E-13
   8690000    8.9171764157E-02    6.2975633768E+07    5.6156483620E+06    2.2876184501E-13
   8700000    8.8663971524E-02    6.2969176684E+07    5.5830972884E+06    2.2876184501E-13
   8710000    8.8158798275E-02    6.2962757523E+07    5.5507210393E+06    2.2876184501E-13
   8720000    8.7656238743E-02    6.2956375738E+07    5.5185191021E+06    2.2876184501E-13
   8730000    8.7156285356E-02    6.2950030845E+07    5.4864908516E+06    2.2876184501E-13
   8740000    8.6658930403E-02    6.2943722369E+07    5.4546356561E+06    2.2876184501E-13
   8750000    8.6164166125E-02    6.2937449843E+07    5.4229528838E+06    2.2876184501E-13
   8760000    8.5671984720E-02    6.2931212809E+07    5.3914419022E+06    2.2876184501E-13
   8770000    8.5182378333E-02    6.2925010815E+07    5.3601020779E+06    2.2876184501E-13
   8780000    8.4695339060E-02    6.2918843419E+07    5.3289327766E+06    2.2876184501E-13
   8790000    8.4210858940E-02    6.2912710184E+07    5.2979333628E+06    2.2876184501E-13
   8800000    8.3728929958E-02    6.2906610682E+07    5.2671031997E+06    2.2876184501E-13
   8810000    8.3249544045E-02    6.2900544494E+07    5.2364416493E+06    2.2876184501E-13
   8820000    8.2772693070E-02    6.2894511206E+07    5.2059480719E+06    2.5163803497E-13
   8830000    8.2251079779E-02    6.2887912165E+07    5.1725986806E+06    2.5163803497E-13
   8840000    8.1732508121E-02    6.2881351852E+07    5.1394506009E+06    2.5163803497E-13
   8850000    8.1216971783E-02    6.2874829810E+07    5.1065032785E+06    2.5163803497E-13
   8860000    8.0704459609E-02    6.2868345529E+07    5.0737558525E+06    2.5163803497E-13
   8870000    8.0194960355E-02    6.2861898512E+07    5.0412074590E+06    2.5163803497E-13
   8880000    7.9688462687E-02    6.2855488271E+07    5.0088572318E+06    2.5163803497E-13
   8890000    7.9184955184E-02    6.2849114329E+07    4.9767043015E+06    2.5163803497E-13
   8900000    7.8684426337E-02    6.2842776217E+07    4.9447477961E+06    2.5163803497E-13
   8910000    7.8186864550E-02    6.2836473479E+07    4.9129868407E+06    2.5163803497E-13
   8920000    7.7692258141E-02    6.2830205666E+07    4.8814205577E+06    2.5163803497E-13
   8930000    7.7200595342E-02    6.2823972340E+07    4.8500480664E+06    2.5163803497E-13
   8940000    7.6711864302E-02    6.2817773073E+07    4.8188684838E+06    2.5163803497E-13
   8950000    7.6226053089E-02    6.2811607445E+07    4.7878809237E+06    2.5163803497E-13
   8960000    7.5743149687E-02    6.2805475045E+07    4.7570844975E+06    2.5163803497E-13
   8970000    7.5263142003E-02    6.2799375473E+07    4.7264783139E+06    2.5163803497E-13
   8980000    7.4786017867E-02    6.2793308336E+07    4.6960614791E+06    2.5163803497E-13
   8990000    7.4311765033E-02    6.2787273250E+07    4.6658330968E+06    2.7680184446E-13
   9000000    7.3793393231E-02    6.2780671288E+07    4.6327987636E+06    2.7680184446E-13
   9010000    7.3278459571E-02    6.2774107107E+07    4.5999898698E+06    2.7680184446E-13
   9020000    7.2766952185E-02    6.2767580294E+07    4.5674055140E+06    2.7680184446E-13
   9030000    7.2258854377E-02    6.2761090383E+07    4.5350444906E+06    2.7680184446E-13
   9040000    7.1754149360E-02    6.2754636926E+07    4.5029055910E+06    2.7680184446E-13
   9050000    7.1252820255E-02    6.2748219480E+07    4.4709876040E+06    2.7680184446E-13
   9060000    7.0754850100E-02    6.2741837618E+07    4.4392893157E+06    2.7680184446E-13
   9070000    7.0260221848E-02    6.2735490922E+07    4.4078095099E+06    2.7680184446E-13
   9080000    6.9768918376E-02    6.2729178985E+07    4.3765469684E+06    2.7680184446E-13
   9090000    6.9280922488E-02    6.2722901410E+07    4.3455004708E+06    2.7680184446E-13
   9100000    6.8796216918E-02    6.2716657811E+07    4.3146687951E+06    2.7680184446E-13
   9110000    6.8314784332E-02    6.2710447812E+07    4.2840507176E+06    2.7680184446E-13
   9120000    6.7836607339E-02    6.2704271046E+07    4.2536450134E+06    2.7680184446E-13
   9130000    6.7361668486E-02    6.2698127158E+07    4.2234504563E+06    2.7680184446E-13
   9140000    6.6889950272E-02    6.2692015799E+07    4.1934658192E+06    3.0448203551E-13
   9150000    6.6374763756E-02    6.2685330533E+07    4.1607240051E+06    3.0448203551E-13
   9160000    6.5863424847E-02    6.2678683720E+07    4.1282327747E+06    3.0448203551E-13
   9170000    6.5355914760E-02    6.2672074996E+07    4.0959907912E+06    3.0448203551E-13
   9180000    6.4852209958E-02    6.2665503949E+07    4.0639964192E+06    3.0448203551E-13
   9190000    6.4352286857E-02    6.2658970178E+07    4.0322480231E+06    3.0448203551E-13
   9200000    6.3856121834E-02    6.2652473295E+07    4.0007439679E+06    3.0448203551E-13
   9210000    6.3363691229E-02    6.2646012921E+07    3.9694826195E+06    3.0448203551E-13
   9220000    6.2874971357E-02    6.2639588692E+07    3.9384623448E+06    3.0448203551E-13
   9230000    6.2389938510E-02    6.2633200252E+07    3.9076815124E+06    3.0448203551E-13
   9240000    6.1908568965E-02    6.2626847254E+07    3.8771384923E+06    3.0448203551E-13
   9250000    6.1430838988E-02    6.2620529365E+07    3.8468316568E+06    3.0448203551E-13
   9260000    6.0956724840E-02    6.2614246260E+07    3.8167593803E+06    3.0448203551E-13
   9270000    6.0486202785E-02    6.2607997622E+07    3.7869200402E+06    3.0448203551E-13
   9280000    6.0019249093E-02    6.2601783146E+07    3.7573120163E+06    3.3493024632E-13
   9290000    5.9509697762E-02    6.2594986386E+07    3.7250087212E+06    3.3493024632E-13
   9300000    5.9004399255E-02    6.2588230156E+07    3.6929809208E+06    3.3493024632E-13
   9310000    5.8503326713E-02    6.2581514147E+07    3.6612267683E+06    3.3493024632E-13
   9320000    5.8006448664E-02    6.2574837999E+07    3.6297441281E+06    3.3493024632E-13
   9330000    5.7513733688E-02    6.2568201365E+07    3.5985308706E+06    3.3493024632E-13
   9340000    5.7025150418E-02    6.2561603908E+07    3.5675848732E+06    3.3493024632E-13
   9350000    5.6540667552E-02    6.2555045301E+07    3.5369040201E+06    3.3493024632E-13
   9360000    5.6060253860E-02    6.2548525227E+07    3.5064862028E+06    3.3493024632E-13
   9370000    5.5583878186E-02    6.2542043382E+07    3.4763293209E+06    3.3493024632E-13
   9380000    5.5111509461E-02    6.2535599468E+07    3.4464312817E+06    3.3493024632E-13
   9390000    5.4643116702E-02    6.2529193197E+07    3.4167900012E+06    3.3493024632E-13
   9400000    5.4178669025E-02    6.2522824292E+07    3.3874034038E+06    3.6842327894E-13
   9410000    5.3672300959E-02    6.2515861392E+07    3.3553701273E+06    3.6842327894E-13
   9420000    5.3170623750E-02    6.2508942965E+07    3.3236394874E+06    3.6842327894E-13
   9430000    5.2673601365E-02    6.2502068737E+07    3.2922090531E+06    3.6842327894E-13
   9440000    5.2181193321E-02    6.2495238382E+07    3.2610761156E+06    3.6842327894E-13
   9450000    5.1693359316E-02    6.2488451584E+07    3.2302379808E+06    3.6842327894E-13
   9460000    5.1210059238E-02    6.2481708037E+07    3.1996919698E+06    3.6842327894E-13
   9470000    5.0731253168E-02    6.2475007445E+07    3.1694354194E+06    3.6842327894E-13
   9480000    5.0256901393E-02    6.2468349521E+07    3.1394656821E+06    3.6842327894E-13
   9490000    4.9786964407E-02    6.2461733986E+07    3.1097801268E+06    3.6842327894E-13
   9500000    4.9321402921E-02    6.2455160570E+07    3.0803761390E+06    3.6842327894E-13
   9510000    4.8860177863E-02    6.2448629011E+07    3.0512511207E+06    4.0526561561E-13
   9520000    4.8357797028E-02    6.2441492399E+07    3.0195330156E+06    4.0526561561E-13
   9530000    4.7860560308E-02    6.2434405731E+07    2.9881456408E+06    4.0526561561E-13
   9540000    4.7368421262E-02    6.2427368750E+07    2.9570859012E+06    4.0526561561E-13
   9550000    4.6881329209E-02    6.2420381148E+07    2.9263504379E+06    4.0526561561E-13
   9560000    4.6399233828E-02    6.2413442621E+07    2.8959359182E+06    4.0526561561E-13
   9570000    4.5922085164E-02    6.2406552877E+07    2.8658390360E+06    4.0526561561E-13
   9580000    4.5449833631E-02    6.2399711630E+07    2.8360565122E+06    4.0526561561E-13
   9590000    4.4982430020E-02    6.2392918602E+07    2.8065850947E+06    4.0526561561E-13
   9600000    4.4519825501E-02    6.2386173520E+07    2.7774215588E+06    4.0526561561E-13
   9610000    4.4061971628E-02    6.2379476120E+07    2.7485627070E+06    4.4579218684E-13
   9620000    4.3563766486E-02    6.2372163810E+07    2.7171663795E+06    4.4579218684E-13
   9630000    4.3071183516E-02    6.2364908479E+07    2.6861304180E+06    4.4579218684E-13
   9640000    4.2584164434E-02    6.2357709863E+07    2.6554509705E+06    4.4579218684E-13
   9650000    4.2102646983E-02    6.2350567642E+07    2.6251239386E+06    4.4579218684E-13
   9660000    4.1626569491E-02    6.2343481499E+07    2.5951452650E+06    4.4579218684E-13
   9670000    4.1155870877E-02    6.2336451126E+07    2.5655109335E+06    4.4579218684E-13
   9680000    4.0690490648E-02    6.2329476220E+07    2.5362169692E+06    4.4579218684E-13
   9690000    4.0230368903E-02    6.2322556481E+07    2.5072594382E+06    4.4579218684E-13
   9700000    3.9775446337E-02    6.2315691617E+07    2.4786344479E+06    4.9037141615E-13
   9710000    3.9280970939E-02    6.2308203368E+07    2.4475267258E+06    4.9037141615E-13
   9720000    3.8792633685E-02    6.2300780720E+07    2.4168113648E+06    4.9037141615E-13
   9730000    3.8310362658E-02    6.2293423367E+07    2.3864836404E+06    4.9037141615E-13
   9740000    3.7834082286E-02    6.2286130940E+07    2.3565386033E+06    4.9037141615E-13
   9750000    3.7363717867E-02    6.2278903072E+07    2.3269713635E+06    4.9037141615E-13
   9760000    3.6899195566E-02    6.2271739404E+07    2.2977770905E+06    4.9037141615E-13
   9770000    3.6440442412E-02    6.2264639576E+07    2.2689510128E+06    4.9037141615E-13
   9780000    3.5987386294E-02    6.2257603234E+07    2.2404884173E+06    5.3940856946E-13
   9790000    3.5495524023E-02    6.2249936232E+07    2.2095941070E+06    5.3940856946E-13
   9800000    3.5010370823E-02    6.2242345084E+07    2.1791275823E+06    5.3940856946E-13
   9810000    3.4531838791E-02    6.2234829396E+07    2.1490830959E+06    5.3940856946E-13
   9820000    3.4059836756E-02    6.2227388708E+07    2.1194547012E+06    5.3940856946E-13
   9830000    3.3594274772E-02    6.2220022558E+07    2.0902365341E+06    5.3940856946E-13
   9840000    3.3135064105E-02    6.2212730488E+07    2.0614228129E+06    5.3940856946E-13
   9850000    3.2682117229E-02    6.2205512041E+07    2.0330078368E+06    5.9334943926E-13
   9860000    3.2191011726E-02    6.2197656308E+07    2.0022054835E+06    5.9334943926E-13
   9870000    3.1707263219E-02    6.2189888424E+07    1.9718711619E+06    5.9334943926E-13
   9880000    3.1230764667E-02    6.2182207855E+07    1.9419979000E+06    5.9334943926E-13
   9890000    3.0761406222E-02    6.2174613992E+07    1.9125785577E+06    5.9334943926E-13
   9900000    3.0299079713E-02    6.2167106225E+07    1.8836061070E+06    5.9334943926E-13
   9910000    2.9843678625E-02    6.2159683946E+07    1.8550736311E+06    6.5268439734E-13
   9920000    2.9350615559E-02    6.2151617517E+07    1.8241882321E+06    6.5268439734E-13
   9930000    2.8865663526E-02    6.2143652900E+07    1.7938177748E+06    6.5268439734E-13
   9940000    2.8388692035E-02    6.2135789348E+07    1.7639537882E+06    6.5268439734E-13
   9950000    2.7919568373E-02    6.2128026042E+07    1.7345876710E+06    6.5268439734E-13
   9960000    2.7458162087E-02    6.2120362160E+07    1.7057109731E+06    6.5268439734E-13
   9970000    2.7004344950E-02    6.2112796874E+07    1.6773153926E+06    7.1795285263E-13
   9980000    2.6513765575E-02    6.2104588024E+07    1.6466264880E+06    7.1795285263E-13
   9990000    2.6032047376E-02    6.2096496292E+07    1.6164989333E+06    7.1795285263E-13
  10000000    2.5559033213E-02    6.2088520641E+07    1.5869225612E+06    7.1795285263E-13
  10010000    2.5094564521E-02    6.2080659957E+07    1.5578871268E+06    7.1795285263E-13
  10020000    2.4638486815E-02    6.2072913157E+07    1.5293826524E+06    7.8974815501E-13
  10030000    2.4146317943E-02    6.2064522030E+07    1.4986296820E+06    7.8974815501E-13
  10040000    2.3663919397E-02    6.2056265941E+07    1.4684944753E+06    7.8974815501E-13
  10050000    2.3191102969E-02    6.2048143540E+07    1.4389648859E+06    7.8974815501E-13
  10060000    2.2727679522E-02    6.2040153387E+07    1.4100287237E+06    7.8974815501E-13
  10070000    2.2273463448E-02    6.2032294032E+07    1.3816740337E+06    8.6872298934E-13
  10080000    2.1784247360E-02    6.2023798148E+07    1.3511417611E+06    8.6872298934E-13
  10090000    2.1305709817E-02    6.2015456730E+07    1.3212833252E+06    8.6872298934E-13
  10100000    2.0837622703E-02    6.2007267888E+07    1.2920840531E+06    8.6872298934E-13
  10110000    2.0379758324E-02    6.1999229646E+07    1.2635293165E+06    9.5559530899E-13
  10120000    1.9887653299E-02    6.1990559228E+07    1.2328467497E+06    9.5559530899E-13
  10130000    1.9407353794E-02    6.1982065895E+07    1.2029078817E+06    9.5559530899E-13
  10140000    1.8938581288E-02    6.1973747064E+07    1.1736948465E+06    9.5559530899E-13
  10150000    1.8481059486E-02    6.1965600062E+07    1.1451899408E+06    1.0511548627E-12
  10160000    1.7990462736E-02    6.1956833707E+07    1.1146321080E+06    1.0511548627E-12
  10170000    1.7512798781E-02    6.1948268383E+07    1.0848875590E+06    1.0511548627E-12
  10180000    1.7047731542E-02    6.1939900604E+07    1.0559347972E+06    1.0511548627E-12
  10190000    1.6594929467E-02    6.1931726812E+07    1.0277526382E+06    1.1562703740E-12
  10200000    1.6110632794E-02    6.1922955531E+07    9.9761799807E+05    1.1562703740E-12
  10210000    1.5640364640E-02    6.1914409880E+07    9.6836394699E+05    1.1562703740E-12
  10220000    1.5183724141E-02    6.1906085248E+07    9.3996492106E+05    1.2718974390E-12
  10230000    1.4696694547E-02    6.1897177941E+07    9.0968391750E+05    1.2718974390E-12
  10240000    1.4225166424E-02    6.1888526177E+07    8.8037458457E+05    1.2718974390E-12
  10250000    1.3768652918E-02    6.1880123925E+07    8.5200594887E+05    1.3990872132E-12
  10260000    1.3283267019E-02    6.1871162495E+07    8.2185117221E+05    1.3990872132E-12
  10270000    1.2814857394E-02    6.1862487612E+07    7.9275895679E+05    1.5389959679E-12
  10280000    1.2318520007E-02    6.1853267007E+07    7.6194070714E+05    1.5389959679E-12
  10290000    1.1841254086E-02    6.1844373341E+07    7.3231493854E+05    1.5389959679E-12
  10300000    1.1382336454E-02    6.1835796582E+07    7.0383584160E+05    1.6928956013E-12
  10310000    1.0897889030E-02    6.1826716407E+07    6.7378069449E+05    1.6928956013E-12
  10320000    1.0433898061E-02    6.1817994652E+07    6.4500265453E+05    1.8621852018E-12
  10330000    9.9461232044E-03    6.1808799790E+07    6.1475793783E+05    1.8621852018E-12
  10340000    9.4809754317E-03    6.1800006937E+07    5.8592434744E+05    2.0484037664E-12
  10350000    8.9942162790E-03    6.1790780294E+07    5.5575964201E+05    2.0484037664E-12
  10360000    8.5322586590E-03    6.1782000410E+07    5.2714000797E+05    2.2532441919E-12
  10370000    8.0512647882E-03    6.1772835250E+07    4.9734945332E+05    2.2532441919E-12
  10380000    7.5971838723E-03    6.1764161568E+07    4.6923369215E+05    2.4785686648E-12
  10390000    7.1270092167E-03    6.1755159275E+07    4.4012958933E+05    2.7264255904E-12
  10400000    6.6431201359E-03    6.1745872546E+07    4.1018524922E+05    2.9990682144E-12
  10410000    6.1484450928E-03    6.1736356602E+07    3.7958259880E+05    2.9990682144E-12
  10420000    5.6903626789E-03    6.1727525158E+07    3.5125200542E+05    3.2989751074E-12
  10430000    5.2255528620E-03    6.1718545487E+07    3.2251352201E+05    3.6288726968E-12
  10440000    4.7577395974E-03    6.1709489488E+07    2.9359768167E+05    3.9917600530E-12
  10450000    4.2911107908E-03    6.1700438647E+07    2.6476341808E+05    4.3909361534E-12
  10460000    3.8302429237E-03    6.1691482611E+07    2.3629336473E+05    4.8300298735E-12
  10470000    3.3799950561E-03    6.1682717144E+07    2.0848727899E+05    5.3130329760E-12
  10480000    2.9453663123E-03    6.1674241313E+07    1.8165323270E+05    5.8443364002E-12
  10490000    2.5313183231E-03    6.1666153963E+07    1.5609666544E+05    6.4287701796E-12
  10500000    2.1425680994E-03    6.1658549566E+07    1.3210764136E+05    7.0716473508E-12
  10510000    1.7833615451E-03    6.1651513652E+07    1.0994693864E+05    7.7788122545E-12
  10520000    1.4572428186E-03    6.1645118144E+07    8.9831905715E+04    8.5566936654E-12
  10530000    1.1668392697E-03    6.1639416973E+07    7.1923292287E+04    9.4123632360E-12
  10540000    9.1368473993E-04    6.1634442466E+07    5.6314449535E+04    1.0353599784E-11
